1.000000000000000000e+00 2.701590561436359450e-02 7.276993653905915183e-02 1.028033115718970797e-01 8.052879363622525433e-02 -7.584856817781479750e-03 2.322945582815014176e-02 6.992339408792917765e-02 1.158541548088148354e-01 4.573231334108626006e-02 4.471788836771523751e-02 3.909656849081093177e-02 3.268319991743522807e-02 1.490704432108195567e-02 8.816581910819420304e-03 3.123566582691482060e-02 7.445900598549938521e-02 4.459200800980134966e-02 3.674731192513967792e-02 9.659507901001578023e-02 6.689580188759962354e-02 3.708586830633638781e-02 3.457875124970827274e-02 5.213498938899027019e-02 4.209439875693943983e-02 2.384607088115677301e-02 3.643349792002983922e-02 3.026479104939929898e-03 5.000106038651625645e-02 5.173868097825427143e-02 3.622353446657693848e-02 2.610131386248197224e-02 1.788859912039652417e-02 4.941106617686953639e-02 4.502117472717361707e-02 5.924252673135741581e-02 2.828394386495352783e-02 -1.461004268038410686e-02 2.927884433477223602e-02 -3.657737041701025760e-02 -6.529908915397079384e-03 -1.240031961376297440e-02 1.458346594217086942e-02 2.789648884936194589e-02 1.229040039657751729e-02 -6.101583855991618349e-04 2.766951008750116649e-03 1.763906205057516607e-02 2.184389266962333265e-02 3.607291048408335643e-02 -1.013374051418906288e-03 7.020508397629658670e-02 3.310086021013897151e-02 1.804518983896829382e-02 8.376285308040713404e-03 -1.357428617601085657e-02 5.482925876757671624e-02 1.548394282593597640e-02 -1.499364504645746450e-02 4.528907248482063469e-02 1.819466786490474622e-02 1.788286514914811526e-02 1.198721675694094761e-02 6.052749803058926625e-02 5.412305517589695303e-02 5.727751047363504461e-02 2.010847856610513407e-02 8.270103146837884736e-03 1.720616174041899454e-02 3.247379873953960827e-02 1.128984128741132922e-02 1.244991089058893226e-02 8.477076686601785899e-03 9.737356663363580175e-03 5.878020365776975842e-03 1.061858035412730807e-02 2.264091976350964246e-03 1.868245340959897097e-02 8.037488450786651681e-03 2.483436148000260635e-02 1.572117735803574626e-02 1.375303152456707964e-02 1.939118780569851555e-02 1.935910295991699268e-02 1.326813213581270155e-02 1.851963984390028045e-02 1.130693387871205269e-02 -4.703960885868323227e-03 8.213618364861282467e-03 7.816137222421181210e-03 -6.910400888106790068e-03 1.439268444661538334e-03 4.402903733526994899e-03 -3.560282517652450454e-05 1.995623256066693212e-03 9.566883698287091328e-03 1.544436291973967992e-02 3.332223938632987437e-02 1.051931405081197625e-02 -2.370508366465567864e-03 7.625136327802192748e-03 1.330662697350045234e-02 1.728703232939820741e-02 1.678527488696770001e-02 3.059387267178383801e-02 3.779666098181300171e-02 1.696170836843775495e-02 7.835388146155598463e-03 5.081015128199300492e-03 9.150681435862829255e-03 -3.472156221692944064e-03 2.748593218944093974e-02 5.605613453994256860e-03 2.825569817410387985e-02 3.110731179915733266e-02 3.858260604657342413e-02
2.701590561436359450e-02 1.000000000000000000e+00 6.424835972364141556e-02 3.660129940786086000e-02 5.599229702596376229e-02 8.967126595824380375e-02 1.091644742044560745e-01 8.817769075330735007e-02 1.381679095050044603e-01 1.591226117277193819e-01 1.345545004806284473e-01 1.226111955880901383e-01 1.164684244643245797e-01 1.221327840618574856e-01 1.457481590240708447e-01 1.278284636783199313e-01 1.384209047184756236e-01 1.019811202432205910e-01 9.462811921079346267e-02 1.131084161420313206e-01 9.678160818904880947e-02 9.872283775762424884e-02 9.403736930825391804e-02 9.386190133419425319e-02 1.083053018949768909e-01 1.385075785669022674e-01 1.333026350444487251e-01 1.293008972730754214e-01 1.228201360716337509e-01 1.286488731162133692e-01 1.446962795720531381e-01 1.268954144901964787e-01 1.073246111430300187e-01 1.200369046335396511e-01 1.380228266660263603e-01 9.824544505657266391e-02 1.223264573623324275e-01 1.375068663789748569e-01 1.276100880466896348e-01 1.029341139989695952e-01 1.543283492439740667e-01 1.396078833641488381e-01 1.198889885371794972e-01 1.351271026421690113e-01 1.371011838245399517e-01 1.406451980753299358e-01 1.503387724621679800e-01 1.636143678349033515e-01 1.556285015658650517e-01 1.346432879401344151e-01 1.377320064258578114e-01 1.408512081695216245e-01 1.539849669432787893e-01 1.658926062795150758e-01 1.536462417990669127e-01 1.452496753500340798e-01 1.497596730895746353e-01 1.525467765675231624e-01 1.493555591210477818e-01 1.574916014304493517e-01 1.440977496649298584e-01 1.476566418920197132e-01 1.436922213577007945e-01 1.482710479146228388e-01 1.471538670042608632e-01 1.646365924239046319e-01 1.539765052825838587e-01 1.421718387264352679e-01 1.445320058875810276e-01 1.387885919665520496e-01 1.374154619064110183e-01 1.413544947851599620e-01 1.336113964194540760e-01 1.337625930174931588e-01 1.479045391036649948e-01 1.486247208769428119e-01 1.474302867934561834e-01 1.489266609919922268e-01 1.487172484999775834e-01 1.418313273352672377e-01 1.469195558584502903e-01 1.518209784999500211e-01 1.401622469602063215e-01 1.452284682643620595e-01 1.419983483666013013e-01 1.408950767468503396e-01 1.384814749167457837e-01 1.461635117463149225e-01 1.422260587897134776e-01 1.495649621226283754e-01 1.351632871412148662e-01 1.454563821728550033e-01 1.440693662321413382e-01 1.478127413520881617e-01 1.528108642654629479e-01 1.557507212876515501e-01 1.393452388329176617e-01 1.450546399853628876e-01 1.481530408914487063e-01 1.401894229844602435e-01 1.379507974811590987e-01 1.458791806433321903e-01 1.545317773738915934e-01 1.445058164906903864e-01 1.469626667481588878e-01 1.515240098911921074e-01 1.568009149712332739e-01 1.566924464349716273e-01 1.544845911496934843e-01 1.577733992105948557e-01 1.506749346702832559e-01 1.582233142626962574e-01 1.525434793854986426e-01 1.476773691944191502e-01 1.509010235882310147e-01 1.589917608888638256e-01
7.276993653905915183e-02 6.424835972364141556e-02 1.000000000000000000e+00 3.701059376752076635e-01 2.289256057255490695e-01 2.411672290025221599e-01 3.843076683714979347e-01 3.323284807574516386e-01 3.563528086793862903e-01 2.730426714382874209e-01 3.962731128470148301e-01 4.051141049331603572e-01 3.559562594902273003e-01 3.403059783347988643e-01 3.965415944279537253e-01 3.866934944376343442e-01 3.770632773332417420e-01 3.909728258300008141e-01 3.948192903825998301e-01 3.302820870948287024e-01 3.908583959503340033e-01 3.907631619361299768e-01 3.794570349294528189e-01 3.845093752907507434e-01 3.993233013341324078e-01 3.830851640996392193e-01 3.721057163521210298e-01 3.726985507022449462e-01 3.697245776536122186e-01 3.874309362292203684e-01 4.033420744404132563e-01 3.850054371428330846e-01 3.906902761387508471e-01 4.027223806121504324e-01 3.857334720839196152e-01 3.973175424954560331e-01 3.932666303196345470e-01 3.812593032416566885e-01 4.118864083542062016e-01 3.987838990162058672e-01 3.713588167090183800e-01 3.919439016417100574e-01 4.012215464529240716e-01 4.013310100504033917e-01 4.080952627855713444e-01 3.891761045478824288e-01 3.822747508154272222e-01 3.861370053627770083e-01 3.882547322949091440e-01 3.799329960916469906e-01 3.846218873293406060e-01 4.070802241297814539e-01 3.864678428334545890e-01 3.872719686036071862e-01 3.962578832708704701e-01 3.909912808697356690e-01 4.025621397695127723e-01 3.963641938771048090e-01 3.825223610008052777e-01 3.954172321329153528e-01 3.984551064935321074e-01 3.963845595662923715e-01 3.933792314548161806e-01 3.868821255571500695e-01 3.934988931146929936e-01 3.949897840416740635e-01 3.879112820741884571e-01 4.029497321030509616e-01 3.919754551296255052e-01 3.924671225960882359e-01 4.032765111867598340e-01 4.012098447786940913e-01 3.964480449835288689e-01 4.029296377178725463e-01 3.924859437279841767e-01 3.895383272163606136e-01 3.838989125724093787e-01 3.876795310922887539e-01 3.878760776218152517e-01 3.928880283816371111e-01 4.021246476352530741e-01 3.965181301186689322e-01 4.051341050779646569e-01 3.918691471541573823e-01 3.878684848658596751e-01 4.023507894799016049e-01 4.024811202638274299e-01 3.901530128897045535e-01 3.979402802828264640e-01 3.938794729813415718e-01 3.942655086478151771e-01 3.933882605905441032e-01 3.964802804666457958e-01 3.903694437455073607e-01 3.884791751560774942e-01 3.908082921598101667e-01 3.958764345103449878e-01 3.951677258575093665e-01 3.935339094136166005e-01 3.917122687803369363e-01 4.003401372379626344e-01 3.953346457431797245e-01 3.919764221679986060e-01 3.965895459071624995e-01 4.017289916165081576e-01 3.939431419498636844e-01 3.901281689647400075e-01 3.861813831146205800e-01 3.918136059573993357e-01 3.897062706997945769e-01 3.908892484489319696e-01 3.903343097341107071e-01 3.940516064031507337e-01 3.971372834172322563e-01 3.931999971294848351e-01 3.910917552657101615e-01
1.028033115718970797e-01 3.660129940786086000e-02 3.701059376752076635e-01 1.000000000000000000e+00 3.550751300807266087e-01 3.647119901199086800e-01 5.732361625121371596e-01 5.372857623963048779e-01 5.565967948678456345e-01 4.712488194323043444e-01 5.986765765235888548e-01 6.295261116703544380e-01 5.623327273912936963e-01 5.330772734901721988e-01 6.062395841775640726e-01 6.158142003222504268e-01 5.705507283994706302e-01 5.555828398146527292e-01 5.760098442941243846e-01 4.949796863499596467e-01 5.792128428652666416e-01 5.748659839948833117e-01 5.553756400185977382e-01 5.527111209903313727e-01 5.843880506758528659e-01 5.918237797314811477e-01 5.647171030379557477e-01 5.695439294507608219e-01 5.652716039795460112e-01 5.742136910725186283e-01 6.112476342922218420e-01 5.745839694611881709e-01 5.725622698655145060e-01 5.927421999287246779e-01 5.745847091527778172e-01 5.951507465356726811e-01 5.903987560315404615e-01 5.799531825913355476e-01 6.261435999620617032e-01 5.937527182807408321e-01 5.737613697146461966e-01 6.036757879823744233e-01 6.260250774192755996e-01 6.204722298482795440e-01 6.172796338348152112e-01 6.009199135827600902e-01 5.925668036938864791e-01 5.911844946344536611e-01 5.945991406454457229e-01 5.793124562582733228e-01 5.903874327212174089e-01 6.187733029569714160e-01 6.025204588622322666e-01 5.923795119557445643e-01 5.963068701492529877e-01 5.935724412241942805e-01 6.148316559792970093e-01 5.959278311124099892e-01 5.792248090663477678e-01 6.095776946445463640e-01 6.105719876940409740e-01 6.069346397659527437e-01 6.015181350733216359e-01 6.084667928910035828e-01 6.085587931817301177e-01 6.074348616664001499e-01 5.974324477965130553e-01 6.092486336702189753e-01 5.962412734490480926e-01 6.032847037972334236e-01 6.086334674725732974e-01 6.046710739152276748e-01 5.922915974576334897e-01 6.043882697542277693e-01 6.028724809457390865e-01 6.018824018890807093e-01 5.949494471842834420e-01 5.928776317766667470e-01 5.962726116782303132e-01 6.003505578436032497e-01 6.033426709878618732e-01 6.049896019129108460e-01 6.105746903422859528e-01 5.971994262495655681e-01 5.964458485249649611e-01 6.073105921813003460e-01 6.093530111142863026e-01 5.983424237919768851e-01 6.091991289839681079e-01 6.001697913811453455e-01 6.046323581258485902e-01 6.072339115293842182e-01 6.087728123339002373e-01 6.023203716599521140e-01 5.996027447390822607e-01 6.003823843379151315e-01 6.063933114038461136e-01 6.043862593411581940e-01 6.051512097096162224e-01 6.050088624038293394e-01 6.204985381277586809e-01 6.052456417437810376e-01 6.043986080472454336e-01 6.141876312754637190e-01 6.161189429536474416e-01 6.041823658016839405e-01 5.998432388394289161e-01 5.972968070852470168e-01 5.996173935553873457e-01 5.974261042406809885e-01 5.965432561625299002e-01 6.067711367463365368e-01 6.047974620204961127e-01 6.133658242790155368e-01 6.080990664210349506e-01 6.055783930159714945e-01
8.052879363622525433e-02 5.599229702596376229e-02 2.289256057255490695e-01 3.550751300807266087e-01 1.000000000000000000e+00 2.937663752759629432e-01 4.585348786621090689e-01 4.452733398159631761e-01 4.483846305287439438e-01 4.165254675155836694e-01 4.571027850307164409e-01 4.836440547799064071e-01 4.979275659245741559e-01 4.204125987267607889e-01 4.713900860952368044e-01 4.970070981149799505e-01 4.340037312445659268e-01 4.641337963043295489e-01 4.584384403935966024e-01 4.622282277877519108e-01 4.811154742538082396e-01 4.618177158618938516e-01 4.592582682029801577e-01 4.735663250732901619e-01 4.670044560665418953e-01 4.842833903785057625e-01 4.666044723672043704e-01 4.544921961358707740e-01 4.819386786442680926e-01 4.872019784293900591e-01 5.037977463921964327e-01 4.734116569300896860e-01 4.514989306132845548e-01 4.723868828444830470e-01 4.755319475727544098e-01 4.552058530630876398e-01 4.666478257367248084e-01 4.656952234639601951e-01 4.901984860596563243e-01 4.639680095411267136e-01 4.755279914109588613e-01 4.805058042103667604e-01 5.026268546100657320e-01 5.071582570346746532e-01 4.853099281289882660e-01 4.933019021016724626e-01 4.887201477518125503e-01 4.886139691001320506e-01 4.741807638081683707e-01 4.600900418452802954e-01 4.624326338922981616e-01 4.837974709427604880e-01 4.815105730441774368e-01 4.778788532712084369e-01 4.812171570527434272e-01 4.828279585340150004e-01 4.815152796956644887e-01 4.839688057110781427e-01 4.634094678422315816e-01 4.996920145766304278e-01 4.884574962660517272e-01 4.912767958607040519e-01 4.827151325018839700e-01 4.894329376220069028e-01 4.910264542914816732e-01 4.886181295218269272e-01 4.888647516780711411e-01 4.945178917249753447e-01 5.001688889613707945e-01 5.092528914303749987e-01 4.938714476465267955e-01 4.920884588410047722e-01 4.915760694469943903e-01 4.939244631524753459e-01 4.943910838625018567e-01 4.884445312531455197e-01 4.875605806526250863e-01 4.927769058089088161e-01 4.944275405221160158e-01 5.017768313541515202e-01 4.896085377059069543e-01 4.936287734486625722e-01 4.847053258353157812e-01 4.893819900357663233e-01 4.870124109254426181e-01 4.890526823600177542e-01 4.859707360519275876e-01 4.855982890920400030e-01 4.882773892620250744e-01 4.861661460376515143e-01 4.820206399666590591e-01 4.910483973081215536e-01 4.893554109858747614e-01 4.909182608361372657e-01 4.858684693758520967e-01 4.910521486412545711e-01 4.829448794808788303e-01 4.802268062811467786e-01 4.874450871176544409e-01 4.867379978360854564e-01 5.008516080928332448e-01 4.834938581089203713e-01 4.853159065581398868e-01 4.978116025886625273e-01 4.906549410770770225e-01 4.849684859388709857e-01 4.849604021663412312e-01 4.890280458214957826e-01 4.913605036222837286e-01 4.850822450644654005e-01 4.846718727151695383e-01 4.980154598053320725e-01 4.896169466470228770e-01 4.947976202432367576e-01 4.866194030581783569e-01 4.899644247813997877e-01
-7.584856817781479750e-03 8.967126595824380375e-02 2.411672290025221599e-01 3.647119901199086800e-01 2.937663752759629432e-01 1.000000000000000000e+00 4.999850082920545002e-01 4.281945468519250397e-01 4.974175940989004063e-01 4.676852202774576805e-01 5.048337814270987822e-01 5.416761042282264293e-01 4.908323619052404330e-01 5.011378411670589506e-01 5.451018159808136421e-01 5.328663898341652327e-01 4.973225424706405051e-01 5.107931730532997427e-01 5.143877225434648759e-01 4.379259481039849966e-01 4.923968610243110722e-01 5.208942936748254260e-01 4.870426016090096399e-01 5.015166750808298657e-01 5.165514741417365219e-01 5.370586349883084143e-01 5.305893317666648956e-01 5.327243137180079913e-01 5.101614862967719377e-01 5.310429643130085697e-01 5.564835220492907464e-01 5.327281485738011302e-01 5.108385425745952668e-01 5.227890599353135492e-01 5.310442446572714026e-01 4.868176408319336845e-01 5.107596663957115757e-01 5.463268799940100839e-01 5.466791121878410431e-01 5.273373326478582035e-01 5.501673352792453286e-01 5.516794949817828142e-01 5.385987880667612027e-01 5.567316170759731841e-01 5.541153626950244826e-01 5.560539758661766641e-01 5.641353366285626336e-01 5.633396057275713575e-01 5.509090922769015464e-01 5.245358602978607010e-01 5.441251761524997788e-01 5.409732474808012226e-01 5.531184052268751650e-01 5.530026228292136414e-01 5.495842693334082041e-01 5.583261892793793812e-01 5.398451230419395452e-01 5.572608749258916028e-01 5.519578418679597087e-01 5.608233958913392270e-01 5.569479378539027303e-01 5.571095764386999605e-01 5.458801439724767501e-01 5.458943498827180107e-01 5.565849485161765697e-01 5.549757220787407963e-01 5.640991454392746407e-01 5.651653088126266100e-01 5.613677221626013347e-01 5.598001012383915231e-01 5.626556989891611238e-01 5.656271210749874712e-01 5.612646994128400735e-01 5.622035133656883010e-01 5.667398297445831457e-01 5.651007310997435695e-01 5.630876776275807183e-01 5.610953037139267963e-01 5.617670145603639309e-01 5.547362967909227338e-01 5.622267187897624918e-01 5.631076400098165013e-01 5.565372395093518554e-01 5.591954682223719830e-01 5.562101085445981807e-01 5.600625659980587034e-01 5.571101558554228950e-01 5.647623266297759903e-01 5.591246216010661296e-01 5.595522963655864546e-01 5.590241197020067165e-01 5.668051771183554299e-01 5.654548594311227250e-01 5.667276711761695118e-01 5.677790212992367413e-01 5.661620309013426500e-01 5.520951849888618979e-01 5.457445320840849101e-01 5.595356645284772501e-01 5.618038304717444253e-01 5.646134805633248321e-01 5.572014154500211092e-01 5.608693138067806228e-01 5.667648742206812251e-01 5.626656983922541100e-01 5.510668936826293995e-01 5.612028394456970437e-01 5.640797709084515166e-01 5.641522329664615532e-01 5.635612397972394882e-01 5.604856141306987505e-01 5.643300500491399418e-01 5.620766054338706130e-01 5.610458506800344303e-01 5.610269539773775627e-01 5.614628846048214106e-01
2.322945582815014176e-02 1.091644742044560745e-01 3.843076683714979347e-01 5.732361625121371596e-01 4.585348786621090689e-01 4.999850082920545002e-01 1.000000000000000000e+00 6.653212695655092990e-01 7.282756617398761234e-01 6.760985237067625997e-01 7.569608173229873671e-01 8.038735411108109963e-01 7.448805165494301050e-01 7.330837167541944810e-01 8.263379402314163791e-01 8.022489800342279542e-01 7.098768438909047740e-01 7.555291556140080189e-01 7.568893368776619113e-01 7.002685015952092584e-01 7.438910529511492120e-01 7.511162476964324819e-01 7.445129297763697362e-01 7.352603094860350463e-01 7.564892119987852714e-01 8.105352850107674367e-01 7.945875819978213128e-01 7.903193141247338849e-01 7.905547659112592829e-01 8.043402897804109442e-01 8.363589247413251160e-01 7.752902848725228280e-01 7.617869479671284250e-01 7.724707613550169105e-01 7.875686416965373970e-01 7.344033016775428635e-01 7.807248573338875230e-01 7.912467312756314985e-01 8.169417907569145321e-01 8.005928916798554784e-01 8.021087508238392561e-01 8.158140299866216694e-01 8.084292334488355491e-01 8.307693957669886053e-01 8.159988971768628030e-01 8.319636897080225912e-01 8.223694451388322557e-01 8.185865218280271582e-01 8.063990391574296090e-01 7.615755330212941043e-01 7.903602055446662389e-01 7.982660140880601940e-01 8.105652248628900658e-01 8.094462032227474069e-01 8.154746666913550435e-01 8.243735868448244242e-01 8.009575449340011755e-01 8.238684628395757104e-01 8.063189328207314155e-01 8.254827962182390566e-01 8.178750683256683640e-01 8.223462838418430509e-01 8.089191514680876827e-01 7.985613554211014042e-01 8.109245252523960001e-01 8.129882541565784937e-01 8.213811644820401270e-01 8.305711844241226993e-01 8.249196724732892338e-01 8.289403335678521278e-01 8.219123247389538145e-01 8.280568695912472466e-01 8.174150204070270709e-01 8.187099470614718211e-01 8.338587173855616097e-01 8.281072090650323236e-01 8.294419712187525162e-01 8.261927430957443086e-01 8.295906320538588563e-01 8.246250094711227163e-01 8.278447740920753528e-01 8.331673575911274776e-01 8.183665108023977508e-01 8.236997686025403498e-01 8.128299916504878597e-01 8.200270097098643074e-01 8.233798519241543046e-01 8.264949265536891687e-01 8.256484459337543047e-01 8.268885480678700439e-01 8.260488658080257229e-01 8.333411877886298669e-01 8.298456088610860482e-01 8.331188564662970197e-01 8.266917054381780483e-01 8.270520790668645095e-01 8.104926302892718759e-01 8.042581902388518111e-01 8.210306312612660751e-01 8.247631877813623724e-01 8.314883711004120714e-01 8.193607885638559685e-01 8.221181665515280290e-01 8.312297293475736648e-01 8.250166329721814185e-01 8.092422483979401227e-01 8.181513754356312118e-01 8.251154663907843689e-01 8.283952625627994948e-01 8.254125044185839366e-01 8.255832650128075434e-01 8.276041692335627253e-01 8.257003719504293349e-01 8.214727679269094862e-01 8.218772976221817572e-01 8.186320603285575093e-01
6.992339408792917765e-02 8.817769075330735007e-02 3.323284807574516386e-01 5.372857623963048779e-01 4.452733398159631761e-01 4.281945468519250397e-01 6.653212695655092990e-01 1.000000000000000000e+00 6.838421884667643669e-01 6.304230755577494572e-01 6.932578992878705160e-01 7.422303316721848843e-01 7.057640696264422253e-01 6.625980784236178422e-01 7.535537424488483182e-01 7.671083391557265152e-01 6.743446629419439509e-01 7.073922479685550435e-01 7.099508570238819427e-01 6.546732412766541609e-01 7.097070972597900873e-01 7.055685782175353804e-01 6.755021381191833596e-01 6.888423622544783687e-01 7.084766688583773453e-01 7.440640892247302185e-01 7.154613511531978665e-01 7.101608228774101139e-01 7.148907377202377011e-01 7.369420896615312966e-01 7.615946205429995342e-01 7.313359799140753958e-01 6.911052408741961139e-01 7.271935646144803700e-01 7.331825651927412757e-01 6.877608493366020870e-01 7.099785336901183186e-01 7.593891885506346418e-01 7.629163660796298707e-01 7.297021808178896229e-01 7.377763579772866898e-01 7.440229831207380018e-01 7.634270305692425485e-01 7.716423596913001282e-01 7.473647986724412107e-01 7.635028951795468366e-01 7.629185912324414343e-01 7.593286880035663433e-01 7.670618548968731742e-01 7.517181975050771792e-01 7.583003409920657800e-01 7.404791367861981444e-01 7.524965641066193589e-01 7.522524601623746809e-01 7.611361753586235457e-01 7.508953181153305012e-01 7.674508444242266192e-01 7.612661837147214339e-01 7.615540995890396347e-01 7.672279011791972581e-01 7.777040224261300150e-01 7.757905615437369340e-01 7.717486349488773545e-01 7.744741458801784884e-01 7.586117995931295210e-01 7.623638133213876955e-01 7.630573920926654319e-01 7.667512423049072101e-01 7.608906749404997782e-01 7.729234263612183575e-01 7.659035832074317929e-01 7.647807337565267760e-01 7.511952064617543057e-01 7.581478503042421435e-01 7.644307766859383957e-01 7.622060220916119233e-01 7.576888923963052136e-01 7.590601576097888437e-01 7.615633176618316069e-01 7.675322665402803946e-01 7.593455162979181328e-01 7.680418827561014128e-01 7.587632845673913939e-01 7.637143179046704811e-01 7.643360443665444537e-01 7.621186108496227352e-01 7.544359855038654805e-01 7.716645106842604518e-01 7.627990261697252805e-01 7.578468198889436458e-01 7.518110816204797153e-01 7.659353950581893056e-01 7.647023358484003053e-01 7.686843228745516843e-01 7.658398601738128919e-01 7.666193400342772302e-01 7.758895086749041381e-01 7.719173638077021504e-01 7.747968183004689813e-01 7.719320014996181589e-01 7.787270270248417559e-01 7.785054414298766545e-01 7.654871678923064193e-01 7.760698466282323071e-01 7.671086757268432699e-01 7.724067836590375880e-01 7.722460859194834049e-01 7.646048721170309870e-01 7.681407370143038538e-01 7.669660587626291326e-01 7.706077735947672869e-01 7.695691476484342042e-01 7.759984548879135247e-01 7.799921715117121845e-01 7.611032926691926326e-01 7.668472390873393163e-01
1.158541548088148354e-01 1.381679095050044603e-01 3.563528086793862903e-01 5.565967948678456345e-01 4.483846305287439438e-01 4.974175940989004063e-01 7.282756617398761234e-01 6.838421884667643669e-01 1.000000000000000000e+00 7.361244638312720578e-01 8.002548468537760140e-01 8.378577590852256396e-01 7.703680212922190407e-01 7.532059621530833304e-01 8.459546814832930028e-01 8.339662514824789374e-01 7.876257172718303945e-01 7.661100395489524040e-01 7.754636137523339690e-01 7.156195573750239181e-01 7.493267835438653934e-01 7.795715411151222796e-01 7.324902927021942345e-01 7.423640070214473363e-01 7.659606207976805692e-01 8.410715708967225757e-01 8.198683454477879717e-01 7.972904623045207195e-01 7.910943831035922580e-01 8.213892383281634624e-01 8.544156473396160578e-01 8.087737639077267060e-01 7.630714341219453356e-01 8.033342702919586964e-01 8.310919237740370669e-01 7.624558547010834575e-01 7.981818537958541571e-01 8.204238848037315179e-01 8.397330158466980166e-01 7.810798241057443914e-01 8.482999551115544268e-01 8.313945855204404323e-01 8.248668674074327578e-01 8.563274999459228320e-01 8.384994125283069533e-01 8.416794730367921362e-01 8.675443074989847014e-01 8.759119898249628777e-01 8.670960106228516873e-01 8.255577223777109674e-01 8.387876042214620353e-01 8.601627216834853984e-01 8.686342104775744977e-01 8.726798487501612467e-01 8.604990691723015672e-01 8.417744265648516855e-01 8.698332372404368185e-01 8.671772682825744649e-01 8.520257714832761842e-01 8.819898883872017148e-01 8.678790536202232175e-01 8.698799445954581433e-01 8.596375133666287471e-01 8.715775961875646960e-01 8.791052919306788782e-01 8.816736905481916686e-01 8.724592962377527572e-01 8.606333913120137735e-01 8.544897798430615143e-01 8.624797448340292272e-01 8.553042182987234954e-01 8.644266519000284310e-01 8.433333778524577662e-01 8.438195429779937751e-01 8.684176348592557160e-01 8.657514424434371580e-01 8.569980827196953532e-01 8.596285566826631364e-01 8.569568946946972687e-01 8.631220126211776034e-01 8.614114277026311273e-01 8.685332595303183467e-01 8.532665720340838478e-01 8.591295969506905772e-01 8.513414572701332172e-01 8.560418165448440142e-01 8.506906071284552340e-01 8.596026368640351523e-01 8.570804030189533851e-01 8.567738430452241927e-01 8.403825061078598058e-01 8.650556311005654919e-01 8.639426218387484813e-01 8.607962498144163810e-01 8.706935474119452678e-01 8.746192679986665164e-01 8.609407179567812873e-01 8.674287536592220071e-01 8.697664280863884878e-01 8.598757697027068492e-01 8.619589162790920467e-01 8.706789599331423712e-01 8.728903406171630852e-01 8.731224879050308862e-01 8.735464191150322799e-01 8.756166557036794140e-01 8.750168534101483431e-01 8.724063576270322251e-01 8.701188688369695390e-01 8.739861622031607213e-01 8.651468441475529403e-01 8.798562313684347158e-01 8.724044782971804857e-01 8.772469708469146088e-01 8.786458409517244883e-01 8.808834806477748858e-01
4.573231334108626006e-02 1.591226117277193819e-01 2.730426714382874209e-01 4.712488194323043444e-01 4.165254675155836694e-01 4.676852202774576805e-01 6.760985237067625997e-01 6.304230755577494572e-01 7.361244638312720578e-01 1.000000000000000000e+00 7.227459011440136027e-01 7.624707079011002753e-01 7.023682573511335070e-01 7.168427021682716171e-01 7.892883453121201098e-01 7.728260385043813629e-01 7.215242427033603523e-01 7.198997856699190789e-01 7.240375902401046115e-01 6.636541743379725800e-01 6.909198337772617382e-01 7.251346814998896884e-01 7.061380936961081378e-01 6.927808359636359326e-01 7.158242982887387251e-01 7.931842994746425290e-01 7.824149050663194993e-01 7.731696613470594448e-01 7.521861289905932280e-01 7.792619488725153198e-01 8.032132364874012831e-01 7.612434076516191306e-01 7.213441605901091958e-01 7.359921683494339284e-01 7.737517650465646213e-01 6.930731100529028410e-01 7.561227930653489082e-01 7.737037889631920295e-01 7.811286382318761712e-01 7.372605662812240501e-01 8.106592933443228510e-01 7.869438980119725091e-01 7.669104501688543962e-01 8.017655339199794007e-01 7.904113623059513261e-01 7.969838544579900264e-01 8.227641566242874793e-01 8.285313553726996183e-01 8.084553129021704310e-01 7.496188465942559276e-01 7.846801876312943236e-01 7.701098264787903380e-01 8.025655368416992896e-01 8.174962202460238636e-01 8.014291428238979886e-01 8.045518599978352947e-01 7.884401781112668761e-01 8.122568972582121516e-01 8.059141071189223071e-01 8.156487098123983426e-01 8.084919340259492104e-01 8.075993537579378989e-01 7.975779324397876957e-01 7.993157393856440418e-01 8.079991725044355366e-01 8.121033820315268770e-01 8.242753930646853355e-01 8.118343106346249671e-01 8.105768977190324076e-01 8.115901626652918255e-01 8.051972365146229382e-01 8.121121001195088507e-01 8.034364422993364174e-01 7.971832244944941914e-01 8.191832113247168312e-01 8.192434025290232791e-01 8.170342641722428967e-01 8.209781150702147867e-01 8.156886383687381725e-01 8.126370200395437449e-01 8.166255450611324962e-01 8.223829008112888417e-01 8.038991954803254014e-01 8.149407518416020846e-01 8.013201823819302572e-01 8.042179272073014529e-01 8.048901107499870644e-01 8.160246741189959296e-01 8.123888026765501147e-01 8.120663768633983315e-01 8.017380536354180576e-01 8.177621195163433665e-01 8.140059050466925683e-01 8.186859953814016322e-01 8.229108520531556170e-01 8.259415780708773136e-01 8.009010432497603027e-01 7.983678607356196055e-01 8.153719314915005567e-01 8.098627138325236174e-01 8.095973171665530321e-01 8.137756129794925242e-01 8.164488866201248252e-01 8.171041445383752100e-01 8.130375995553835722e-01 8.117265290442772230e-01 8.194732479665074454e-01 8.252790876148377031e-01 8.218346031287748765e-01 8.248002834686919416e-01 8.187088193238312162e-01 8.234322733963729268e-01 8.185124553717146867e-01 8.157016122175465567e-01 8.180871092767914021e-01 8.214562034900914078e-01
4.471788836771523751e-02 1.345545004806284473e-01 3.962731128470148301e-01 5.986765765235888548e-01 4.571027850307164409e-01 5.048337814270987822e-01 7.569608173229873671e-01 6.932578992878705160e-01 8.002548468537760140e-01 7.227459011440136027e-01 1.000000000000000000e+00 8.693756636176400709e-01 7.903917169597757253e-01 7.754173175428740183e-01 8.698578816759128252e-01 8.615785219458369504e-01 7.991156100617918812e-01 8.086872326926592969e-01 8.253789653348649891e-01 7.198310142299485515e-01 7.966541474079751328e-01 8.188844838288122929e-01 7.972723278073055031e-01 7.879244050851018644e-01 8.177204724909206135e-01 8.605259074705530198e-01 8.491501231251689097e-01 8.467427486946966786e-01 8.223446721407590143e-01 8.532059895233043978e-01 8.902144850491229278e-01 8.573800185718392086e-01 8.219830229254743159e-01 8.487072499236878453e-01 8.598362768833947012e-01 8.047821329280576697e-01 8.559952214850928831e-01 8.626468470061171567e-01 8.817115895052615171e-01 8.499669000475771341e-01 8.740706645032452204e-01 8.735694478597537671e-01 8.697479738852713638e-01 8.836578090360355242e-01 8.818826215208561692e-01 8.743733422820340051e-01 8.891272356654931208e-01 8.874829283321663542e-01 8.803659595254925696e-01 8.450639215192792264e-01 8.729190970377602721e-01 8.673556802563568979e-01 8.739195705709814632e-01 8.781900265431353825e-01 8.777442615792288017e-01 8.849096840536804232e-01 8.705828650502659416e-01 8.801480661071842126e-01 8.761165774715642396e-01 8.830435454715418464e-01 8.897294395079643481e-01 8.823805314270365407e-01 8.763966690840191420e-01 8.703888519904828813e-01 8.852178330921474103e-01 8.810489985922728140e-01 8.911356600150469598e-01 8.926092742211207964e-01 8.888278842889895115e-01 8.883474546597621702e-01 8.878471535425029870e-01 8.920827614184454468e-01 8.810276416558457946e-01 8.837324503444495827e-01 8.947542624694808655e-01 8.908484694468116194e-01 8.876018202646285271e-01 8.841813720779272412e-01 8.853831878344742279e-01 8.893081160345641667e-01 8.919565096120051217e-01 8.935958294024164417e-01 8.898601383878479432e-01 8.900812863155206367e-01 8.825945454038734983e-01 8.906021029653764520e-01 8.899188564584754602e-01 8.907701965961543067e-01 8.933833642926725105e-01 8.881130199920418411e-01 8.867266656099154210e-01 8.929982562886161768e-01 8.939351085620929060e-01 8.913755479302766238e-01 8.920534765336183280e-01 8.939448873805169171e-01 8.801313288489340803e-01 8.762616892643630973e-01 8.903820122306648210e-01 8.908770606168051609e-01 8.923212368917224913e-01 8.893489215436610751e-01 8.900564448832685160e-01 8.935297535031322402e-01 8.941806254264543785e-01 8.801710201883603535e-01 8.892595016276224618e-01 8.912082295475021176e-01 8.938314112045444570e-01 8.889847655237861357e-01 8.901620214461168912e-01 8.892841372535229549e-01 8.915504684856744300e-01 8.894449434460692805e-01 8.915503068826010624e-01 8.870573480809199607e-01
3.909656849081093177e-02 1.226111955880901383e-01 4.051141049331603572e-01 6.295261116703544380e-01 4.836440547799064071e-01 5.416761042282264293e-01 8.038735411108109963e-01 7.422303316721848843e-01 8.378577590852256396e-01 7.624707079011002753e-01 8.693756636176400709e-01 1.000000000000000000e+00 8.251348343975491995e-01 8.143800585783944612e-01 9.180801687634329022e-01 9.066107635212964366e-01 8.336923757795684509e-01 8.368122295165242308e-01 8.552131534013036607e-01 7.523782221576934548e-01 8.274024967604816094e-01 8.491973428322548978e-01 8.130121076312780692e-01 8.083328523162158774e-01 8.450391794298124370e-01 9.083373600869212305e-01 8.828613415439912071e-01 8.830097688439638715e-01 8.590235460760135000e-01 8.869445811819195447e-01 9.293629436122869958e-01 8.843962088121090082e-01 8.521838771315479732e-01 8.755380304239877010e-01 8.953219751033500984e-01 8.453917437027043125e-01 8.881765202497509115e-01 8.974634329677498856e-01 9.198010472037700946e-01 8.820457572354819531e-01 9.134289476486102677e-01 9.111081349362986082e-01 9.109562052595048254e-01 9.295016259237072198e-01 9.213248805046430068e-01 9.159841702994244717e-01 9.313998920076719257e-01 9.317698171805474106e-01 9.253246870584850292e-01 8.858885678197904179e-01 9.123618377687893188e-01 9.100691464257582020e-01 9.217729753649368529e-01 9.255892088527846173e-01 9.239250824386283645e-01 9.218083262704295233e-01 9.221208426087043053e-01 9.269123901950910849e-01 9.193030900382695991e-01 9.346505416287991252e-01 9.367043923718472165e-01 9.322287885092771509e-01 9.235887044028024961e-01 9.244760528337170324e-01 9.302823825024881810e-01 9.305936633732441177e-01 9.338010518848609554e-01 9.317161493240191383e-01 9.251706394536465261e-01 9.278710460659359560e-01 9.280996057649849584e-01 9.350650472820470904e-01 9.133377454389698391e-01 9.180558565010883409e-01 9.381596252681337900e-01 9.361675580838800803e-01 9.301779748086811406e-01 9.261449302313533583e-01 9.264848430963628090e-01 9.303346214046566143e-01 9.334418555164144538e-01 9.379862167989764243e-01 9.268011140242652379e-01 9.316527701825376706e-01 9.216339761589807944e-01 9.279261910297910143e-01 9.320139959235675953e-01 9.313878930744592388e-01 9.344425710554433717e-01 9.262707461320658364e-01 9.243871696962100426e-01 9.369338482160454173e-01 9.377936350694778822e-01 9.347815517968697252e-01 9.372876335065805087e-01 9.382907266606599350e-01 9.240340909653418366e-01 9.237191557214800008e-01 9.356707488917999083e-01 9.333190589774786883e-01 9.377612897536157233e-01 9.354127795674681556e-01 9.354180918852514903e-01 9.401798309268626364e-01 9.384922124585477476e-01 9.299040978699989468e-01 9.349544839273451480e-01 9.358787802204284745e-01 9.366140128010465027e-01 9.365516937605085079e-01 9.334613038088266368e-01 9.385780875511879895e-01 9.369965437488869675e-01 9.391264808921714335e-01 9.378661026951499169e-01 9.369693683769119152e-01
3.268319991743522807e-02 1.164684244643245797e-01 3.559562594902273003e-01 5.623327273912936963e-01 4.979275659245741559e-01 4.908323619052404330e-01 7.448805165494301050e-01 7.057640696264422253e-01 7.703680212922190407e-01 7.023682573511335070e-01 7.903917169597757253e-01 8.251348343975491995e-01 1.000000000000000000e+00 7.537829452962581112e-01 8.420812573193718897e-01 8.436755648569747024e-01 7.627584771994448953e-01 7.877337935650672307e-01 7.871134725868125237e-01 7.309260046885549533e-01 7.796201497153214532e-01 7.887700820713399175e-01 7.698189782365230105e-01 7.701739306677072294e-01 7.922437794130371413e-01 8.344893724204055507e-01 8.135150660027125058e-01 8.128161429571486574e-01 7.994267775939177811e-01 8.303180169632214946e-01 8.557968032675583592e-01 8.205723220740890334e-01 7.844268975878593286e-01 8.088314679851834610e-01 8.298482407537288719e-01 7.694906307608317952e-01 8.115209038589361601e-01 8.276265937419516883e-01 8.461418260356570187e-01 8.076945732036173720e-01 8.405718498689670470e-01 8.406243152180330469e-01 8.438192756880097400e-01 8.660425812429303205e-01 8.456686432036201184e-01 8.488762315867016683e-01 8.588016474654130983e-01 8.597382412220564429e-01 8.461019412154061614e-01 8.070964872471394491e-01 8.317889019573245779e-01 8.322143505284161913e-01 8.480945785099369694e-01 8.490584053337336679e-01 8.451021772690738842e-01 8.479528507320271968e-01 8.370863238686073737e-01 8.537005293006763029e-01 8.401961649981367630e-01 8.643930375418538148e-01 8.574998676999955327e-01 8.546588625213327184e-01 8.414503738505223485e-01 8.482775901612960023e-01 8.518285170361364900e-01 8.552688026738776150e-01 8.618837074407701415e-01 8.617375904722084368e-01 8.641592685109119598e-01 8.660922476575464435e-01 8.592936493761201833e-01 8.617674100935671655e-01 8.526062368982498807e-01 8.535400091710856341e-01 8.627081282782256277e-01 8.611662746971041615e-01 8.586937168892883054e-01 8.563476465863852916e-01 8.591222058115310922e-01 8.610062238250909550e-01 8.611019086523697963e-01 8.642230874230083515e-01 8.541627301596619315e-01 8.597864535736836622e-01 8.500010745913118004e-01 8.564161733754903638e-01 8.563690815519379163e-01 8.596804526693115900e-01 8.602136418795303108e-01 8.542688752695332122e-01 8.506227160978943047e-01 8.623635602609492912e-01 8.626057352000227052e-01 8.646675816151063731e-01 8.608397586850028427e-01 8.647862948143750783e-01 8.409180838613381503e-01 8.390356909864359336e-01 8.571040952917388100e-01 8.567596715103432681e-01 8.635741350318270060e-01 8.548339310874382146e-01 8.594204773488807181e-01 8.679522333210888396e-01 8.614580341250577256e-01 8.481835148306640093e-01 8.558041484635996454e-01 8.614866753767443930e-01 8.607536351950823006e-01 8.613651961395836221e-01 8.571011135168329353e-01 8.658175416675651936e-01 8.584325793106140079e-01 8.608806371420781867e-01 8.597203625465114074e-01 8.620982373127150655e-01
