1.000000000000000000e+00 6.986405998842162846e-02 8.471201793165947236e-03 8.023300767162552805e-02 4.310952760421669222e-02 2.239310215279867108e-02 3.265833023795962353e-02 7.577112361027180110e-02 1.247002559508462033e-01 6.019332557973013087e-02 2.575188767393267117e-02 5.741624155789708250e-02 5.714414594928106383e-02 -6.303720863125807441e-03 2.025705190576210582e-02 2.412103338304202871e-02 9.054240995632971412e-02 4.728935622404195106e-03 1.302316293406526222e-02 5.603153709445593024e-03 1.353576399610041843e-02 1.267791448542853611e-02 -1.472840363244695390e-03 -1.268759334763576614e-03 -1.099480169409431871e-02 8.302730169789810169e-03 -1.192453983892855646e-02 -4.619073251215659315e-02 1.977394481757930450e-02 2.083769416423710691e-02 2.754762981065079011e-03 2.031704686156787787e-02 -2.372179107451320018e-02 1.790308769610570241e-02 3.171882622225770387e-02 5.641766548932854869e-02 -2.685315884196969385e-02 -3.130532428948157916e-03 1.229973935569314385e-02 -5.826166045115781927e-02 -2.090570391578265726e-04 -1.812832815576231535e-02 1.900496103893787453e-02 2.091619120744525606e-02 -7.089708407580793889e-03 1.191416957910579680e-03 1.118828087929523221e-02 2.461099217684312862e-02 4.235212831164912595e-02 3.574109417923736903e-02 9.273426873065097192e-03 6.482339416348027739e-02 4.247646522852280976e-02 4.475480870773301811e-02 2.963675556385010970e-02 -3.161405399348127948e-02 1.014918343884797097e-01 2.693472969043774271e-02 1.137591159142679019e-02 6.703592320347068201e-02 2.865851958139961284e-02 5.801454031625101482e-02 3.736496164316971402e-02 8.821411552078678442e-02 5.706446842636170302e-02 7.203208376996202145e-02 2.372664211511213081e-02 -1.556720207212429876e-03 3.995855180586730011e-03 1.357743172283649991e-02 1.782469160966926704e-03 3.612785647447980513e-03 -6.206114874298779630e-03 -9.467871471084422438e-03 1.313970097248935058e-03 6.794541300529642266e-03 -1.475011231998348514e-02 3.267743390531483924e-03 -7.068180370109283794e-03 1.177653942077169433e-02 -7.632590170658302454e-03 -9.971614483271161976e-04 1.216365822849614295e-02 -1.247783491464797600e-03 -1.634216967701509343e-02 -6.122450954605103933e-03 -6.113180762934235062e-03 -2.081291989509915716e-02 -9.108916670941821087e-03 -1.373943698166908006e-02 -4.028045196912025117e-02 -1.075925610817572708e-02 -6.159539245634351734e-04 -8.218704684067009922e-03 7.263449587361093737e-03 1.231215342993484570e-02 7.605119096774343342e-03 3.563098184946671826e-02 1.075508539803117503e-02 -1.801026837027074057e-02 5.469777099487522706e-03 1.006542613994451489e-02 1.642853401502576693e-02 1.336486025850613067e-02 1.976886653586680531e-02 5.796726631215243924e-02 1.982588507347571305e-02 5.711909592097849306e-03 4.162890083012598243e-04 8.090803634902657068e-03 -5.718433534429511259e-03 3.542387550673681273e-02 1.677698837577057747e-02 4.389417529375351512e-02 3.082101257300616515e-02 4.651741812845616719e-02
6.986405998842162846e-02 1.000000000000000000e+00 1.106589358554219693e-01 9.963223556512602885e-02 1.144036016797940897e-01 8.212050852660650324e-02 1.469294653981988996e-01 1.677067181599084522e-01 1.720976011641195402e-01 1.617812424845833374e-01 1.488412014334586919e-01 1.666009575701045131e-01 1.471495135960207978e-01 1.422967698135910175e-01 1.661092231390637608e-01 1.458523831280960914e-01 1.475432242507229152e-01 1.498493075750516601e-01 1.458066724726309882e-01 1.575678770692323649e-01 1.550142269329976008e-01 1.472428768565630652e-01 1.610931982698349807e-01 1.457997049473666040e-01 1.396249418296422462e-01 1.794302369541727338e-01 1.482606829673207283e-01 1.694852015122116917e-01 1.713072508977580566e-01 1.672548977959545935e-01 1.655199192366369754e-01 1.667762421589622790e-01 1.588895531912986048e-01 1.569033558008898765e-01 1.555842658894442676e-01 1.609687459478948146e-01 1.577183581569489290e-01 1.537281058936109945e-01 1.675860669286024229e-01 1.624770418558088569e-01 1.610627063011750015e-01 1.533487450983039568e-01 1.642235025125249603e-01 1.633619431182423698e-01 1.485721868798758616e-01 1.625365040098432634e-01 1.620814644412427175e-01 1.631953428288344110e-01 1.600532682096976744e-01 1.425337101068379908e-01 1.566881267508199727e-01 1.433881604657091802e-01 1.493328760574182956e-01 1.587956133731254493e-01 1.561432033028775090e-01 1.716464140264445659e-01 1.584081106734527844e-01 1.536434713267328389e-01 1.518271528189547026e-01 1.625956783073266299e-01 1.564324155759405643e-01 1.563047041572054041e-01 1.488162382565053621e-01 1.571530936887249874e-01 1.568004867553323134e-01 1.542228612518525555e-01 1.582634301939548349e-01 1.561313374134402909e-01 1.574636202623304893e-01 1.592645761173044072e-01 1.556504820061589967e-01 1.535347610995707324e-01 1.547567128761695443e-01 1.516662934123837458e-01 1.630415156438658475e-01 1.608151724542131733e-01 1.644418982627890713e-01 1.685322860710300741e-01 1.655018619881254704e-01 1.609131297834595353e-01 1.561084856792679942e-01 1.569783667182433895e-01 1.642567683871777873e-01 1.567237312397559423e-01 1.541925159746927732e-01 1.555847592521180101e-01 1.565704164372753171e-01 1.595320839076230235e-01 1.591114431458836020e-01 1.675221345882450807e-01 1.603285409223839386e-01 1.570130423189545210e-01 1.553607466104921786e-01 1.582894348424485065e-01 1.546770057052072878e-01 1.600401289602946531e-01 1.566664583232194596e-01 1.556711727170808079e-01 1.578259780340627860e-01 1.523911221855552833e-01 1.608467759977887934e-01 1.582721456016001893e-01 1.518595781735729289e-01 1.560496670568836397e-01 1.547806086571193174e-01 1.601977339608173234e-01 1.595411621116077927e-01 1.600712802396434264e-01 1.600037103583845655e-01 1.591400242734924975e-01 1.576296394662471123e-01 1.584376599016786291e-01 1.621942122669073616e-01 1.631160492350915148e-01 1.515652722858686907e-01 1.569904050828890008e-01
8.471201793165947236e-03 1.106589358554219693e-01 1.000000000000000000e+00 3.516092150300571539e-01 1.902582721263121890e-01 2.329783420468324595e-01 3.639493592881588024e-01 3.458924744896623715e-01 3.485600032342174859e-01 3.206099975099366839e-01 3.845775019531024186e-01 3.978026497581487742e-01 3.036155193159231769e-01 3.313233358241532422e-01 3.880603677546880514e-01 3.775655183059188902e-01 3.719348672715202531e-01 4.024136733737253557e-01 4.120779070589328241e-01 3.621052057826332771e-01 4.064733927426542603e-01 4.069625702791656585e-01 4.123830233796337841e-01 4.012468215181630993e-01 4.109452559550325623e-01 3.846009146181985083e-01 3.848181167695058358e-01 4.275830721419346947e-01 4.036082857679016422e-01 3.963699829546169506e-01 4.071831895327798767e-01 4.042613829122290170e-01 4.023467884846332887e-01 3.982435644668573804e-01 3.948852682476646780e-01 4.031620799357935603e-01 4.141495604862119317e-01 4.028430682476928926e-01 4.110574818169669409e-01 4.079649367946462934e-01 3.900612438694971429e-01 4.053985590572714015e-01 4.155642584233121273e-01 3.962224005450011854e-01 4.127932485673896923e-01 4.083685836005445657e-01 3.797699497602290974e-01 3.775749459922078666e-01 3.745028918886005864e-01 3.697211437490405261e-01 3.997679295731118576e-01 3.788198139538180853e-01 3.796991241414300333e-01 3.732817607724330800e-01 3.725775732151874742e-01 3.905406628975854888e-01 3.628477420463126490e-01 3.747278436580555039e-01 3.795969846756235277e-01 3.716383936204988858e-01 3.882029817258509374e-01 3.693710132973564431e-01 3.737098499553567765e-01 3.661852793187072574e-01 3.779868711991346553e-01 3.692688057928880663e-01 3.800836043040478618e-01 3.976695135410221460e-01 3.953182792927986133e-01 3.984171652001402553e-01 4.038070017877657403e-01 3.967302397702812122e-01 3.989592375059469731e-01 4.067733293699087871e-01 3.834421488307386827e-01 3.915137716199368345e-01 3.951687773761441980e-01 4.026371368072544366e-01 3.935152249096786070e-01 3.888441224989730993e-01 4.037275822465697939e-01 3.868759609408009559e-01 4.035582483490291472e-01 3.893923844231491627e-01 3.884754052335560592e-01 3.941278543616543728e-01 4.048323821829065694e-01 3.900559778493734031e-01 3.962905467302335061e-01 3.974927632148821388e-01 4.025560466411032268e-01 3.915536742225306788e-01 3.957698266393530617e-01 3.951045095169231636e-01 3.786305539048506752e-01 3.791031642205129337e-01 3.813013097913017235e-01 3.662259551818639602e-01 3.817469456618892698e-01 3.863015105457158205e-01 3.971290696283538701e-01 3.814662888414750985e-01 3.775546795361424124e-01 3.865701270992173422e-01 3.882172109105217483e-01 3.744854294434316055e-01 3.743285633848640326e-01 3.786179113509133831e-01 3.846301300099145837e-01 3.769945276433028236e-01 3.809779338268202142e-01 3.745095362601548739e-01 3.771479447305461918e-01 3.805942471965743645e-01 3.771403892062947238e-01 3.727456968068501575e-01
8.023300767162552805e-02 9.963223556512602885e-02 3.516092150300571539e-01 1.000000000000000000e+00 3.246931083574922661e-01 3.520199370467736455e-01 5.697743075104119148e-01 5.466108694044248262e-01 5.372290144623178554e-01 4.998050952896979648e-01 5.860973030004883455e-01 6.158786359478183314e-01 5.242005166029901631e-01 5.003958058159249100e-01 6.081289177770574650e-01 5.952090237553224750e-01 5.466499326985652107e-01 5.738394913822517651e-01 5.999068573057660947e-01 5.392522534625332487e-01 5.912762795488192280e-01 5.950870957156489949e-01 5.679243141200183143e-01 5.600674953570017323e-01 5.835289126196271381e-01 5.912379438815342780e-01 5.918826597286739322e-01 6.113155165446979566e-01 5.854886470854385738e-01 5.905444031058081356e-01 6.069086128195828600e-01 5.891869990496729770e-01 5.740843945731202158e-01 5.852266641739108932e-01 5.826743246183885283e-01 5.895005752236400776e-01 6.005874200559740972e-01 6.035030063470278039e-01 6.200570556715537807e-01 5.972615422000203678e-01 5.991454083790068719e-01 6.098325587504803691e-01 6.270590916379075175e-01 6.178035815868353486e-01 6.166446602997781579e-01 6.112222944796104063e-01 5.915650744430256402e-01 5.928171027045430197e-01 5.884019491189801387e-01 5.777832919997871741e-01 6.093765949889445865e-01 6.089768041810644794e-01 5.949749695038728525e-01 5.961001397693445059e-01 5.979408186513197609e-01 5.980274209630622728e-01 5.879339370292423483e-01 5.950151789706710215e-01 5.950540847933247779e-01 5.929900093042506093e-01 6.071229702238611914e-01 5.955366457067615693e-01 5.961003881023105855e-01 5.924982148040950358e-01 5.940192169182996196e-01 5.954439960702571089e-01 5.932177474381316040e-01 6.020484224858935196e-01 5.961575298996537597e-01 6.044943984106755375e-01 6.083155490179330549e-01 6.087253907755747484e-01 5.912642393854437017e-01 6.064280028713183723e-01 6.015413069300410420e-01 6.048068734711394834e-01 6.094679083882517112e-01 6.117574677778164771e-01 6.016676709423294245e-01 5.958769606917679873e-01 5.992041449861916780e-01 5.983868946626550445e-01 6.084624555080138109e-01 5.946558194965799737e-01 5.909410758873966385e-01 5.961718447288083533e-01 6.093609614752011350e-01 5.974703544649521136e-01 6.031212318184934196e-01 6.082399022332815042e-01 6.056574981594178286e-01 6.008549078146803168e-01 6.074066453945512478e-01 6.049085646573773012e-01 5.935068623899443230e-01 5.954073436672480124e-01 6.031735310226270519e-01 5.934087053500579634e-01 6.011236138441986565e-01 5.993161712408229258e-01 6.121261289195532029e-01 6.034130427012363018e-01 6.013982535401385388e-01 6.048093544493565732e-01 6.102116011988605315e-01 6.012066833934720522e-01 5.928360738255665785e-01 5.935720283058523172e-01 5.995288183066420640e-01 5.939930342132493379e-01 5.971031785922489288e-01 5.977282452084519138e-01 5.992144825300369515e-01 6.025719255263881635e-01 5.885966857237769911e-01 5.968267111025475913e-01
4.310952760421669222e-02 1.144036016797940897e-01 1.902582721263121890e-01 3.246931083574922661e-01 1.000000000000000000e+00 2.728709287284334373e-01 4.311557351066890309e-01 4.470078721401380961e-01 4.518799796807553282e-01 3.986917732275798709e-01 4.339832984303487740e-01 4.717100721297926014e-01 4.846888855333656987e-01 4.117897192208583856e-01 4.849443367987344988e-01 4.759781697702651360e-01 4.160514254775953269e-01 4.674648459862797423e-01 4.424854867278127379e-01 4.554633964802625723e-01 4.534859870098319479e-01 4.427197410713996084e-01 4.422453399572867094e-01 4.538077465840796298e-01 4.385699735131087240e-01 4.593228724583629519e-01 4.635887320811460377e-01 4.434518348801504417e-01 4.281030865883821424e-01 4.601288231243754190e-01 4.692045163897836102e-01 4.584166023817655700e-01 4.298015236006018092e-01 4.458136027121146761e-01 4.689538511613573490e-01 4.168820022978268480e-01 4.276872491196398451e-01 4.579620618075549987e-01 4.662370923219171237e-01 4.276902921067540775e-01 4.751817815883031537e-01 4.748181666269939427e-01 4.878208534589230649e-01 4.894410105985845250e-01 4.647648032466140111e-01 4.858917616423846231e-01 4.828699489947705370e-01 4.807495423603875273e-01 4.605316198584336607e-01 4.329554162744709278e-01 4.580555526666163502e-01 4.710001565556132808e-01 4.830936021694822724e-01 4.789720084996659799e-01 4.703689564297141579e-01 4.701201708591835060e-01 4.514660998830546945e-01 4.837637637225832288e-01 4.643700722726927244e-01 4.929828338235478502e-01 4.773427251792251025e-01 4.771852521021552329e-01 4.602581174579257195e-01 4.687643598730641958e-01 4.773324520244799363e-01 4.801055411854950883e-01 4.800492382441249872e-01 4.828703823368279413e-01 4.852330453711278802e-01 4.894782370158144991e-01 4.790804969204037200e-01 4.767431896350221021e-01 4.825749090875625646e-01 4.794584493068133613e-01 4.766314553068627391e-01 4.785646452118038630e-01 4.733982155806781278e-01 4.739907036528547279e-01 4.749541340704843129e-01 4.783512407852046899e-01 4.682959709358098244e-01 4.779599784115529659e-01 4.636637528479989889e-01 4.788328971204758311e-01 4.656161000093317348e-01 4.691270366174258299e-01 4.636389935681149432e-01 4.708791965091227438e-01 4.727850529372626953e-01 4.766584263665657462e-01 4.622161846785901584e-01 4.780718845155327301e-01 4.748810247114299554e-01 4.804213405187141017e-01 4.796951918399961490e-01 4.804440551133131732e-01 4.582310599504461068e-01 4.581653690981670191e-01 4.771706715094888862e-01 4.712685645247698951e-01 4.848489759056430759e-01 4.675099419199058581e-01 4.775590688051222221e-01 4.874797298874918861e-01 4.789268607269582811e-01 4.650763531988670874e-01 4.703021591390691425e-01 4.781374043863020895e-01 4.794097244912909894e-01 4.786199373090242459e-01 4.769880045068360941e-01 4.890113766952151053e-01 4.794521823741351163e-01 4.783064110097587918e-01 4.732389210203072905e-01 4.820470221018268719e-01
2.239310215279867108e-02 8.212050852660650324e-02 2.329783420468324595e-01 3.520199370467736455e-01 2.728709287284334373e-01 1.000000000000000000e+00 5.044009644696304528e-01 4.292027404566196580e-01 4.766775931234015773e-01 4.637442724823551687e-01 5.134045301498554315e-01 5.268748481449648802e-01 4.718569902813273820e-01 4.844567960532599193e-01 5.446106809159113604e-01 5.326922330138234019e-01 4.959881261112323303e-01 5.087522468406162623e-01 4.995875911684221071e-01 4.741849288852724165e-01 4.953531749580060151e-01 5.029159573609641720e-01 4.689761714095816991e-01 4.781355078173546991e-01 4.781367277949976069e-01 5.151640757451796393e-01 5.355549962625059113e-01 5.267504013581667532e-01 4.900442666307105455e-01 5.395622941545495932e-01 5.566000230122882808e-01 5.304866316885166189e-01 4.978584987991785948e-01 5.171657166969235719e-01 5.434337932765499479e-01 4.888226535306225418e-01 5.247404473732362185e-01 5.269772454773924419e-01 5.453180760974252195e-01 5.075698999814026724e-01 5.482675102587337701e-01 5.496929864805489840e-01 5.328956066825472071e-01 5.536150931893132343e-01 5.495728255560505815e-01 5.565371252828169579e-01 5.561919865506349536e-01 5.608805999295798372e-01 5.468567705119669053e-01 5.178240424567343014e-01 5.340817867937038832e-01 5.239893366861193558e-01 5.417707657149470890e-01 5.536546403268791661e-01 5.447874009933172390e-01 5.410384716840618280e-01 5.292440848914059526e-01 5.536942768153725325e-01 5.471426437019276667e-01 5.492894400617630568e-01 5.551122036779904123e-01 5.519202560002118840e-01 5.393049092485335816e-01 5.422123967221472718e-01 5.438938860580162515e-01 5.468680638479433975e-01 5.626801035706678888e-01 5.566941347591122247e-01 5.523813640516394008e-01 5.588380263049771424e-01 5.498788338519334795e-01 5.592822459020021508e-01 5.462777071685629426e-01 5.415652166000077816e-01 5.596979864363378354e-01 5.606173587150615756e-01 5.607647043204275761e-01 5.526923540346627695e-01 5.588878814137226980e-01 5.625367022006865225e-01 5.642693000164505923e-01 5.620487553374791112e-01 5.518869974075164553e-01 5.569557539966408788e-01 5.472499227735687644e-01 5.517562366954700259e-01 5.577261644557384157e-01 5.519110960897166684e-01 5.602190527826691469e-01 5.511915874022671469e-01 5.488966238935819586e-01 5.617503383557922447e-01 5.605389355797620876e-01 5.614903020108121812e-01 5.602348857010774896e-01 5.624720910341683977e-01 5.434965869103252079e-01 5.415530052807001615e-01 5.558180721632520749e-01 5.532392745774264986e-01 5.584901119863998620e-01 5.542747944893328116e-01 5.597376246557425050e-01 5.610854127165380012e-01 5.558765540752147460e-01 5.494126799162251107e-01 5.564340241879308646e-01 5.603319523232686006e-01 5.596047764274352243e-01 5.577109041898804520e-01 5.572300324102023028e-01 5.602419888005603088e-01 5.564126520375137774e-01 5.567356524931093009e-01 5.566783164138207063e-01 5.571577572395247646e-01
3.265833023795962353e-02 1.469294653981988996e-01 3.639493592881588024e-01 5.697743075104119148e-01 4.311557351066890309e-01 5.044009644696304528e-01 1.000000000000000000e+00 6.934093771642414472e-01 6.902551502492618729e-01 6.622889201731757547e-01 7.528249615888098489e-01 7.938634023244436344e-01 6.908212161020310660e-01 6.958723245961063730e-01 8.190983533538703787e-01 7.863926867550375954e-01 7.028558270436874311e-01 7.555668314680294984e-01 7.509813853960120023e-01 6.873277665767688616e-01 7.451758606895144688e-01 7.479591674807334334e-01 7.114100008220779481e-01 7.105873170232610558e-01 7.273586487998402461e-01 7.806884047301738683e-01 7.798203978011007953e-01 7.830709993745252895e-01 7.400213630923944130e-01 7.873492100141598060e-01 8.161753246785712346e-01 7.673574973170012026e-01 7.307445321538854621e-01 7.496788488456261890e-01 7.660113343817392950e-01 7.225460388279759671e-01 7.614720774345723475e-01 7.915941419073618812e-01 8.037358986160356711e-01 7.667374056595549492e-01 8.001365360336987198e-01 8.036760492660380839e-01 7.870083564991564584e-01 8.078125742446473634e-01 7.965808854127184313e-01 8.140148145726051609e-01 7.994045950149291091e-01 7.969186999586919118e-01 7.882189949042425203e-01 7.504926612894334825e-01 7.886533849649387529e-01 7.543052929585090105e-01 7.769331394893181919e-01 7.909887188852708917e-01 7.878961795698603554e-01 7.991982529776635591e-01 7.542110530978565208e-01 7.951092613344148408e-01 7.914920802109803866e-01 7.848832248810185819e-01 7.957005239998434787e-01 7.857401279185703968e-01 7.768890980021890824e-01 7.751585859578896676e-01 7.849120180681051773e-01 7.799454130195020429e-01 8.008430144134716100e-01 8.047554236802429983e-01 7.965447260935196727e-01 8.014559119213032767e-01 8.044744403959812606e-01 8.056844137457030985e-01 7.917577456221486232e-01 7.972872439412717060e-01 8.098254391950606701e-01 8.091008359121192317e-01 8.141979991116604642e-01 8.063440174306756303e-01 8.153196962096449507e-01 8.096278095782948325e-01 8.123341945709972034e-01 8.155268257462170434e-01 8.022679977353194269e-01 8.011860144018455587e-01 7.920304215772677736e-01 7.967486530147672719e-01 8.050754484990291227e-01 8.095830939370795010e-01 8.095595914582962571e-01 8.077098391666276411e-01 8.066913823409781470e-01 8.122109087022064688e-01 8.080860345109902587e-01 8.153100550679655001e-01 8.042566747202664068e-01 8.032714031909603536e-01 7.912018335172641414e-01 7.817894397788673899e-01 8.034109050049750289e-01 8.043104849015145774e-01 8.101615306829439422e-01 8.032389196785741925e-01 7.938592190761378786e-01 8.081488345184012489e-01 8.006168674070606173e-01 7.870482767783600897e-01 7.996065461915199402e-01 8.043233939866147875e-01 8.075951169682304975e-01 8.027380841668062539e-01 8.085938373090872933e-01 7.995451805268137813e-01 8.025910890692501409e-01 7.996032147683090896e-01 7.954098676661938150e-01 7.918449340521180879e-01
7.577112361027180110e-02 1.677067181599084522e-01 3.458924744896623715e-01 5.466108694044248262e-01 4.470078721401380961e-01 4.292027404566196580e-01 6.934093771642414472e-01 1.000000000000000000e+00 7.038683823239346715e-01 6.588690252000229952e-01 7.088143255613114091e-01 7.653480036538796716e-01 7.042954769126006376e-01 6.693229110733834863e-01 7.653490118602999104e-01 7.764841645150694083e-01 7.002443815931926885e-01 7.186219758929837109e-01 7.211785969494224346e-01 6.577096268619672115e-01 7.241433845927124358e-01 7.221231894948714203e-01 6.707190777764691081e-01 6.877120539224804707e-01 6.958564160628574191e-01 7.432601890054467697e-01 7.234574921997432018e-01 7.094688876800800958e-01 6.754342803959616504e-01 7.217587980758494171e-01 7.531663486464782453e-01 7.397943037925398535e-01 6.877711348292849802e-01 7.287487127470612114e-01 7.300892608701935460e-01 6.973016029049087239e-01 6.903343262434500360e-01 7.714554234799471111e-01 7.635315338189773149e-01 7.157170940491273115e-01 7.605463778413471543e-01 7.628357794656043245e-01 7.715268049846615295e-01 7.847190585757904957e-01 7.509493272808720477e-01 7.707874843106241602e-01 7.733301412017242749e-01 7.730378722522869284e-01 7.695683424063233247e-01 7.544252590480085008e-01 7.734651119248043827e-01 7.437606542859240832e-01 7.648616315746009642e-01 7.731300166087103909e-01 7.746921608530551451e-01 7.558312659132554456e-01 7.619382296936819676e-01 7.771782469053732934e-01 7.772845063538722510e-01 7.763109899161397820e-01 7.809240704079046802e-01 7.818543488923614948e-01 7.793266839254441303e-01 7.737353873665946402e-01 7.645915993313266990e-01 7.689848545392731216e-01 7.729620391926214085e-01 7.746898482945424602e-01 7.609782863257946728e-01 7.722124903152663977e-01 7.742071793743084962e-01 7.751637012479299926e-01 7.595558626593060803e-01 7.640966776290358808e-01 7.731902348231364241e-01 7.698910961662424057e-01 7.628134526876316768e-01 7.559945523410994683e-01 7.671200835760111358e-01 7.707860752846771302e-01 7.603445735403071559e-01 7.686303096491343689e-01 7.631892204206915942e-01 7.636439564854788919e-01 7.621928203847480043e-01 7.643118478277117767e-01 7.575684542947009881e-01 7.719584223167619275e-01 7.655446656482407519e-01 7.644126663582337944e-01 7.512538424150490002e-01 7.714028914193038489e-01 7.693601995924614911e-01 7.719191488022638659e-01 7.736439816148508175e-01 7.762924805063741163e-01 7.731444153689089882e-01 7.674819354697611784e-01 7.780747027989068920e-01 7.736326331305409809e-01 7.807970744140585451e-01 7.791158805980563651e-01 7.705325827062060595e-01 7.832812173046599380e-01 7.710646854279560314e-01 7.722927208368921548e-01 7.747999017079879591e-01 7.714239268799942817e-01 7.762948638766471454e-01 7.774137566635845875e-01 7.784379845840582179e-01 7.773452942922469688e-01 7.815923132148205887e-01 7.788289295084461772e-01 7.648839431277166812e-01 7.714788485823869113e-01
1.247002559508462033e-01 1.720976011641195402e-01 3.485600032342174859e-01 5.372290144623178554e-01 4.518799796807553282e-01 4.766775931234015773e-01 6.902551502492618729e-01 7.038683823239346715e-01 1.000000000000000000e+00 7.571384896038531043e-01 7.973338361534377805e-01 8.377268821360116524e-01 7.658668048607765177e-01 7.375379517064110102e-01 8.352902283390720717e-01 8.287242283641261809e-01 7.971474805919948059e-01 7.427904359235038001e-01 7.696512572533048546e-01 6.764393860877432330e-01 7.565350241397051922e-01 7.641982578365748013e-01 7.139876019749403779e-01 7.169304403225948974e-01 7.270398645346781707e-01 8.175808339852840279e-01 8.105866897554059314e-01 7.739584033344582004e-01 7.272638519249544631e-01 8.048451758199939299e-01 8.339941017876331131e-01 8.205854387092101909e-01 7.427002318761456445e-01 7.937744300443353440e-01 8.147609423387918159e-01 7.765725179422341418e-01 7.682045468459081095e-01 8.229097182718745351e-01 8.373352345140254727e-01 7.543008861796951514e-01 8.470334115749044157e-01 8.249923393264526617e-01 8.174896664426060111e-01 8.561017394281213999e-01 8.307215617322621926e-01 8.358594999404328485e-01 8.636979450199657737e-01 8.730187415288296338e-01 8.654118801972335850e-01 8.240403795854854829e-01 8.426966569369095383e-01 8.399572051013000085e-01 8.643336074016826354e-01 8.675049365584976968e-01 8.493096485301371290e-01 8.308996418602835332e-01 8.554211255028045802e-01 8.597728397750273865e-01 8.495991414092556315e-01 8.838929503964171319e-01 8.684800477099812177e-01 8.674555117866493692e-01 8.439927974668675059e-01 8.740765741709546344e-01 8.763719400023323169e-01 8.747634956038374821e-01 8.668920468204892593e-01 8.494782142734369490e-01 8.415539718740815411e-01 8.459467700172209614e-01 8.466632581526494228e-01 8.540168531785856665e-01 8.310972203240294398e-01 8.271319284305966857e-01 8.598544212994558844e-01 8.584841184460129115e-01 8.421894215813906515e-01 8.370420598444010540e-01 8.435786968078672343e-01 8.556246801562387150e-01 8.485019412647359927e-01 8.579010173329579825e-01 8.483592491484547304e-01 8.459233653183880763e-01 8.342975019052196739e-01 8.404145462723477955e-01 8.402527937101084143e-01 8.398299337345005444e-01 8.460244691974428966e-01 8.404419224904039476e-01 8.225886050905675262e-01 8.511612797157047661e-01 8.548503601782417860e-01 8.500978489674673177e-01 8.643989653075436763e-01 8.655588173529288332e-01 8.356586835685209103e-01 8.491553433044138899e-01 8.606204086542830201e-01 8.438811805929153920e-01 8.517504106399330643e-01 8.519869440287599627e-01 8.645398530908138257e-01 8.643056245193266873e-01 8.601114942680073705e-01 8.621922598305901131e-01 8.634861918031869754e-01 8.614419042925670622e-01 8.580233901478254710e-01 8.630105753926601286e-01 8.507838587082455772e-01 8.731274066852648952e-01 8.604836036704205382e-01 8.699009848196176398e-01 8.683233973839605824e-01 8.732263104246650309e-01
6.019332557973013087e-02 1.617812424845833374e-01 3.206099975099366839e-01 4.998050952896979648e-01 3.986917732275798709e-01 4.637442724823551687e-01 6.622889201731757547e-01 6.588690252000229952e-01 7.571384896038531043e-01 1.000000000000000000e+00 7.422813626123665465e-01 7.828356122449673382e-01 7.217685549084615904e-01 7.150415207715016264e-01 7.906980995152154135e-01 7.846684927629098416e-01 7.403562526117538622e-01 7.162225241755101335e-01 7.319858313408240669e-01 6.540442978657956541e-01 7.253991947097887527e-01 7.324019111430444262e-01 6.710716947946893107e-01 6.846791397763439813e-01 6.996761420791659525e-01 7.726566225504563068e-01 7.677601861915243076e-01 7.412801241440937217e-01 6.899208894024390082e-01 7.566540325721606841e-01 7.951266107128773797e-01 7.786143980723537750e-01 7.104593741518001604e-01 7.500350570733191891e-01 7.692464871691619965e-01 7.141170009047692613e-01 7.251020900389554269e-01 7.876252523594390320e-01 7.909090669946020613e-01 7.314429007858667120e-01 8.086191627163330509e-01 7.865282255017819191e-01 7.657198536668748945e-01 8.091289617164610926e-01 7.851692784472734665e-01 7.974185944860816555e-01 8.234327703946744403e-01 8.326368073526319025e-01 8.251381508278053944e-01 7.827561769664417302e-01 8.029593625923373557e-01 7.886451562070286858e-01 8.105309319282185676e-01 8.296102522661895629e-01 8.137258173930664862e-01 7.974006228040021460e-01 8.111171498075507857e-01 8.163720358649649844e-01 8.162726751204035791e-01 8.301811940182888261e-01 8.220040163667493571e-01 8.260415171339352547e-01 8.083134584452533744e-01 8.223760723999506972e-01 8.224354943077757385e-01 8.253756710007764674e-01 8.246829410891446388e-01 8.120626064451910153e-01 8.020183866299324116e-01 8.077195970381915169e-01 8.103631016916444940e-01 8.165073165528503596e-01 7.958756053956794752e-01 7.935636972419279900e-01 8.207666582858247351e-01 8.189163506912872093e-01 8.088093158632249091e-01 7.984396897078220867e-01 8.068353611554662796e-01 8.193054394905971982e-01 8.097100842948672383e-01 8.194375580901237521e-01 8.096470704577853894e-01 8.086953452502385620e-01 7.994290944401981625e-01 8.047102042536845579e-01 8.011497105105490624e-01 8.086334836957834726e-01 8.084452095409976335e-01 8.061294644862843084e-01 7.900969214078469305e-01 8.139985021637939910e-01 8.138674741748885832e-01 8.138370499511894396e-01 8.251796137421018029e-01 8.271200569340644293e-01 7.980584151811068727e-01 8.095357233613481585e-01 8.209963229975514309e-01 8.091031940305898340e-01 8.098672553723141876e-01 8.168596069388439629e-01 8.217075131893929463e-01 8.202905289916165854e-01 8.170446198346682509e-01 8.204225958097325355e-01 8.266539261278781359e-01 8.238692527516744413e-01 8.210947080361031825e-01 8.268225312225614410e-01 8.175841526332847664e-01 8.300434911337605248e-01 8.233564802233429569e-01 8.262643017474271545e-01 8.253017324743850969e-01 8.286069268505280583e-01
2.575188767393267117e-02 1.488412014334586919e-01 3.845775019531024186e-01 5.860973030004883455e-01 4.339832984303487740e-01 5.134045301498554315e-01 7.528249615888098489e-01 7.088143255613114091e-01 7.973338361534377805e-01 7.422813626123665465e-01 1.000000000000000000e+00 8.713573841306508916e-01 7.567205640341264639e-01 7.669309894836823238e-01 8.735204729202187268e-01 8.554521266188334083e-01 8.054790709451493669e-01 7.983343185564492073e-01 8.247675951891850765e-01 7.300755959351855617e-01 8.059826153100512203e-01 8.185223421097672647e-01 7.686875431519814006e-01 7.699502961933809564e-01 7.924197034702499254e-01 8.511493942146326486e-01 8.565129064468547382e-01 8.468379253775533133e-01 7.925775980073247462e-01 8.509002133587354466e-01 8.820776443721903837e-01 8.597042875992176869e-01 8.027196695939199378e-01 8.336989839788565559e-01 8.532176118744480009e-01 8.180312401091752728e-01 8.523399418024913965e-01 8.625708435188151890e-01 8.877454374854701902e-01 8.328337875106737176e-01 8.870436649807311724e-01 8.778896882270834645e-01 8.640812397128277977e-01 8.927303847499956646e-01 8.859981204734468374e-01 8.827799193461609573e-01 8.962819299567261755e-01 8.967226431849854018e-01 8.866953666543607726e-01 8.462033881751149789e-01 8.786196205022951400e-01 8.618932842756455992e-01 8.815781696786278987e-01 8.880838685686633927e-01 8.792853130120132921e-01 8.816836267616290357e-01 8.599839111076128528e-01 8.862869101566129837e-01 8.821086587832851489e-01 8.886658852903434047e-01 8.956929178426854543e-01 8.849907565224406358e-01 8.699674824982570609e-01 8.800186538646525003e-01 8.911110502328254412e-01 8.820326920477379318e-01 8.974649128728010572e-01 8.940731340828448337e-01 8.820293854163469005e-01 8.836075755492125428e-01 8.928648966824773714e-01 8.983672847806379869e-01 8.764964267402391984e-01 8.778831879885680145e-01 9.000536879740584917e-01 9.004354308483416558e-01 8.961481168754724669e-01 8.890741738642898850e-01 8.902252925127878136e-01 8.922532288322714278e-01 8.983549920149641599e-01 9.003792315383755129e-01 8.930390167245411126e-01 8.901264699532371871e-01 8.800282972619849486e-01 8.856149872363107134e-01 8.965961626336798052e-01 8.898039086349113225e-01 8.957668005452665838e-01 8.879012534310911642e-01 8.865361137105308709e-01 8.990128769990551882e-01 9.004426289458250521e-01 8.993055568986114690e-01 9.001448034881551763e-01 9.009977963538723378e-01 8.802351428379431297e-01 8.771259836370568497e-01 8.971976917847770405e-01 8.920683734673915399e-01 8.983417694804202158e-01 8.918000270460244572e-01 8.964065781275176725e-01 9.008911383738466006e-01 8.970418331421297076e-01 8.825155649756752929e-01 8.966077325281079924e-01 8.985537408942171345e-01 8.971947083601619077e-01 8.973406168895947665e-01 8.937926369098383450e-01 8.981248113360176255e-01 8.956458355931760096e-01 8.981280412789705014e-01 8.959986044582389786e-01 8.931919377234018853e-01
5.741624155789708250e-02 1.666009575701045131e-01 3.978026497581487742e-01 6.158786359478183314e-01 4.717100721297926014e-01 5.268748481449648802e-01 7.938634023244436344e-01 7.653480036538796716e-01 8.377268821360116524e-01 7.828356122449673382e-01 8.713573841306508916e-01 1.000000000000000000e+00 8.044957227135113298e-01 8.018540052791374162e-01 9.135217445060926922e-01 8.989135066883736647e-01 8.395357227539582690e-01 8.302790616879489605e-01 8.594009834929751124e-01 7.602202229743135753e-01 8.379854988188922826e-01 8.566075100291299371e-01 7.984359608425374288e-01 7.983611004821874468e-01 8.240358653439726622e-01 8.864614124489387237e-01 8.885749510035808596e-01 8.821045086198704421e-01 8.258473614591522738e-01 8.855820386605816052e-01 9.193632108319313989e-01 8.844597903954352081e-01 8.304614666965617342e-01 8.647083509215768293e-01 8.817885583003630678e-01 8.520794224476930800e-01 8.762221453091212364e-01 8.993779843630502757e-01 9.214937594748177085e-01 8.678559981919203858e-01 9.240901812130074555e-01 9.157456576171751905e-01 9.104092802029175591e-01 9.339926710087377293e-01 9.179967848847202516e-01 9.245282987370218031e-01 9.295352342075340335e-01 9.309032263734475787e-01 9.268915844293112993e-01 8.826372640336399567e-01 9.157696866154695359e-01 9.020503831328990918e-01 9.239824678895562915e-01 9.282055454130004879e-01 9.213965721856219870e-01 9.166420311363810969e-01 9.084037487534989408e-01 9.245738830602183711e-01 9.236894386367889842e-01 9.317315136056402158e-01 9.358929652011451772e-01 9.298678239410612667e-01 9.182346783676871294e-01 9.223171280678137407e-01 9.260781479653065196e-01 9.254684362690928090e-01 9.300511700929754433e-01 9.241052391512403208e-01 9.089332417889669502e-01 9.152122948225892562e-01 9.274064615095309883e-01 9.316864372833690844e-01 9.034205502724740322e-01 9.102163950816531957e-01 9.333002400151068079e-01 9.335319509188528819e-01 9.283053916201600142e-01 9.220676053174006181e-01 9.252175463528119481e-01 9.272664904320939705e-01 9.275352836625181396e-01 9.334627190623174808e-01 9.215900933645482240e-01 9.196218916630874984e-01 9.089902182073938963e-01 9.138077322865891805e-01 9.275416831915394011e-01 9.210359998516118862e-01 9.271054221181564969e-01 9.205927633753997474e-01 9.162830581648981898e-01 9.302514359645356334e-01 9.338185270490630963e-01 9.323721448174324689e-01 9.336701701545131460e-01 9.340154303162450100e-01 9.194456101885498667e-01 9.156409726595995391e-01 9.333169789134637684e-01 9.243414656877033675e-01 9.347322076268821389e-01 9.273482983057466100e-01 9.313193376402779666e-01 9.373585528656530608e-01 9.314883617067153398e-01 9.244438736921596345e-01 9.315325030322069155e-01 9.302187913037247569e-01 9.313549536954864871e-01 9.321527708221767350e-01 9.289173201368555732e-01 9.346125855816924677e-01 9.348299541641015287e-01 9.361768414365685409e-01 9.276296123438414476e-01 9.304318006087395343e-01
5.714414594928106383e-02 1.471495135960207978e-01 3.036155193159231769e-01 5.242005166029901631e-01 4.846888855333656987e-01 4.718569902813273820e-01 6.908212161020310660e-01 7.042954769126006376e-01 7.658668048607765177e-01 7.217685549084615904e-01 7.567205640341264639e-01 8.044957227135113298e-01 1.000000000000000000e+00 7.295615475696763941e-01 8.268290827408584232e-01 8.206841402849247569e-01 7.544898102847743537e-01 7.444388600797801070e-01 7.539514925192323247e-01 6.955351009026097264e-01 7.505187260630762358e-01 7.490667659138595669e-01 7.084396678622718602e-01 7.207593493619541825e-01 7.247913009860801337e-01 8.003872267431084708e-01 7.896965946803530256e-01 7.662199066277548543e-01 7.157256444022994657e-01 7.861321523641064957e-01 8.217920416250519278e-01 7.946706444839185535e-01 7.346522345379818963e-01 7.698570684491302663e-01 7.922688076078548969e-01 7.428739166591127319e-01 7.480974956465017423e-01 7.978886193744262334e-01 8.165765848139442395e-01 7.483722744644906166e-01 8.304390372496803785e-01 8.236005770490175681e-01 8.132549484586069077e-01 8.442745520092977962e-01 8.176524699770588711e-01 8.222157554650686428e-01 8.422441410004961604e-01 8.460837544862381820e-01 8.205374453866435269e-01 7.750460862386353567e-01 8.067961519422320871e-01 8.116292938597309270e-01 8.298655112411383872e-01 8.405023133723140694e-01 8.255478744306983252e-01 8.187702626581162546e-01 8.045435003359804327e-01 8.435449801382330914e-01 8.208933204941617490e-01 8.495040081191540526e-01 8.370093385999188840e-01 8.340216197954820609e-01 8.135534237771939736e-01 8.270131897873486126e-01 8.391746048195845020e-01 8.385383600242597435e-01 8.428084920540914737e-01 8.362800624040915842e-01 8.283352268789884176e-01 8.298555334570876241e-01 8.303982334938737608e-01 8.362793322733107493e-01 8.223316124130484184e-01 8.179587256685300067e-01 8.421994147024001176e-01 8.410253072182164447e-01 8.320354322624647914e-01 8.209410461416878357e-01 8.328380290596484326e-01 8.360434483818095508e-01 8.306091011996230566e-01 8.413443491748302527e-01 8.265286633250309434e-01 8.350902360199548013e-01 8.225140268312093328e-01 8.268469171834914588e-01 8.224298333645200243e-01 8.338389215212320682e-01 8.329522687400844339e-01 8.311105461183009302e-01 8.177817725171675489e-01 8.402469894002453366e-01 8.394293330782164331e-01 8.407169705050852038e-01 8.449695804477259653e-01 8.475620339550368199e-01 8.202015900186774289e-01 8.189513012213831544e-01 8.407251777769527701e-01 8.319144276675037863e-01 8.418694457003186304e-01 8.344594931548103833e-01 8.427582223014098428e-01 8.496429700248540051e-01 8.413295130317987036e-01 8.327482559212646684e-01 8.387950922753270033e-01 8.449497264895498017e-01 8.442206523095907578e-01 8.451049800050399741e-01 8.411293931067612695e-01 8.526326970145747808e-01 8.434057560385898045e-01 8.451914467741120651e-01 8.444381551266858521e-01 8.474994722799860103e-01
