1.000000000000000000e+00 4.710350707569505718e-02 3.624481309889437258e-02 6.959032927425613801e-02 4.785651899747991184e-02 6.869554274254158384e-03 3.487319073894221133e-02 4.599118964471904381e-02 1.352182683877168612e-01 5.173697655880832302e-02 1.006266245105408470e-02 2.851130877014443690e-02 3.287156002270256311e-02 1.472251095168986175e-02 1.722422940717122097e-02 1.835122596096770350e-02 9.750332922394154556e-02 -1.281045195121662157e-02 -1.414927186439895145e-02 7.585662099107344514e-02 1.627119390367747637e-02 2.777372397567147780e-02 -1.342792910113526673e-02 -4.882027744409727157e-03 -1.461963390611910590e-03 2.282154367796060054e-02 2.440386321061059627e-02 3.959443704131909020e-02 3.149489925936020673e-02 2.271164755954309042e-02 4.112764958344110322e-03 7.315775630390049245e-04 6.368673513663419133e-03 1.856409554675689981e-03 1.324848420309927659e-02 -1.306563638884517854e-02 -2.014018468771354431e-02 -1.489291948979134909e-02 -4.808760924845786357e-03 -5.718343844378100810e-02 3.749425331801480195e-03 -2.342552484362531769e-03 4.936753426795405762e-03 6.622964824001650180e-03 5.861273244316770985e-03 -2.174275307621413838e-03 1.121953764864496751e-02 8.363560926859655784e-03 7.353596696631731905e-03 -1.935506209448873208e-02 -1.444357894251990272e-02 4.506140585248392949e-02 3.643364057555830565e-02 1.279746601924434436e-02 -7.440131839220608806e-03 -1.159567965400896093e-02 1.091541084412395689e-02 1.370896958228177802e-02 -1.381964758238024386e-02 3.246990063532054216e-02 1.711530386748244884e-02 2.375721371389542293e-03 -1.025762434891290716e-02 2.179681683791600752e-02 7.405476281348762069e-02 4.471621930592595967e-02 1.934678801257764744e-02 4.623517408191456712e-04 6.608913395208276809e-03 1.822762693737170828e-02 4.835133832273975571e-03 1.388356498199922774e-02 -2.403793613124933896e-04 -2.105664336359047532e-03 1.238804111159680019e-02 7.957138456236459087e-03 1.365431375403770506e-02 1.373007732517325837e-02 5.563854567876730037e-03 8.097584528659306988e-03 8.302565265448477033e-03 3.860679267379866185e-03 1.261075927478215626e-02 5.285152476006301642e-03 -1.892653643780264558e-02 -1.681746125921624929e-03 -6.141495448188153544e-03 -7.549434346906302128e-03 1.971362567472284381e-03 2.532999008804717126e-03 -1.308315042025432265e-02 2.213321951692581377e-03 4.146025919633532751e-03 -3.515848223573858448e-03 6.141136149447350492e-03 5.166532346756082771e-03 -1.583657659735573237e-02 3.532775928057415443e-02 1.645047613085452807e-03 -4.612622748400195365e-03 -7.212349572372736724e-03 -1.513327726088674937e-03 1.997932286608733801e-02 3.900940138157510482e-03 1.532768678713557382e-02 1.496476653363937488e-02 1.457081725452647435e-02 1.256563456304928515e-02 2.554348139646089953e-03 1.552424999124268380e-02 -7.177294941293985327e-03 2.295060173801082015e-02 -7.071452126015252042e-04 1.931771131521888007e-02 5.388680218077075701e-02 2.746502881412186264e-02
4.710350707569505718e-02 1.000000000000000000e+00 6.257365742151284327e-02 1.386970472210341532e-01 9.110695769132773347e-02 8.429103817875741034e-02 1.267755313363685132e-01 1.082628224946160511e-01 1.632390246428228608e-01 1.856287543000061102e-01 1.398773332524496094e-01 1.662814099062664697e-01 1.421757202936681508e-01 1.349528329870771648e-01 1.529769601931074974e-01 1.559008069977566857e-01 1.641587130952842644e-01 1.222019194165178679e-01 1.308171096255049126e-01 1.552734783624982462e-01 1.399020682556881279e-01 1.389289451339242309e-01 1.611586829787397535e-01 1.347446681199122032e-01 1.294254465812581800e-01 1.480842414204617541e-01 1.513366564365566380e-01 1.607204719390146475e-01 1.492204143086339474e-01 1.711567020778828607e-01 1.622819004173347290e-01 1.348260805410501084e-01 1.690609088960732254e-01 1.483001027138533545e-01 1.671632337638766230e-01 1.600516295574054559e-01 1.690787267148597672e-01 1.481072899479868865e-01 1.556850497697739588e-01 1.534022112377202152e-01 1.615335779363067936e-01 1.626876846115633546e-01 1.440701865000735549e-01 1.489769315748795397e-01 1.524048917352447408e-01 1.564188750733221944e-01 1.553349271787649866e-01 1.662171601788147990e-01 1.526940252567843825e-01 1.267962694994997919e-01 1.452653498297101220e-01 1.462281459769441960e-01 1.515403401852614129e-01 1.679119719145417966e-01 1.502211418291088396e-01 1.670651669159994301e-01 1.536899542999828616e-01 1.569140741635940417e-01 1.591773357484410345e-01 1.609725804098541824e-01 1.521668869539427593e-01 1.598680686268456885e-01 1.555967730055399789e-01 1.462616989167571102e-01 1.577047420402038769e-01 1.729115366373067952e-01 1.559354406847275054e-01 1.535411015233643373e-01 1.557953152145479525e-01 1.581620074820475064e-01 1.504921087359055720e-01 1.520987231117063021e-01 1.529692610793240426e-01 1.528717230157198848e-01 1.520755326575158606e-01 1.571942572010801009e-01 1.614703041499980507e-01 1.605731896713590567e-01 1.524231769299550787e-01 1.659192359315979914e-01 1.658866492426699923e-01 1.589001864317083901e-01 1.636044434456232488e-01 1.659085961662402908e-01 1.389789657438014747e-01 1.503654443046160694e-01 1.634599974351881591e-01 1.509640642717387515e-01 1.547445343995054179e-01 1.662865301063013723e-01 1.565878843130892595e-01 1.594783999674056763e-01 1.544153191792948243e-01 1.575607622504989480e-01 1.567493193096576032e-01 1.592330031812087821e-01 1.276708405912418964e-01 1.397227532335758304e-01 1.464179310583606786e-01 1.440205780080066611e-01 1.481668296927128314e-01 1.459805707211197234e-01 1.485308517155871089e-01 1.482176308911414275e-01 1.479144823061634695e-01 1.539123427435797886e-01 1.544206376854435903e-01 1.626696045556058345e-01 1.572031136641367233e-01 1.571392277003769156e-01 1.537997756476416622e-01 1.593745185863033598e-01 1.549130932517296111e-01 1.482988407407386799e-01 1.503020747006394153e-01 1.635474875614433277e-01
3.624481309889437258e-02 6.257365742151284327e-02 1.000000000000000000e+00 2.684526951578183884e-01 2.064636733368034327e-01 2.518739234625821943e-01 3.045325026996958950e-01 2.839262112052234333e-01 2.954871912195277117e-01 2.940455870509776637e-01 3.230332359493148786e-01 3.362006579377507798e-01 2.843271444414900984e-01 3.045264963313857876e-01 3.265158179033979535e-01 3.315254604904495084e-01 3.283877870184796488e-01 3.105917030052157135e-01 3.235148300657376130e-01 2.919606148411321156e-01 2.956891516710370982e-01 3.281165696237069440e-01 3.274641952318624316e-01 3.225484092768370892e-01 3.298152869470425963e-01 3.313116765942786812e-01 3.390069667474595039e-01 3.486695701793134372e-01 3.394397637445621951e-01 3.409615473364508431e-01 3.420229234511320549e-01 3.390098951303571195e-01 3.318492090896657531e-01 3.462870563272581470e-01 3.377108266447592655e-01 3.298511572229264055e-01 3.291187059857931252e-01 3.480486072294751154e-01 3.417528399976502707e-01 3.391345580606201504e-01 3.444258265977537259e-01 3.461689442168357500e-01 3.410901144889909586e-01 3.464039570309312421e-01 3.461239852536066031e-01 3.404176314213642751e-01 3.362051381143603135e-01 3.389195975231379943e-01 3.383466599159582477e-01 3.334652169003455846e-01 3.358017730780224475e-01 3.414686196478832758e-01 3.386959805223608289e-01 3.353341078231338868e-01 3.347549452627073818e-01 3.353593559571404481e-01 3.341507522686809617e-01 3.412205612902566298e-01 3.319825478605818447e-01 3.387021832330298632e-01 3.442929582318058346e-01 3.310330893308500166e-01 3.376419448414622604e-01 3.365507803311399981e-01 3.344568388831589689e-01 3.411838756783098781e-01 3.403137958264776941e-01 3.434603413229467272e-01 3.432883765436386403e-01 3.383687175610428088e-01 3.413694771413342544e-01 3.433027785155607914e-01 3.412495305054021322e-01 3.450513859196561728e-01 3.442692702615663403e-01 3.410439911635833599e-01 3.464240672407227217e-01 3.498771292110990361e-01 3.493435217853234631e-01 3.368988395365282162e-01 3.487366045102475165e-01 3.456234115293096432e-01 3.420521859343934046e-01 3.432608612265676817e-01 3.369057401873697954e-01 3.415464557554603875e-01 3.390562346086888335e-01 3.451310969969428322e-01 3.414270201480177902e-01 3.462790144174072160e-01 3.473124369061985073e-01 3.429254087017676866e-01 3.437401724030279548e-01 3.431675316848519230e-01 3.390529805515147266e-01 3.405284982902815338e-01 3.325653640367140507e-01 3.368705838910299177e-01 3.358201379498390593e-01 3.399492696704595196e-01 3.356134347965049614e-01 3.393855112171689226e-01 3.364528393421294394e-01 3.406496817178026881e-01 3.406804666717202501e-01 3.322799623924172496e-01 3.385951531455574370e-01 3.416016360602739388e-01 3.402951348670334997e-01 3.408238012923677229e-01 3.381222137715332865e-01 3.385253042114929611e-01 3.344391991478312676e-01 3.356442166261012217e-01 3.333669805247315154e-01 3.378666759509053596e-01
6.959032927425613801e-02 1.386970472210341532e-01 2.684526951578183884e-01 1.000000000000000000e+00 3.248621812948469523e-01 3.449303007755666894e-01 5.495923804084852371e-01 5.194112018499118522e-01 5.548868473457339023e-01 4.989706827131732414e-01 5.473560784676957391e-01 6.117800281686623931e-01 5.409791625768389789e-01 5.360425855356669711e-01 6.043263403460104044e-01 5.858929152062214429e-01 5.688981436927693647e-01 5.600563743294824093e-01 5.739663456058713420e-01 5.632607366678229477e-01 5.900061575503919853e-01 5.977088354281820948e-01 6.099371323256410626e-01 5.794296499216351481e-01 5.959092700345143268e-01 6.081354953882728287e-01 6.155383321241224559e-01 6.215762408586609222e-01 5.773279937559696595e-01 6.232081758932602744e-01 6.285188664082044241e-01 6.130835651247993345e-01 5.893003864050351259e-01 6.247169928014111306e-01 5.921612708283604531e-01 6.154365748303299855e-01 6.112436782023288329e-01 6.231571540211563454e-01 6.221903956344420061e-01 6.114564740569582435e-01 6.208794055178880056e-01 6.153643956460106423e-01 6.191829649747356834e-01 6.188529623266290081e-01 6.205947129547479957e-01 6.155813200568681642e-01 6.036823974330756126e-01 6.094091523145016565e-01 6.069073139786008708e-01 6.123815346749652555e-01 6.211175539147198998e-01 6.255473896590900695e-01 6.164977280811134719e-01 6.090511504385005548e-01 6.081774746349041250e-01 6.192288610527331150e-01 6.118838884977396697e-01 6.139513500450166639e-01 6.098909449511686898e-01 6.095835777645404185e-01 6.190126421669266410e-01 6.039399790649233601e-01 6.097437142465915727e-01 6.090435874136598260e-01 6.129220551388444571e-01 6.129278520866667801e-01 6.064421017470560393e-01 6.135538141129561751e-01 6.205612735815011494e-01 6.209480873782982080e-01 6.188421339322928150e-01 6.143609037749681034e-01 6.076689118596518835e-01 6.165966850877075967e-01 6.197518802453308995e-01 6.152668429099806824e-01 6.242366109805589369e-01 6.094852130661292389e-01 6.175193398083506091e-01 6.108487637068729104e-01 6.129783645135773451e-01 6.209032391645769033e-01 6.302822452603690229e-01 6.167743020863292180e-01 6.157216084588478244e-01 6.184587829504488710e-01 6.185137084241227878e-01 6.201297610196704335e-01 6.171512208281736411e-01 6.219095859839250950e-01 6.198023300733132013e-01 6.166012757094163632e-01 6.147799958598976211e-01 6.180350593788662694e-01 6.093756902492513117e-01 6.096931411865353923e-01 6.113600514489915261e-01 6.172564958834936277e-01 6.148581559262099594e-01 6.136844429439212156e-01 6.137759273940095461e-01 6.159588678887583102e-01 6.089270804200087595e-01 6.114101611528137692e-01 6.169080666680610836e-01 6.149363719277128881e-01 6.155578679527394792e-01 6.131673688693652924e-01 6.176368363950889284e-01 6.117585887750590645e-01 6.116616951642421807e-01 6.119288020241255843e-01 6.106785066023274755e-01 6.137026688034068478e-01 6.103504322882384869e-01 6.137427653966671670e-01
4.785651899747991184e-02 9.110695769132773347e-02 2.064636733368034327e-01 3.248621812948469523e-01 1.000000000000000000e+00 2.506732212245211810e-01 4.284621140438792386e-01 4.083523853765321232e-01 4.057921857925542719e-01 3.753108876246081249e-01 3.960031031697305304e-01 4.531717592925398330e-01 4.263288101871460234e-01 4.367378477489038957e-01 4.657912673587971120e-01 4.427352034102093326e-01 4.268095244793793097e-01 3.979800264066634674e-01 4.196777749773725197e-01 4.192742112405018484e-01 3.920096390020422761e-01 4.337856420572123728e-01 4.342192514940918513e-01 4.285388988043298264e-01 4.210339300484621794e-01 4.548294300241697008e-01 4.401692229913142240e-01 4.476627265272185574e-01 4.218414502046878845e-01 4.549494896464024163e-01 4.664908826446905743e-01 4.661686872996586573e-01 4.399415383495030030e-01 4.597923582028143885e-01 4.612451885585632794e-01 4.422162926774713676e-01 4.450883793849413350e-01 4.595530688791054086e-01 4.643513147705613520e-01 4.382066851382914185e-01 4.646504586680650917e-01 4.618752975470969413e-01 4.630691335314782719e-01 4.736318483773809818e-01 4.618036057745134593e-01 4.681942040868042332e-01 4.645999863435060218e-01 4.683849492188508767e-01 4.638312098119902749e-01 4.437066982921736846e-01 4.558553790254917804e-01 4.626856804314259941e-01 4.686442523323374743e-01 4.691658434957610146e-01 4.591992476710624049e-01 4.648040033541319671e-01 4.531729293658071089e-01 4.723029772186786435e-01 4.590410723934158499e-01 4.727624840918192572e-01 4.693254769668345205e-01 4.631498354907248038e-01 4.572032312352720673e-01 4.588202657189316969e-01 4.724093368112598501e-01 4.721429334121712840e-01 4.700655767268916430e-01 4.672292773726282045e-01 4.736294169830053136e-01 4.698559808188483289e-01 4.592242796671633376e-01 4.689690764247341770e-01 4.679743394339441753e-01 4.614687954387814983e-01 4.712746010824828691e-01 4.698554764167124920e-01 4.674845784388040326e-01 4.636873901705316769e-01 4.661153203455588589e-01 4.618299281540512169e-01 4.658460757667503005e-01 4.708707776883647167e-01 4.664671564306338003e-01 4.656628996456594893e-01 4.663475013797203639e-01 4.694268545237937906e-01 4.657432223885940026e-01 4.680363789089375670e-01 4.704525413923484889e-01 4.645236517919465458e-01 4.681324356239509044e-01 4.729541879919760272e-01 4.720958245887492688e-01 4.720445016376871861e-01 4.719362121756099371e-01 4.700252977667637166e-01 4.580575995108813192e-01 4.605541832642555122e-01 4.658080227465214440e-01 4.641699562215786390e-01 4.700673382673997147e-01 4.636558169902822435e-01 4.726383845227353775e-01 4.717494093820381873e-01 4.720622400940909791e-01 4.592680249174209695e-01 4.681793278849808448e-01 4.708995620161824935e-01 4.713108988713444192e-01 4.713044620562482079e-01 4.672589998483607787e-01 4.722819217722165619e-01 4.670960604723686238e-01 4.685133511393883010e-01 4.702823774619094288e-01 4.706815084729722987e-01
6.869554274254158384e-03 8.429103817875741034e-02 2.518739234625821943e-01 3.449303007755666894e-01 2.506732212245211810e-01 1.000000000000000000e+00 5.034186880103332928e-01 4.539803170908562890e-01 4.774232461209331757e-01 4.513085151193310107e-01 5.008895979660132891e-01 5.466566689156697745e-01 4.593179561603741856e-01 5.237227937923418786e-01 5.582741413687698495e-01 5.260717584522823786e-01 4.827252371967731270e-01 4.719157055049595373e-01 5.057619851984460624e-01 4.155105327338728394e-01 4.678092389294511988e-01 5.182669776635954184e-01 4.959791226411596199e-01 4.971233397271244137e-01 5.096493774914120367e-01 5.352772590211780646e-01 5.210205990918501673e-01 5.269404377703936770e-01 4.839291129313777473e-01 5.499313968804278030e-01 5.555927599962238173e-01 5.412708602122628943e-01 5.140404198604486830e-01 5.339709506685459406e-01 5.372281355357697574e-01 5.102729906007448246e-01 5.320841109420139103e-01 5.541582769821126186e-01 5.527751160672574882e-01 5.272006063528417164e-01 5.645124207051012144e-01 5.634283832736447506e-01 5.481633008490648384e-01 5.694905180786677956e-01 5.558215404965523021e-01 5.618500116705169578e-01 5.639938762684909568e-01 5.694171381625341422e-01 5.595237704653009958e-01 5.322597300245440755e-01 5.518480513867698445e-01 5.419599899909040008e-01 5.586659557840538692e-01 5.660152875817062723e-01 5.668682532383390038e-01 5.624955700845641893e-01 5.579127744365554031e-01 5.640121360125213146e-01 5.633217280979462283e-01 5.674875147444284895e-01 5.683009174054849399e-01 5.707206171122402028e-01 5.608575121431661481e-01 5.545584051329736086e-01 5.609060129880080181e-01 5.644773597995152992e-01 5.691544922152171893e-01 5.696947227921153045e-01 5.640650946970281465e-01 5.615913097081426386e-01 5.620568023896610477e-01 5.685830375373543966e-01 5.606834444874129186e-01 5.619994156132805951e-01 5.689760219194655022e-01 5.677071280941223819e-01 5.625490590704295135e-01 5.507132297586241343e-01 5.698897170119129330e-01 5.705316955674756274e-01 5.699059717041343731e-01 5.720762130928838118e-01 5.605392034695255710e-01 5.678100316054736085e-01 5.560995051830357472e-01 5.635852199383787342e-01 5.645854531324814296e-01 5.693585320957363916e-01 5.736280297787577087e-01 5.696199204594758481e-01 5.683065175575467975e-01 5.731808212597958585e-01 5.679082397366933543e-01 5.705045891388614843e-01 5.698672982274806120e-01 5.737296650979507584e-01 5.638094564574164247e-01 5.594015505711992242e-01 5.680575596660909499e-01 5.689815068660371011e-01 5.696196967297523228e-01 5.674379617598522829e-01 5.660112353775363925e-01 5.717611557396099498e-01 5.667634179569206454e-01 5.643250250857864136e-01 5.671685507450845432e-01 5.711716905892141316e-01 5.723597266098172653e-01 5.720208987453402338e-01 5.709291232167362784e-01 5.710033733183133009e-01 5.716894432382964020e-01 5.680164049069642562e-01 5.643674730565532149e-01 5.705353983975516297e-01
3.487319073894221133e-02 1.267755313363685132e-01 3.045325026996958950e-01 5.495923804084852371e-01 4.284621140438792386e-01 5.034186880103332928e-01 1.000000000000000000e+00 6.686991870107816816e-01 7.162362712506605833e-01 6.652232758265385071e-01 7.161599696605287502e-01 8.016430016279152415e-01 6.894095992784272653e-01 7.239175566954728636e-01 8.267186233195488176e-01 7.815583215387020832e-01 7.263310084193945748e-01 7.035861376587343452e-01 7.470636192894568595e-01 6.554898175938748128e-01 7.274634533311791218e-01 7.754257785639969702e-01 7.618324342398373750e-01 7.430444862515926951e-01 7.685535573015492838e-01 7.954329583968777762e-01 7.880327180622693772e-01 8.025483464576307346e-01 7.488325578935545179e-01 8.228295057410982549e-01 8.250431683958638907e-01 8.042493574631688347e-01 7.710909777038540414e-01 8.051603473821631329e-01 7.838728496135695112e-01 7.706319258084072255e-01 8.024571687108544848e-01 8.252271445629220104e-01 8.275728204919998721e-01 8.040363020219288837e-01 8.257218722298768077e-01 8.316084772464594765e-01 8.126556314562534133e-01 8.304903247249201259e-01 8.165552337774719671e-01 8.334849847933567535e-01 8.208326152986321622e-01 8.256859275603225523e-01 8.190362176853726028e-01 7.957587731570590073e-01 8.186695556833736287e-01 8.082633228125710723e-01 8.177238465986704785e-01 8.214835822461459269e-01 8.194901793038752436e-01 8.239988729581380067e-01 8.137793176256278294e-01 8.222192141116210218e-01 8.247889048356593644e-01 8.229398092110267182e-01 8.235627141555380559e-01 8.221841037108554850e-01 8.180676104062301057e-01 8.113787379505871256e-01 8.137395360885414375e-01 8.210051361188643870e-01 8.233359394212175220e-01 8.273160285832564798e-01 8.287651729012807111e-01 8.205438090021501818e-01 8.255295187778011190e-01 8.283720778780371274e-01 8.231118427430543782e-01 8.233747159401113569e-01 8.289348556490123698e-01 8.290754588652613499e-01 8.357003945650417487e-01 8.178673666103496442e-01 8.377531216138646153e-01 8.330321826119181372e-01 8.273421834041220224e-01 8.306959112480283292e-01 8.293926684678224470e-01 8.323132200804861380e-01 8.199072240633789033e-01 8.293845721977745056e-01 8.300861570748677698e-01 8.347569580707184800e-01 8.348712193540857029e-01 8.266348745042471080e-01 8.357517913673062626e-01 8.355015383163919562e-01 8.305586350393557860e-01 8.366007119879985687e-01 8.269536070675090889e-01 8.283632186412261955e-01 8.170814244228266077e-01 8.139016811851951250e-01 8.237816864703769726e-01 8.258198089090670324e-01 8.271096099254453549e-01 8.244672499227958529e-01 8.233488285276555629e-01 8.262411217833365296e-01 8.233457824343423104e-01 8.219925195189483613e-01 8.246175134833898523e-01 8.272200123957027529e-01 8.323658876843824661e-01 8.264946114912696817e-01 8.290945349356233507e-01 8.268785024307122589e-01 8.269668503154287142e-01 8.227993908029864745e-01 8.166888800219744837e-01 8.247994410240184759e-01
4.599118964471904381e-02 1.082628224946160511e-01 2.839262112052234333e-01 5.194112018499118522e-01 4.083523853765321232e-01 4.539803170908562890e-01 6.686991870107816816e-01 1.000000000000000000e+00 6.807532000626960178e-01 6.246406052768193051e-01 6.575570276002294934e-01 7.607108273006080168e-01 6.606171364833909321e-01 7.022984806779507538e-01 7.695452441664584198e-01 7.498083749997346281e-01 7.015491529510218260e-01 6.536280801318342659e-01 6.987343934045143756e-01 6.297961737870069188e-01 6.804917323558434816e-01 7.331300528568807096e-01 7.071182110619924632e-01 6.908524949856564845e-01 7.137733271112776112e-01 7.479474102881215059e-01 7.384958540593117293e-01 7.407366045810772626e-01 7.166443473582092549e-01 7.776598343347903564e-01 7.736073141658317276e-01 7.659519777203448454e-01 7.261922060096763776e-01 7.691793785590135268e-01 7.544514363251810796e-01 7.483233028541844689e-01 7.499760875890602030e-01 7.814583365763133616e-01 7.802864062346792640e-01 7.385233680662272038e-01 7.763014947651416531e-01 7.759225892653370815e-01 7.682638128093912666e-01 7.888350176271140546e-01 7.714802248790896266e-01 7.811194246262200824e-01 7.836156016371169653e-01 7.823776992446508372e-01 7.849082864811804949e-01 7.695480357861194110e-01 7.849233705983668097e-01 7.736194295890963524e-01 7.799183818553423464e-01 7.749540399519818656e-01 7.714422268763819757e-01 7.675521050289216829e-01 7.715447681025419113e-01 7.798823244520632914e-01 7.826322973122649129e-01 7.826545090482041056e-01 7.881413003836856834e-01 7.766767341259053214e-01 7.775614842310261121e-01 7.767909883894231760e-01 7.768528594511536767e-01 7.747493349168095289e-01 7.870602828337470713e-01 7.827373602355657267e-01 7.859976407209910976e-01 7.780966947025707015e-01 7.811281713141102756e-01 7.847529389339371608e-01 7.708403500591836099e-01 7.785826343240580538e-01 7.838120006116102712e-01 7.842658414519644294e-01 7.815977884192218950e-01 7.820812800901720818e-01 7.835533775102656584e-01 7.835147274506643056e-01 7.815480985634370992e-01 7.857332226272575326e-01 7.824306653323600536e-01 7.828020695000863505e-01 7.849634419983236855e-01 7.881863423946336988e-01 7.811057872147376679e-01 7.886486432521667700e-01 7.887497955337072764e-01 7.729301413056810510e-01 7.789522754183993980e-01 7.873258846404074252e-01 7.865439949949447618e-01 7.857260622476535117e-01 7.879211756357200613e-01 7.856614341869293527e-01 7.835516893773347702e-01 7.804949406098214970e-01 7.870910862737239277e-01 7.881400826461205655e-01 7.865226014808864852e-01 7.849875136739679071e-01 7.882479190765069310e-01 7.903934306801666532e-01 7.871428472106148932e-01 7.731278494991704608e-01 7.875062483994612617e-01 7.836057430879972419e-01 7.864729304224562512e-01 7.870777936906718786e-01 7.843757479233031127e-01 7.868567694817212299e-01 7.821760570612135144e-01 7.838461537179209904e-01 7.827489113900834017e-01 7.801208148207285920e-01
1.352182683877168612e-01 1.632390246428228608e-01 2.954871912195277117e-01 5.548868473457339023e-01 4.057921857925542719e-01 4.774232461209331757e-01 7.162362712506605833e-01 6.807532000626960178e-01 1.000000000000000000e+00 7.037089916272146750e-01 7.291065816487952711e-01 8.191159859735077653e-01 7.097424005612719133e-01 7.602304013748448774e-01 8.364710415181247916e-01 7.963410669352168902e-01 7.945205199666183216e-01 7.042466587257204536e-01 7.501861156998071989e-01 6.926616945169421502e-01 7.420383747286208864e-01 7.878350956594137866e-01 7.533808733747606734e-01 7.536277646423069632e-01 7.554087693187848673e-01 8.132279482989923647e-01 8.020444813083171809e-01 7.968715226811440289e-01 7.575177945315760830e-01 8.414050807324756631e-01 8.423191044429610974e-01 8.150940561500898962e-01 7.768178308645339314e-01 8.206285232059302714e-01 8.098198861674911209e-01 7.943170905146850203e-01 8.051478273006387187e-01 8.238886636096928173e-01 8.367157974313703672e-01 7.781261467405351517e-01 8.371740618993888106e-01 8.348869893855824786e-01 8.258019211875893273e-01 8.483471474329675743e-01 8.368706725438317395e-01 8.342794602826330008e-01 8.545587894807643581e-01 8.602389083699597538e-01 8.556389741652715708e-01 8.080792129496210396e-01 8.334774872932353418e-01 8.430375283024789113e-01 8.482938854309509669e-01 8.603448791510510674e-01 8.417489672745530616e-01 8.345577707282914037e-01 8.537036418202006427e-01 8.508781671752770892e-01 8.466461740993067586e-01 8.689596071209563233e-01 8.597177634045803929e-01 8.578084204733674722e-01 8.478633829840344083e-01 8.537703099474488466e-01 8.720690161348199076e-01 8.697329228792641809e-01 8.629945885212980672e-01 8.529599938812192361e-01 8.532662843226250793e-01 8.581368079301131546e-01 8.480103550308794036e-01 8.583287759680005014e-01 8.427136882362493697e-01 8.458433999319674435e-01 8.559334615318817674e-01 8.592306342742905834e-01 8.502608523082865188e-01 8.447789501530700296e-01 8.507521642055797528e-01 8.586726655412039166e-01 8.575975062480559741e-01 8.598970747204119913e-01 8.586688328991952668e-01 8.530412755535903280e-01 8.369869853764748679e-01 8.542239293708451253e-01 8.532220810050791249e-01 8.485342821356710585e-01 8.574219261140145765e-01 8.463802004167231274e-01 8.410243025418790985e-01 8.552080599403482086e-01 8.559619526554067548e-01 8.544300268149143118e-01 8.613428489025655166e-01 8.615386805629673406e-01 8.334778662441700847e-01 8.544138562277999727e-01 8.536104461958137213e-01 8.511516113314919751e-01 8.529086067694767737e-01 8.523775786813994060e-01 8.542991517811872049e-01 8.575197550101437693e-01 8.599776691831979569e-01 8.562500009529416811e-01 8.619067701283089633e-01 8.621479651807879563e-01 8.574026195448883891e-01 8.624325844756963733e-01 8.527764065875723665e-01 8.676998680981293788e-01 8.587702926027004358e-01 8.613369204613358088e-01 8.705305285617377375e-01 8.684927198563414663e-01
5.173697655880832302e-02 1.856287543000061102e-01 2.940455870509776637e-01 4.989706827131732414e-01 3.753108876246081249e-01 4.513085151193310107e-01 6.652232758265385071e-01 6.246406052768193051e-01 7.037089916272146750e-01 1.000000000000000000e+00 6.709101938367391105e-01 7.546756228562164770e-01 6.511971911185154838e-01 7.078969865996808108e-01 7.657423690151947682e-01 7.387513376855306957e-01 7.142468916903244036e-01 6.460873323875420127e-01 6.934943436667388994e-01 6.401844540542394046e-01 6.569760896215083301e-01 7.192868077305084595e-01 7.271472259160922658e-01 6.873138082186995845e-01 6.874358312053034936e-01 7.645135650146072104e-01 7.506646350382151223e-01 7.464381985014783005e-01 7.034354560586020266e-01 7.841520058556982198e-01 7.859456299156153403e-01 7.604061714917722536e-01 7.233259654387792503e-01 7.674768476367669345e-01 7.556880313085829748e-01 7.425197195340832446e-01 7.604889879373711858e-01 7.729081169676866869e-01 7.786973569545764251e-01 7.426870725423516673e-01 7.848575464813802860e-01 7.826066740117977316e-01 7.628140449276197277e-01 7.844454545532426604e-01 7.763371274860438875e-01 7.743435116720376321e-01 7.906156923662378544e-01 7.935332233848085837e-01 7.852812223678867776e-01 7.539230319947524128e-01 7.756833651918837447e-01 7.690291868077726578e-01 7.744603542834586074e-01 7.907656557933240293e-01 7.775650358240056015e-01 7.839504007606840075e-01 7.787363514138443410e-01 7.885151804096244277e-01 7.887217172564291445e-01 7.916252163179119394e-01 7.882243534477078040e-01 7.871242244800767951e-01 7.837461169581715348e-01 7.824707420380401235e-01 7.836784605848192697e-01 7.890728382085065995e-01 7.903635011299624535e-01 7.843938783035977469e-01 7.898005945575098385e-01 7.867374625256073895e-01 7.726046724325053017e-01 7.842272203752612691e-01 7.757022859780258184e-01 7.712120506290096600e-01 7.899129058333531628e-01 7.885153840300105355e-01 7.865388302803776321e-01 7.783847856285583955e-01 7.879916713402262962e-01 7.909995275894066147e-01 7.894239936690959913e-01 7.929353775033080032e-01 7.930606401067264999e-01 7.893036620345050824e-01 7.781123238527395403e-01 7.882753116529273019e-01 7.893615696995021080e-01 7.888042672575703573e-01 7.908821119634944496e-01 7.853974170568790436e-01 7.857087681496593978e-01 7.901885913742965339e-01 7.883487715977877119e-01 7.889950298669935469e-01 7.933942557900393044e-01 7.945454116418417811e-01 7.670989583697426228e-01 7.765511557182449565e-01 7.868187595101218124e-01 7.855362831369629983e-01 7.853773747560475194e-01 7.838484232196218926e-01 7.860941051352403619e-01 7.886103720493607971e-01 7.870766233421211400e-01 7.823830994481373313e-01 7.914252406625235103e-01 7.945019639327954852e-01 7.918306103151342423e-01 7.934588547242683587e-01 7.866248130656727788e-01 7.944142759209028570e-01 7.873916268050219491e-01 7.881689953357492451e-01 7.863873791906788036e-01 7.925195923465746528e-01
1.006266245105408470e-02 1.398773332524496094e-01 3.230332359493148786e-01 5.473560784676957391e-01 3.960031031697305304e-01 5.008895979660132891e-01 7.161599696605287502e-01 6.575570276002294934e-01 7.291065816487952711e-01 6.709101938367391105e-01 1.000000000000000000e+00 8.130410027828834929e-01 7.003700041610778637e-01 7.448502242879331270e-01 8.185042840395095887e-01 7.847868736376943932e-01 7.443219612526538187e-01 7.174984262631627363e-01 7.549306208772704752e-01 6.664978939110808298e-01 7.254141452888659414e-01 7.758916466242299359e-01 7.683025459244121613e-01 7.527757841644611148e-01 7.614308685529282972e-01 8.025750948015256681e-01 7.890260802417867758e-01 7.915823001200548159e-01 7.469573344770897849e-01 8.278281338491129127e-01 8.416548813413867736e-01 8.156753487997566721e-01 7.753807870131789182e-01 8.121523523261069410e-01 8.043289174968221156e-01 7.910600462100408903e-01 8.164906543511547543e-01 8.282674374778826731e-01 8.314998038399193936e-01 8.084199396745952448e-01 8.305312855244344483e-01 8.347095012351614107e-01 8.204642079251900366e-01 8.382562996598966754e-01 8.325407091449341657e-01 8.332249547082417607e-01 8.365300132744671879e-01 8.406493065806396325e-01 8.352997441661186295e-01 8.063539882163345274e-01 8.272215020655361295e-01 8.206616578684238217e-01 8.299520617894570185e-01 8.390816785817876156e-01 8.342414518759821984e-01 8.324896136541256597e-01 8.323260745420382190e-01 8.341186408776120054e-01 8.363357676469587165e-01 8.420309544703986626e-01 8.384757296908277313e-01 8.396077152774923391e-01 8.343147519585055738e-01 8.245762639339916378e-01 8.247661089719638960e-01 8.385736401528174344e-01 8.383563073433857316e-01 8.410580414434157825e-01 8.403895507425992450e-01 8.372515873905969075e-01 8.355936081430737072e-01 8.385398512456248010e-01 8.335433569362162842e-01 8.350524543025054092e-01 8.433625861153294379e-01 8.398091721614494576e-01 8.371135691681144131e-01 8.234620257142440947e-01 8.418068688462537752e-01 8.411734704273132746e-01 8.404514804542958517e-01 8.442546467360068085e-01 8.428716532792437377e-01 8.382997679830287430e-01 8.346533633814107178e-01 8.396930320865310104e-01 8.401616538638493337e-01 8.430692026523233240e-01 8.423180164833071748e-01 8.395470775493305560e-01 8.422984869395930829e-01 8.444786817668167300e-01 8.425534904973024375e-01 8.448322691057174039e-01 8.425097001499147753e-01 8.443696415958831247e-01 8.328809546620393744e-01 8.297674834882852180e-01 8.400925085441862672e-01 8.389098701333225216e-01 8.396172329415920732e-01 8.402923234811452424e-01 8.361582920480985504e-01 8.407744696086842939e-01 8.395655855966882575e-01 8.372968084434433411e-01 8.418019411886700221e-01 8.446922613652180223e-01 8.464329331458669836e-01 8.418770700103489490e-01 8.422930778807429242e-01 8.427274863913595260e-01 8.445160659494419519e-01 8.366581574185902870e-01 8.329479182840141549e-01 8.414481768015148466e-01
2.851130877014443690e-02 1.662814099062664697e-01 3.362006579377507798e-01 6.117800281686623931e-01 4.531717592925398330e-01 5.466566689156697745e-01 8.016430016279152415e-01 7.607108273006080168e-01 8.191159859735077653e-01 7.546756228562164770e-01 8.130410027828834929e-01 1.000000000000000000e+00 7.884973745106782506e-01 8.339091693423753560e-01 9.135610431779461749e-01 8.763644395892318251e-01 8.350744042634926645e-01 7.966617397485877827e-01 8.411905885847675846e-01 7.495045475539613422e-01 8.169324691488557555e-01 8.755079542266323012e-01 8.549940033251111071e-01 8.412369053655277540e-01 8.595562975144176443e-01 8.967795027923021189e-01 8.893053811303051059e-01 8.903995615644182404e-01 8.399627027236652443e-01 9.229656321639460037e-01 9.388822802557346137e-01 9.050670856615385951e-01 8.605085481665477598e-01 9.064149703416052306e-01 8.926446864637976875e-01 8.804216393513020211e-01 9.017926586653743914e-01 9.212877999943718255e-01 9.246463171076675369e-01 8.887603230798631904e-01 9.292532147864983605e-01 9.293008817613235273e-01 9.199977986471574720e-01 9.349936687359232668e-01 9.254890352785769547e-01 9.286199627017891478e-01 9.342744143365324661e-01 9.382528675160923815e-01 9.334473896963114692e-01 9.031759934724729044e-01 9.258812735827063323e-01 9.201449789501421339e-01 9.246863814214884014e-01 9.349852763853628845e-01 9.268947722292483204e-01 9.250851465062079892e-01 9.245465156577959975e-01 9.321780253998528387e-01 9.354458267789513837e-01 9.377390654047228491e-01 9.392760627990979216e-01 9.348376490632449576e-01 9.313220423469987796e-01 9.253267022599950264e-01 9.291940017312367850e-01 9.360327612147923970e-01 9.374870903176973913e-01 9.377339340215827823e-01 9.374094379458403070e-01 9.339761820377806556e-01 9.354056531425806176e-01 9.397854634660314233e-01 9.277755737715659423e-01 9.333038583996324800e-01 9.405336004614640588e-01 9.394851816476850193e-01 9.373742719228284059e-01 9.243387260677315975e-01 9.392298115059413144e-01 9.379808733985286473e-01 9.380718764628135364e-01 9.426299501949128024e-01 9.368795648936580900e-01 9.367225762889102025e-01 9.281362114469515756e-01 9.361388787872331196e-01 9.354532029259871040e-01 9.384963319483361488e-01 9.401759338173693026e-01 9.291796542050398955e-01 9.349960075150035577e-01 9.411084045101686391e-01 9.385312060116076660e-01 9.411342355740938137e-01 9.395445857996516104e-01 9.403728008867741073e-01 9.202563420765210722e-01 9.253249766039545188e-01 9.348112548976705849e-01 9.338207721822836538e-01 9.366499232992183677e-01 9.339690806641161025e-01 9.359185043826814265e-01 9.392753277418375291e-01 9.371148568592485573e-01 9.283089914544303545e-01 9.387249757962267127e-01 9.406200440660384965e-01 9.397592181743100737e-01 9.396574332296326881e-01 9.365221626324097270e-01 9.406016141393489516e-01 9.368383338225040324e-01 9.355029099973406481e-01 9.336925770212054498e-01 9.388896693170807328e-01
3.287156002270256311e-02 1.421757202936681508e-01 2.843271444414900984e-01 5.409791625768389789e-01 4.263288101871460234e-01 4.593179561603741856e-01 6.894095992784272653e-01 6.606171364833909321e-01 7.097424005612719133e-01 6.511971911185154838e-01 7.003700041610778637e-01 7.884973745106782506e-01 1.000000000000000000e+00 7.119547556575954728e-01 7.966700340707250083e-01 7.697329844880350658e-01 7.035027996965901309e-01 6.923290679305100781e-01 7.300548997889272362e-01 6.594903774521819750e-01 7.001044190209204654e-01 7.515938250017656364e-01 7.481896518860450263e-01 7.255876549089034233e-01 7.427143210149081964e-01 7.893335182099447955e-01 7.729083427891303426e-01 7.762371503952314455e-01 7.319701210266229552e-01 7.992125527451838796e-01 8.052565958026587367e-01 7.799139055857451375e-01 7.447864408459669017e-01 7.805368549271338718e-01 7.700819296784445767e-01 7.526754413826558521e-01 7.812471970485741490e-01 7.930350727990567172e-01 8.016232142711866571e-01 7.741674716876715268e-01 8.053881786482262051e-01 8.059638877393153766e-01 7.968662391480463292e-01 8.097584174956835579e-01 8.011048483638188999e-01 8.058058406900078241e-01 8.050240185933089654e-01 8.085223235650126350e-01 7.987282122424919084e-01 7.668446459454129061e-01 7.875888717513344073e-01 7.955051134004921254e-01 8.025726674231794533e-01 8.054267597197890538e-01 7.977901071958515278e-01 7.966828005242315713e-01 7.908584102550476613e-01 8.107084217546915994e-01 8.006853977032009073e-01 8.145774070118887433e-01 8.109904777571562695e-01 8.046255602327142542e-01 7.941374196185611023e-01 7.922383570732698388e-01 8.017129044975218610e-01 8.098579263855973931e-01 8.091521390644335066e-01 8.104330697901356295e-01 8.093877082127631795e-01 8.083268517012113241e-01 8.062057277044539783e-01 8.129217335194961480e-01 8.024168023100339830e-01 8.038152782809142582e-01 8.132871001597764549e-01 8.107059176550187596e-01 8.103547042532908140e-01 8.023510942738492080e-01 8.113667427352618811e-01 8.061631809964203699e-01 8.112483061700948017e-01 8.142551961113342340e-01 8.073310652240338614e-01 8.089273014606234158e-01 7.982137875898948076e-01 8.063217001874876111e-01 8.093105945971986737e-01 8.120264758535437055e-01 8.125349481003227847e-01 8.041884530569480827e-01 8.109183323509470132e-01 8.149427640497787229e-01 8.123327208534432131e-01 8.155465663432318602e-01 8.107118873196799136e-01 8.131827385680789888e-01 7.927861048065409921e-01 7.955118152511885254e-01 8.071773355981588516e-01 8.039099424177502673e-01 8.079060964942520462e-01 8.038136041015275790e-01 8.107792944548746217e-01 8.119443017357373948e-01 8.088211423320363913e-01 7.995707110403188489e-01 8.082216936253798778e-01 8.141633280977611520e-01 8.105797084087432713e-01 8.135195749583143954e-01 8.098092028735144332e-01 8.160314481523712749e-01 8.095066905885247577e-01 8.081551434143670054e-01 8.080845069658588731e-01 8.135388518239836664e-01
