1.000000000000000000e+00 3.074044442953196565e-01 1.847359793054049459e-01 1.443456282074777886e-01 1.630345098182881536e-01 -1.521795613026067327e-02 1.050929876398905838e-01 8.905393179627772715e-02 2.785769834083222096e-01 1.428940503531037631e-01 1.104272161413680370e-01 5.440251740138666442e-02 9.457114015636583493e-02 5.184619477597029319e-03 4.563967484651118567e-02 9.005564602643229000e-02 1.921490651618525114e-01 3.035637783427811431e-01 2.713197934135516132e-01 1.691963594399848170e-01 2.730451354839534273e-01 2.876025545216344126e-01 2.720875057224660387e-01 2.950652675382454682e-01 2.879402092746768949e-01 2.075862393067632317e-01 1.144155784919148600e-01 1.020377159519787608e-01 2.032087688200197029e-01 1.596762778410480699e-01 1.232560831209101593e-01 1.607265223469882265e-01 8.475068538684417396e-02 1.212173561815558520e-01 1.022775390646357696e-01 4.630028477758433431e-02 5.542618011167881054e-02 8.573605312641584264e-02 2.798519862839594571e-02 3.331602651728574668e-03 8.972239037785577354e-02 2.062898977428389430e-02 3.940095953676335527e-02 5.954406791072937993e-02 9.430694014710160056e-02 5.189084911090573876e-02 1.643060833057709280e-02 4.921964028455342449e-02 4.720096053240440542e-02 8.180738384599971214e-02 6.615574265352229533e-02 4.856454811375369301e-02 5.880424490825177791e-02 7.446141902387923284e-02 8.163926450729833140e-02 9.745924955125292999e-02 1.033536431300877967e-01 2.999090918447584048e-02 6.046050728070907765e-02 6.459047275081847284e-02 2.550879589465163827e-02 4.974115113967443602e-02 6.138717498224418451e-02 6.418942265735300134e-02 9.809793431324032031e-02 7.844332916109514331e-02 6.116394514513411040e-02 1.034275461195453966e-01 1.047558530649715658e-01 1.010685280425017707e-01 1.176954474633327002e-01 1.020231194475157838e-01 1.298093077257117534e-01 1.185905189073052646e-01 7.206161258037424577e-02 5.455003764677059802e-02 3.453079617211905067e-02 8.843727771061302145e-02 9.389422743439299057e-02 9.430309565828665086e-02 6.728738162178937721e-02 6.252471472280726750e-02 8.547794838704404763e-02 7.250924616858367422e-02 6.636028597172584365e-02 7.132681501684130787e-02 3.218669537613262632e-02 5.142560358516812952e-02 3.080540905653647923e-02 6.078171126289903803e-02 2.169932410117320770e-02 2.723883999192660763e-02 3.645592718329778575e-02 2.630878704888399075e-02 1.260902332882228583e-02 3.256395776140313947e-02 4.282156460372086443e-02 8.600990682667436493e-02 4.037627845738613053e-02 3.885541509504068097e-02 1.726434618748744210e-02 4.526772681962139971e-02 3.875395134868887120e-02 2.322938487809014449e-02 3.722924553129123432e-02 7.371953520699418838e-02 3.934843093114162582e-02 3.129837657387285477e-02 4.307680768334484767e-02 3.900293861003193557e-02 2.768405621770310757e-02 3.678521101167320229e-02 2.755390649211092793e-02 4.701689847494727043e-02 5.750458406321851124e-02 5.151149547706734833e-02
3.074044442953196565e-01 1.000000000000000000e+00 1.341053551720180204e-01 1.475197022285262560e-01 1.673278197103516551e-01 5.081631989142219863e-02 1.468231960353381105e-01 1.490596630009869139e-01 2.538585214154999714e-01 2.715867630420884526e-01 1.968878853097355275e-01 1.435093257575722481e-01 1.752133095227113857e-01 1.314116806755775968e-01 1.595644009639039795e-01 1.636013783593709414e-01 1.786571541403793317e-01 3.013753410079528239e-01 2.868809790711328023e-01 1.610175025762454748e-01 2.516899699938096591e-01 2.884397070265974361e-01 3.144009928824908484e-01 2.976471552065271808e-01 3.018991013117786060e-01 2.580375865965183757e-01 2.098880719565911768e-01 2.453299144226228912e-01 2.945995858280887059e-01 2.747442732150427447e-01 2.339938891351426020e-01 2.392057965247846862e-01 2.077980821794939148e-01 2.144214999687416301e-01 1.981701196491508499e-01 1.369653593104133982e-01 1.761767569583639337e-01 2.144554435434438688e-01 1.609791205585143492e-01 1.785664665318365263e-01 2.001113871118474219e-01 1.624657843777721489e-01 1.361854900723664941e-01 1.580471627226781584e-01 1.970836114135026962e-01 1.947210250545182986e-01 1.386593538954751792e-01 1.571672287769275145e-01 1.587774668129555145e-01 1.778965406226617196e-01 1.739570826325001485e-01 1.028688606918470028e-01 1.270658571575836726e-01 1.690750896338321096e-01 1.776567772495228348e-01 2.227485806150222014e-01 1.623498694453048286e-01 1.402127904609692111e-01 1.737992452102202212e-01 1.477773274517697188e-01 1.311705664627079715e-01 1.457624314137510868e-01 1.679090946974188536e-01 1.372358193797186821e-01 1.623258319751560153e-01 1.498528785420149001e-01 1.618791253070512859e-01 1.989597529844059354e-01 2.015354927459182266e-01 1.790451611642481788e-01 2.017098206525261284e-01 2.007127600707245552e-01 2.088117840015712989e-01 2.125041263006615944e-01 1.755340131600050535e-01 1.734770094265272733e-01 1.755776204818306763e-01 2.064287038186506940e-01 2.153498623636277698e-01 1.908093380000784878e-01 1.821957284543598288e-01 1.794841677427460036e-01 1.944703630035826414e-01 1.882948399794119876e-01 1.848570257598240452e-01 1.808592759786109838e-01 1.507775446156566779e-01 1.843152743850523245e-01 1.619032739248126851e-01 1.935394098214693048e-01 1.695331789764414898e-01 1.646281133430838317e-01 1.548184426198156716e-01 1.609246954708174471e-01 1.394651890425962770e-01 1.528399613393376655e-01 1.540368909912127604e-01 1.605142915487988431e-01 1.491881608215225863e-01 1.626694774605731419e-01 1.394682434943703142e-01 1.565607378487575418e-01 1.324596332782860264e-01 1.376298477854007996e-01 1.424539728516076020e-01 1.635910141052409339e-01 1.552627770458305523e-01 1.592035259601007890e-01 1.701464642332013166e-01 1.519957509501846937e-01 1.584056421437635143e-01 1.414269678656747131e-01 1.429773014255016073e-01 1.472348921000151412e-01 1.518769172308708781e-01 1.425275887356847460e-01
1.847359793054049459e-01 1.341053551720180204e-01 1.000000000000000000e+00 3.264584045231472831e-01 1.985428561780940848e-01 2.316759552680548173e-01 2.939876950797620236e-01 3.085168658857131985e-01 3.936690921345307181e-01 3.468140897486447494e-01 4.175338932644315770e-01 3.813099261507021387e-01 3.441901196499269067e-01 2.935770596334248417e-01 3.576635739754350229e-01 3.713816401643240117e-01 3.959656891761670905e-01 4.002756631157723954e-01 4.381735066886071617e-01 2.506763029119684072e-01 3.994962920355329961e-01 4.367114967797199876e-01 4.210394695920257613e-01 4.160526222073759328e-01 4.416281345221264587e-01 4.318779498806322725e-01 4.283444198672008985e-01 4.265375397789474277e-01 4.247095692737078432e-01 4.179392345508933237e-01 4.245524096142110348e-01 4.325605180831953445e-01 4.240372920699906900e-01 4.161678131746939791e-01 4.152001247599904632e-01 3.799883483340802948e-01 4.059474810050882621e-01 4.088278604664221660e-01 3.885232059633352830e-01 4.005087204554585445e-01 4.057305614049245834e-01 3.952410157454857020e-01 3.800292063433122203e-01 3.989232132685912591e-01 4.273027409637880081e-01 3.939212377503802376e-01 3.682008751099615784e-01 3.811539398559450897e-01 3.743348170610587000e-01 4.007185893526830633e-01 3.940103546731288375e-01 3.492934222608624628e-01 3.706561862338388358e-01 3.745965893588776296e-01 3.748043090195521398e-01 3.998759865993481433e-01 3.665562377817462858e-01 3.782252125986891866e-01 3.753624230163967179e-01 3.814284766309938846e-01 3.661160094326625924e-01 3.678139574240600340e-01 3.739832516453715505e-01 3.702128575240153929e-01 3.851550714518452989e-01 3.771674141081350351e-01 3.878530852645878935e-01 4.124037776660838817e-01 4.088742717590662101e-01 3.807111876435614328e-01 4.118655293106204263e-01 4.112600396916610279e-01 4.138025784083915748e-01 4.198024405360167854e-01 3.981086593221566106e-01 4.020281879402179404e-01 3.964171843492848568e-01 4.053144577779654867e-01 4.131141651484505628e-01 4.073729395583238766e-01 4.047397537884127039e-01 4.040839228609824918e-01 4.078473243300969053e-01 4.150988861845020250e-01 4.064859802828839630e-01 4.012255214423096628e-01 3.948535871660843188e-01 3.961165036333717526e-01 3.912543021218289341e-01 3.961588390720638952e-01 4.013913883423401718e-01 3.913901497795639339e-01 3.929335919854459735e-01 3.902718572561015842e-01 3.660544581931144958e-01 3.749982449637657145e-01 3.791747677500948988e-01 3.760281725810108999e-01 3.657827922535805132e-01 3.858008755747473484e-01 3.717726459508312042e-01 3.705236264879015473e-01 3.692871439494339048e-01 3.747621245876894824e-01 3.796797191389537640e-01 3.741492085830974701e-01 3.734575343858543839e-01 3.741819604866673532e-01 3.778879079253363305e-01 3.724254820935601340e-01 3.739133731350963719e-01 3.697110238487044120e-01 3.647184364497423337e-01 3.686085245923199638e-01 3.800138578451191518e-01 3.713730026808439444e-01
1.443456282074777886e-01 1.475197022285262560e-01 3.264584045231472831e-01 1.000000000000000000e+00 4.540089879549620289e-01 3.479319111978653178e-01 5.525417376793158031e-01 5.749006706340705763e-01 5.338231122398782169e-01 4.159650729263847380e-01 5.793813391016208181e-01 6.543681651908949126e-01 5.620580807889593578e-01 4.891271508016807879e-01 5.718611771969381863e-01 6.063273753023500356e-01 4.933135955341823031e-01 5.069756179422340026e-01 5.371550666207461910e-01 5.714768108365929633e-01 6.071490132198266165e-01 5.932710809795439522e-01 5.122639870954011077e-01 4.880360980871789600e-01 5.259282373899646368e-01 5.545736708099099355e-01 5.769434115997750245e-01 5.245928723969934815e-01 5.280352086036785852e-01 5.031869958758170558e-01 5.335495385936460666e-01 5.740892010742999485e-01 5.119927466662164139e-01 5.303361080123738525e-01 5.282230163323705652e-01 5.583651652209917771e-01 5.521846558195402377e-01 5.021212258792698835e-01 5.252147227474743829e-01 5.666718041697366148e-01 5.884126345695886995e-01 5.598153891988042474e-01 5.992243190771443517e-01 5.912969714816851408e-01 5.837197681654877623e-01 5.269272308433202712e-01 5.423904049225692914e-01 5.344208679962176856e-01 5.396023832669382125e-01 5.752470083614446006e-01 5.715316016339798688e-01 6.108084007025075257e-01 5.985915647458570632e-01 5.088102358178302476e-01 5.198677965548837987e-01 5.343439620985083183e-01 5.446838594220581031e-01 5.425046742416418377e-01 5.170610197091584093e-01 5.572223676237958445e-01 5.666154168073498365e-01 5.248077122773031622e-01 5.478375730005645705e-01 5.507167133064054809e-01 5.680708286938259688e-01 5.647452284937309885e-01 5.543291438078349342e-01 5.646398160780810027e-01 5.724497883344471516e-01 6.222596590553783891e-01 5.982424937935103548e-01 5.651627287158100810e-01 5.861421068258416689e-01 5.699090281418374149e-01 5.615114890193383390e-01 5.653351560902033501e-01 5.531065878368969235e-01 5.541512714246258353e-01 5.558105473341351521e-01 5.591684824815221777e-01 5.605986906557521854e-01 5.517180703186147506e-01 5.562112112027136623e-01 5.473669312605355941e-01 5.754428895073100403e-01 5.635391123819419867e-01 5.664041662846570624e-01 5.406921052278770290e-01 5.429205563122786460e-01 5.541475096967537484e-01 5.639386701596428297e-01 5.643005016245765670e-01 5.737244959750732454e-01 5.507655705448095684e-01 5.327094336474654801e-01 5.371705695036289585e-01 5.710529591850285192e-01 5.600282295366999508e-01 5.546396207332559003e-01 5.668415585690946834e-01 5.694119663338224058e-01 5.459794368119533781e-01 5.702881210061362394e-01 5.622092826978652980e-01 5.795461027130344167e-01 5.408843192374273023e-01 5.436121576894653584e-01 5.347628021692587552e-01 5.366796082043802096e-01 5.412990379412941921e-01 5.349690583670015931e-01 5.421226349373354791e-01 5.282710871166546029e-01 5.411982301908554449e-01 5.521169000277490468e-01 5.522936085963725539e-01
1.630345098182881536e-01 1.673278197103516551e-01 1.985428561780940848e-01 4.540089879549620289e-01 1.000000000000000000e+00 2.764261586849663943e-01 5.210659172488719681e-01 5.412929020409202874e-01 4.695346705966628176e-01 3.395057654725560647e-01 4.556485813650121841e-01 4.987985171902057924e-01 5.093699460434255588e-01 4.124147425346761930e-01 5.096998564242329888e-01 5.484490352910659228e-01 4.098244142958377134e-01 4.222838265466736241e-01 4.354755625507267247e-01 4.970244818291330580e-01 5.044743531407458459e-01 4.890239760926013424e-01 4.096841138995612752e-01 3.892643061877812394e-01 4.249097624412228047e-01 5.115002026326532780e-01 4.741786748232644233e-01 4.242852964652035208e-01 4.123913169267275913e-01 4.082289768283822173e-01 4.448534152743885972e-01 4.525528942703069823e-01 4.004343977134270927e-01 4.085249842738644666e-01 4.144373110964089668e-01 4.241768019243170040e-01 4.250409965419311153e-01 4.147932694254328201e-01 4.147411353672668111e-01 4.369725952045138695e-01 5.011668900541222937e-01 4.602818673733267696e-01 4.951569874923305026e-01 4.874173340690335365e-01 4.677339255025137477e-01 4.304421737238907641e-01 4.451012713229827167e-01 4.422531918682411356e-01 4.526899611631237108e-01 4.632824955391945942e-01 4.700139910404913524e-01 4.940346614174399575e-01 4.989785504600057764e-01 4.369179642860620549e-01 4.586374489382590847e-01 4.549197415378650189e-01 4.690930015861353719e-01 4.621775481928316887e-01 4.522176048983703178e-01 4.707048413991743452e-01 4.717614284823113957e-01 4.563987587529020895e-01 4.623881675669057056e-01 4.690840858519678136e-01 4.689992418034970578e-01 4.728580505514965449e-01 4.477887541603334798e-01 4.590273625842128391e-01 4.645518964294863551e-01 5.147046223679335730e-01 4.865108244867024645e-01 4.555138265654531948e-01 4.716558002569400943e-01 4.518483636099331346e-01 4.744054524725007105e-01 4.551648459445602479e-01 4.414783560927578177e-01 4.392050030247829917e-01 4.578553219915040828e-01 4.488125330866614138e-01 4.504066993281852782e-01 4.487248297417990028e-01 4.422815275000505086e-01 4.429059971688797948e-01 4.528547611801699291e-01 4.488808860883019003e-01 4.431284766362713623e-01 4.385229931517348745e-01 4.388078971032879361e-01 4.570012226182174064e-01 4.506896007221831146e-01 4.572897927219800596e-01 4.584725750486297602e-01 4.446398251303941285e-01 4.310898281077921168e-01 4.409746068015058529e-01 4.716555840933834842e-01 4.620390628525194998e-01 4.626374227581497300e-01 4.640238855213927316e-01 4.682333136232116888e-01 4.473266953807953361e-01 4.652739324323678649e-01 4.645346450193284515e-01 4.611056639673652979e-01 4.510620802307403476e-01 4.425873271021887323e-01 4.393867816928827552e-01 4.495274633285072374e-01 4.538325407437528991e-01 4.457279631327919489e-01 4.517622755027760895e-01 4.404683524972116682e-01 4.487467218393241808e-01 4.471742911071577842e-01 4.520943220549534791e-01
-1.521795613026067327e-02 5.081631989142219863e-02 2.316759552680548173e-01 3.479319111978653178e-01 2.764261586849663943e-01 1.000000000000000000e+00 4.702923299805875645e-01 4.468548782533613428e-01 4.821928992488528354e-01 4.417973253177855386e-01 5.321381465457427629e-01 5.712829527257301532e-01 4.982981017960332881e-01 5.182780081992306442e-01 5.504355437427790321e-01 5.514229310087932490e-01 4.900254904386353028e-01 3.525096702190511633e-01 4.260699797747478090e-01 3.399097350729227140e-01 4.159196381203185133e-01 4.537796465300134585e-01 3.944323043789040861e-01 3.685282846287806779e-01 4.137463438590016640e-01 5.072458816056366615e-01 5.337777719923080255e-01 4.923791703014587240e-01 4.623958547060322277e-01 4.563127466890574691e-01 5.366711850094035841e-01 5.157106794823190787e-01 4.845769762993853980e-01 5.075367546982452183e-01 5.018358104482483206e-01 5.461136643272801461e-01 5.514975989587801442e-01 5.298279730366910467e-01 5.621245149935030216e-01 5.417668426667815451e-01 5.781458196755741019e-01 5.816612098833026101e-01 5.704586899131002253e-01 5.862497105012521859e-01 5.655015029752924471e-01 5.574626062113399172e-01 5.899608911939572264e-01 5.888324893350792566e-01 5.811254912206325063e-01 5.550146670868497667e-01 5.664601188237624596e-01 5.646128801426008037e-01 5.826433846179461806e-01 5.713340963648519955e-01 5.667557199422454950e-01 5.532190742457027133e-01 5.670078839826254713e-01 5.866541018815817354e-01 5.711155176164413039e-01 5.902912073830232087e-01 5.897480805996512254e-01 5.808466655114409294e-01 5.753463131637954753e-01 5.816243797342010025e-01 5.799699288555543175e-01 5.837553009552591821e-01 5.829847403240090431e-01 5.682625716996140275e-01 5.618081001559918075e-01 5.617844115343674227e-01 5.734072726065601033e-01 5.746601830463194949e-01 5.515886371552325418e-01 5.573718464659742633e-01 5.819159103865673144e-01 5.843085382174687537e-01 5.804655751437415301e-01 5.670007186191611259e-01 5.661581948558860322e-01 5.613297772557778176e-01 5.732044606441780710e-01 5.810914881195974324e-01 5.697496162113151463e-01 5.601372385696776757e-01 5.735965828776483644e-01 5.723274056363082396e-01 5.853002603558739025e-01 5.758534167116848845e-01 5.856324429070807192e-01 5.754950317640705748e-01 5.801286822920072028e-01 5.909148737013196762e-01 5.924902186825317107e-01 5.870443625183932035e-01 5.915667866974556599e-01 5.906758403305589766e-01 5.841875780143115371e-01 5.793683593467802151e-01 5.908308073505460500e-01 5.879420215569781671e-01 5.956043343745760499e-01 5.860544207596365407e-01 5.913504284576927006e-01 5.957952775976811388e-01 5.934568598867745459e-01 5.830378453332027977e-01 5.894810850505004529e-01 5.855694090751203396e-01 5.835087077373115605e-01 5.911459944042128933e-01 5.860923485988566162e-01 5.947741452054838840e-01 5.881630596217598539e-01 5.892951011601725853e-01 5.885669094498173770e-01 5.914157094356153888e-01
1.050929876398905838e-01 1.468231960353381105e-01 2.939876950797620236e-01 5.525417376793158031e-01 5.210659172488719681e-01 4.702923299805875645e-01 1.000000000000000000e+00 7.085718334724648848e-01 6.482896636436529247e-01 5.421332006441945683e-01 6.684576010537627289e-01 7.286169397919297630e-01 6.791146389196842659e-01 6.395181293138453293e-01 8.285547869733100868e-01 7.568188650578738796e-01 6.186011997169148513e-01 5.377172470563092999e-01 5.991663164033823596e-01 5.576294019158826165e-01 5.971559459350581633e-01 6.373929661326819263e-01 5.658589483818351473e-01 5.179520318889845321e-01 5.725048103236560770e-01 6.976872775002478377e-01 7.058948443140490303e-01 6.769850216710355806e-01 6.016761251006712552e-01 5.969179967781275131e-01 6.741910490262409406e-01 6.714726241039529198e-01 6.382508939783775315e-01 6.324989366214861519e-01 6.237374204482579731e-01 6.702639300088070184e-01 6.634565218079402360e-01 6.673228058725173550e-01 6.896363489654679935e-01 6.976421499028527817e-01 7.504372429991517102e-01 7.302484096766819199e-01 7.490173926063514731e-01 7.501403717391559312e-01 7.033167393097440323e-01 7.080537139279765579e-01 7.087026448718282134e-01 7.011419998573480417e-01 7.192862513866362661e-01 7.280118498050490716e-01 7.375162986971655066e-01 7.329485295219141383e-01 7.373555662933819477e-01 6.935294849563572450e-01 7.093136634712506883e-01 6.916956206008368913e-01 7.236494114104452535e-01 7.182369347011201555e-01 7.182046821497246603e-01 7.214998983624496542e-01 7.379769388962038601e-01 7.094553015448727962e-01 7.172555801162651123e-01 7.252640035479528402e-01 7.111811310265832020e-01 7.213235142112032205e-01 7.104155060534026456e-01 7.008739653875616371e-01 7.027963750970116497e-01 7.340002967955688851e-01 7.153505861517531761e-01 7.018832255086110417e-01 6.940036647733680564e-01 6.889693894813927466e-01 7.284158690771773692e-01 7.179402724703570771e-01 7.178000905851475988e-01 6.891265638461444576e-01 7.106781295073246740e-01 6.879539502251764693e-01 7.040352806059081425e-01 7.076745918693119197e-01 6.950383797293214760e-01 6.931743647101227257e-01 7.105101789557046743e-01 7.018954919673505710e-01 7.026425501800787066e-01 7.042891325369022848e-01 7.073590538881724399e-01 7.090660235595143135e-01 7.132745112618602557e-01 7.227626576186521046e-01 7.207767317305914245e-01 7.186182202705643229e-01 7.021499577363039535e-01 7.095961309249582127e-01 7.387301429771828687e-01 7.260773138251952474e-01 7.342977264994938746e-01 7.317973706917383359e-01 7.366867036367140686e-01 7.228912871984081168e-01 7.299148149616890846e-01 7.295163831295113921e-01 7.269307505884897713e-01 7.169881601590520903e-01 7.131571839552222070e-01 7.055075558156130855e-01 7.129790687850715569e-01 7.167261572931259428e-01 7.111715313247138903e-01 7.116242785080697519e-01 7.088693380217740980e-01 7.151757533710660919e-01 7.054569529108551951e-01 7.164908679007158110e-01
8.905393179627772715e-02 1.490596630009869139e-01 3.085168658857131985e-01 5.749006706340705763e-01 5.412929020409202874e-01 4.468548782533613428e-01 7.085718334724648848e-01 1.000000000000000000e+00 6.482451799326853781e-01 5.472554147345755071e-01 6.829345905939003814e-01 7.425006312931734520e-01 6.908167623537752045e-01 6.443040065894813928e-01 7.865871711216910755e-01 7.965393011315753391e-01 6.078156811392574355e-01 5.410787815168013326e-01 5.982829790917684187e-01 5.206217815373328506e-01 6.013121180526864729e-01 6.429814398764660544e-01 5.784726859906748064e-01 5.190656706964504874e-01 5.823004072268088693e-01 6.921373074645500445e-01 7.009500822248028173e-01 6.849270078825281383e-01 6.369530709007057423e-01 5.887595370199241174e-01 6.773321045427163067e-01 6.902961202876065627e-01 6.609935114651411814e-01 6.503238719081719799e-01 6.421881809448850564e-01 6.696317685487344074e-01 6.664881853381170451e-01 7.088867058951562328e-01 7.005620049851875031e-01 7.138188279775514733e-01 7.461883757816113460e-01 7.393379324188357193e-01 7.395823128957539350e-01 7.543073978878587216e-01 7.161009408519066755e-01 7.127276999487128784e-01 7.183883993658766176e-01 7.046369118392509234e-01 7.291015678397295696e-01 7.465328486644841055e-01 7.576051516836910249e-01 7.146834806693280751e-01 7.346318679170039667e-01 6.859463234071627724e-01 7.125699961172673458e-01 7.031846233682583769e-01 7.131346249139277615e-01 7.298496876236933995e-01 7.314053747728248567e-01 7.200033991927267119e-01 7.405930266522462446e-01 7.153705567205541627e-01 7.275727418802974134e-01 7.258656687676866559e-01 7.150973874615760284e-01 7.165464136853794130e-01 7.137048532181726745e-01 7.117636245434937337e-01 7.118358077567089603e-01 7.287232952687390242e-01 7.276672314527061758e-01 7.126488703372572120e-01 6.976753943291315041e-01 6.997329878676997739e-01 7.303477848447833543e-01 7.267935725970403604e-01 7.277981873940102542e-01 7.114804786980871709e-01 7.212397643662569191e-01 6.969922515008966091e-01 7.156785672474450521e-01 7.173095701225616905e-01 7.096051872861987020e-01 7.104655934427811514e-01 7.324577005359075299e-01 7.144644057205481458e-01 7.151275789826158080e-01 7.240316068537681060e-01 7.184068054919057200e-01 7.224486057415406837e-01 7.288573035512887488e-01 7.334297844967333502e-01 7.264217509420205499e-01 7.258313162808562868e-01 7.112313278929299765e-01 7.141076243611861329e-01 7.467718352078442923e-01 7.329949376277471451e-01 7.353689747839722290e-01 7.430673696031725450e-01 7.374624878817559459e-01 7.316458190316681431e-01 7.289101864673110942e-01 7.371740297602979997e-01 7.312023160171168268e-01 7.191074064441013158e-01 7.207682240748941593e-01 7.088109784021747739e-01 7.204700127533486542e-01 7.253081612090619412e-01 7.253500506353314226e-01 7.172315405495727214e-01 7.140538763269447253e-01 7.214001618772344360e-01 7.117317889818057797e-01 7.134937941986926324e-01
2.785769834083222096e-01 2.538585214154999714e-01 3.936690921345307181e-01 5.338231122398782169e-01 4.695346705966628176e-01 4.821928992488528354e-01 6.482896636436529247e-01 6.482451799326853781e-01 1.000000000000000000e+00 7.400318994714860654e-01 7.993400695868361217e-01 7.900179098721895610e-01 7.583314884528065125e-01 7.158578812894060839e-01 7.772282253971423138e-01 8.020666732783137132e-01 8.109113685029004648e-01 7.076341241374415336e-01 7.751037726114009541e-01 5.898375000319899808e-01 7.270524090527921146e-01 7.941479626004798176e-01 7.599302177651316992e-01 7.180687077595764300e-01 7.644509031645400077e-01 8.462632355942902862e-01 8.156209251491753909e-01 7.422029468176707390e-01 7.671533756662353154e-01 7.564293281978633487e-01 8.240504514692453819e-01 8.355339448489558229e-01 7.366687435131776818e-01 7.919816561183659065e-01 7.740890837256305668e-01 7.845304595489529520e-01 7.893115709328921703e-01 8.102964831503309817e-01 7.920804124755458364e-01 7.443510085212985405e-01 8.481516184840035555e-01 8.063726679856436652e-01 8.031247794337144086e-01 8.414499483891078047e-01 8.466097692822035503e-01 8.216073449918562810e-01 8.278860486391415030e-01 8.469504730080877897e-01 8.390887982898191932e-01 8.300534253096392145e-01 8.343976886911673718e-01 7.899667964313085156e-01 8.308731390930356175e-01 8.517591167474075631e-01 8.543003211222129911e-01 8.511081286840003202e-01 8.530799637857219286e-01 8.256354084641969182e-01 8.358743040775147293e-01 8.519528138240163306e-01 8.325738842109126070e-01 8.345991347156356266e-01 8.401799649541038528e-01 8.420049610029004539e-01 8.582145276442179060e-01 8.563624162256795458e-01 8.520282642168205411e-01 8.601026566929217410e-01 8.609206412789941476e-01 8.464137999718627237e-01 8.606953484214449057e-01 8.624529147878853275e-01 8.505590180336358719e-01 8.505852359457293232e-01 8.556972576175777556e-01 8.401348554306886651e-01 8.241418956321709954e-01 8.463098951926903979e-01 8.496439824658483797e-01 8.485591217061270175e-01 8.475066061243292648e-01 8.464950433642985939e-01 8.550272260512588041e-01 8.367412186624016979e-01 8.420920912021747640e-01 8.449611687949082350e-01 8.266244990921907121e-01 8.417410226077061131e-01 8.318835578474880199e-01 8.493326846355948589e-01 8.154299708010860348e-01 8.351385968053940401e-01 8.419378006612024956e-01 8.338224824300183302e-01 8.305569114286156518e-01 8.424522668594206509e-01 8.364105299891749778e-01 8.543861486242899650e-01 8.422551426861820678e-01 8.414966549678539742e-01 8.332937666836355284e-01 8.435730700213805999e-01 8.383287278750225502e-01 8.370657362917410804e-01 8.392680280425709460e-01 8.536797363709489606e-01 8.443409000821257004e-01 8.436708024636191405e-01 8.488547106027652944e-01 8.417242903765904671e-01 8.363147248158128155e-01 8.413621136271662859e-01 8.355372913417856706e-01 8.435068641088094843e-01 8.473595884375050291e-01 8.480131558709227413e-01
1.428940503531037631e-01 2.715867630420884526e-01 3.468140897486447494e-01 4.159650729263847380e-01 3.395057654725560647e-01 4.417973253177855386e-01 5.421332006441945683e-01 5.472554147345755071e-01 7.400318994714860654e-01 1.000000000000000000e+00 7.310326583417656732e-01 7.086524737782180505e-01 6.641650501345602864e-01 6.609442505861394812e-01 6.982991773238017563e-01 7.161377041147051203e-01 7.208966071857655367e-01 6.343109323031718150e-01 6.974319196899730899e-01 4.543478003033875612e-01 6.128684624133912129e-01 6.946963225859678071e-01 7.123352478917394093e-01 6.649637904171641356e-01 6.952573541054617445e-01 7.625205362073185222e-01 7.540652555864629791e-01 7.273129454849763809e-01 7.321454599802489360e-01 7.254781000588625961e-01 7.723510877162922394e-01 7.815554640024928723e-01 7.138463817048827931e-01 7.570635036981757660e-01 7.282285983162060106e-01 7.133069500180284628e-01 7.417476299120684402e-01 7.903453190963883879e-01 7.578284665462050596e-01 7.276194055970345298e-01 7.833243862387508916e-01 7.693204978016695561e-01 7.267141059389125024e-01 7.708741287291429600e-01 7.906331198517925207e-01 7.862017054393750648e-01 7.788118986801327859e-01 7.969124006188659237e-01 7.839564240046186239e-01 7.577425246678871629e-01 7.740355157219811488e-01 6.703307994846612328e-01 7.320626995027749162e-01 7.913887937633211633e-01 7.853525050215408587e-01 8.095300588412800424e-01 7.600233029440146559e-01 7.687877158479381468e-01 7.822553328908058434e-01 7.774280176162120526e-01 7.630765356586310943e-01 7.735608667315421183e-01 7.751450262355068510e-01 7.610989052919239217e-01 7.777141084835238471e-01 7.715049235227035007e-01 7.992105553061897849e-01 8.030078584365173411e-01 8.041427261561611139e-01 7.551429556043182112e-01 7.926307225414186419e-01 8.068784930831958135e-01 7.898226089266501271e-01 7.976652171611656739e-01 7.960469694086216297e-01 7.942071105044155033e-01 7.938817121111090280e-01 8.045244510690249262e-01 8.094942281254399186e-01 7.982861273998731466e-01 7.994770150457696234e-01 7.982859613694859302e-01 8.111379847468834781e-01 8.020151847271279610e-01 7.943447206188389842e-01 7.965560863294123273e-01 7.781421950174484126e-01 8.077970490605856924e-01 7.943419215467990568e-01 8.083987724102638106e-01 7.852531723133119312e-01 7.933384784469430517e-01 7.855609681366741981e-01 7.931635859295007585e-01 7.865718281855160754e-01 7.952439274593402496e-01 7.708322988696886258e-01 7.738824384888299823e-01 7.760091352420033228e-01 7.881692573870946461e-01 7.743107502441193279e-01 7.861107307152623846e-01 7.647871317050205509e-01 7.773419045806271299e-01 7.732966378900801852e-01 7.880684410370064619e-01 7.938453273262067178e-01 7.967953445502548027e-01 8.001505762664479215e-01 7.871563213427338335e-01 7.938362169378205824e-01 7.855932356769347313e-01 7.849326169713642942e-01 7.836084557428745212e-01 7.857301846466754336e-01 7.769470532011210073e-01
1.104272161413680370e-01 1.968878853097355275e-01 4.175338932644315770e-01 5.793813391016208181e-01 4.556485813650121841e-01 5.321381465457427629e-01 6.684576010537627289e-01 6.829345905939003814e-01 7.993400695868361217e-01 7.310326583417656732e-01 1.000000000000000000e+00 8.475494959602287715e-01 7.750027029089602282e-01 7.531909115462562809e-01 8.177460978954993465e-01 8.413222776870046271e-01 7.896885847517344237e-01 6.850160208778623971e-01 7.641958107222056595e-01 5.825152441328860231e-01 7.181979598380489049e-01 7.755266268317448919e-01 7.438930691354920244e-01 6.976235585145090790e-01 7.461240159826698637e-01 8.362092162753507196e-01 8.605340727419923397e-01 8.100753670555690400e-01 7.861080955900369149e-01 7.987754900575707584e-01 8.653264614628618512e-01 8.591770056486913720e-01 8.026923785711358450e-01 8.409063860125380874e-01 8.290671093956815119e-01 8.402006628357212570e-01 8.604248251961711391e-01 8.594712209111745604e-01 8.629650717492928225e-01 8.370745638577609116e-01 8.844154984181308299e-01 8.776751090704921765e-01 8.592495092199757822e-01 8.916233167399078008e-01 8.913345936222102361e-01 8.731159914072489370e-01 8.779098827481625067e-01 8.842634085278279210e-01 8.785444839591737276e-01 8.710285778006496837e-01 8.795960157258008172e-01 8.217166811838675367e-01 8.629367825891793853e-01 8.698912100939923953e-01 8.674144072794740534e-01 8.771782147665982965e-01 8.625032555656946265e-01 8.757997954608583990e-01 8.681030655459176515e-01 8.814658183069323805e-01 8.774511054025405654e-01 8.654885663207290136e-01 8.720062830621565508e-01 8.687982619912988369e-01 8.772117145995425025e-01 8.762502903186373260e-01 8.904865248432801694e-01 8.927439138705867139e-01 8.933648843526356131e-01 8.768796206827564887e-01 8.924450842469031642e-01 8.943902616152580309e-01 8.784979346664496536e-01 8.827389788029145201e-01 8.913208698757545401e-01 8.931063185230102563e-01 8.851191642997680020e-01 8.875392358120055558e-01 8.892593176955830847e-01 8.847260494855198054e-01 8.932416410564683051e-01 8.896036651399349404e-01 8.932594333624100935e-01 8.869647664667194009e-01 8.916803148966641057e-01 8.919292488197357871e-01 8.881948407030300086e-01 8.894061978010848746e-01 8.895431572800802655e-01 8.915766142766063940e-01 8.858263049502281827e-01 8.922139546698796275e-01 8.936477796583739419e-01 8.908320748239710873e-01 8.807279679723464261e-01 8.856459119921940015e-01 8.817485753870892840e-01 8.773543190353997323e-01 8.814396971399504066e-01 8.894900701346021288e-01 8.862087058385863525e-01 8.819533651938484820e-01 8.786824086433031589e-01 8.866953113598062819e-01 8.879764973660768668e-01 8.811912881712635759e-01 8.860119130641500584e-01 8.847476314919725526e-01 8.863319031328698028e-01 8.828302606451409185e-01 8.839611858153822999e-01 8.828400196379128095e-01 8.766178126777677271e-01 8.817708693115220431e-01 8.859861440568609359e-01 8.805901306016671315e-01
5.440251740138666442e-02 1.435093257575722481e-01 3.813099261507021387e-01 6.543681651908949126e-01 4.987985171902057924e-01 5.712829527257301532e-01 7.286169397919297630e-01 7.425006312931734520e-01 7.900179098721895610e-01 7.086524737782180505e-01 8.475494959602287715e-01 1.000000000000000000e+00 8.185095546233542851e-01 7.925236474188500635e-01 8.701349595462771758e-01 8.900028796050959423e-01 7.839984765539701472e-01 6.498765178134945364e-01 7.378246227171579852e-01 6.281693006851669647e-01 7.232762330252306970e-01 7.734001951285346399e-01 7.050108031590121005e-01 6.526390770844443523e-01 7.222564123590813345e-01 8.374546526311972272e-01 8.658346132089117519e-01 7.961469891248443842e-01 7.531895132400511228e-01 7.558298152883660137e-01 8.482012612668867746e-01 8.500312442060268259e-01 7.893548167051783748e-01 8.183771191264436196e-01 8.128608625019410061e-01 8.550614791114780067e-01 8.602575227618074472e-01 8.456575466585524170e-01 8.697863420754953223e-01 8.612607811342212205e-01 9.136682687589144924e-01 9.023156343514441291e-01 9.051800362938929867e-01 9.246511273917943363e-01 8.991756755262262368e-01 8.777813984659187385e-01 9.119030463054648150e-01 9.071061427385725962e-01 9.067646716809079077e-01 8.952305417712670410e-01 9.053961644238264217e-01 8.941331323781973595e-01 9.177848954851532959e-01 8.883529150057405399e-01 8.907632134783974864e-01 8.836078524529153988e-01 8.952165890117028679e-01 9.092328227305280786e-01 8.909361601410802356e-01 9.165247750395465465e-01 9.244420144131423323e-01 9.005185215212919703e-01 9.033098157158795383e-01 9.072062758394570103e-01 9.095399512625592653e-01 9.159398094209443286e-01 9.126433246362928298e-01 9.012515410188701726e-01 9.003222895562476014e-01 9.112654559544451915e-01 9.150736206049771004e-01 9.087434312895230626e-01 8.868513375371511742e-01 8.913208985966732945e-01 9.168981561110498557e-01 9.137999252567088337e-01 9.044128476738262368e-01 8.902098796493553845e-01 8.955603537930917346e-01 8.929359617469022625e-01 9.075978496652271632e-01 9.058883455369158844e-01 8.997932149600322838e-01 8.917320959267153180e-01 9.063799324936446800e-01 9.016152019717098565e-01 9.118265865165428030e-01 9.032105114641483246e-01 9.063184243912109084e-01 9.080194339332876563e-01 9.093999354407595881e-01 9.202344290964694640e-01 9.241304669750343148e-01 9.138213431099344586e-01 9.108190578774071344e-01 9.133012909852253891e-01 9.146790212485538252e-01 9.050614003769573701e-01 9.154105513912392800e-01 9.205484943925108521e-01 9.238611396370806084e-01 9.096398191329208016e-01 9.231899792640663183e-01 9.242914438770337693e-01 9.262034811759346509e-01 9.051023921525670479e-01 9.130410531346634384e-01 9.106820450865368288e-01 9.092500579893104673e-01 9.144435273291136035e-01 9.101883954539619070e-01 9.155409520425843439e-01 9.076027313569321464e-01 9.098370692855112241e-01 9.140455494943501291e-01 9.160328319156567645e-01
9.457114015636583493e-02 1.752133095227113857e-01 3.441901196499269067e-01 5.620580807889593578e-01 5.093699460434255588e-01 4.982981017960332881e-01 6.791146389196842659e-01 6.908167623537752045e-01 7.583314884528065125e-01 6.641650501345602864e-01 7.750027029089602282e-01 8.185095546233542851e-01 1.000000000000000000e+00 7.367568090718602525e-01 8.061736969920206830e-01 8.317731770909745359e-01 7.316106887399428382e-01 6.488708314720412762e-01 7.112765085847471136e-01 6.178063372250099938e-01 6.799740711890842615e-01 7.266521270205328342e-01 6.851572438462618653e-01 6.392501204949054827e-01 6.885991336728690682e-01 7.989565528688051810e-01 8.039481172776753448e-01 7.347719102814718184e-01 7.132974011954680282e-01 7.058704443140518814e-01 7.932319237308531612e-01 8.015597985854442387e-01 7.129836994555492913e-01 7.555815601799912296e-01 7.412377715267939315e-01 7.847733263234715206e-01 7.832826087188093922e-01 7.825362407587216351e-01 7.955636632671874153e-01 7.792062179846056535e-01 8.442378199967021102e-01 8.256836102906800479e-01 8.358167619303996654e-01 8.530361093942806505e-01 8.307251897248932870e-01 8.192702424875700773e-01 8.310644696788279662e-01 8.381278095745118284e-01 8.353924430432945192e-01 8.223177904709627617e-01 8.331812342788845749e-01 8.168548563924395989e-01 8.440695559687543259e-01 8.250757287546564012e-01 8.325163362693936975e-01 8.274987626250344119e-01 8.317581354113081638e-01 8.369652470940432964e-01 8.261548454798247620e-01 8.464477258935764192e-01 8.514388024487428153e-01 8.289217673443077805e-01 8.367435695070176704e-01 8.373703827067681127e-01 8.392898467651432881e-01 8.448666528436097334e-01 8.439075267966271721e-01 8.441707336526312888e-01 8.457608232997738673e-01 8.555620115845172791e-01 8.448123958287236945e-01 8.419297049357319374e-01 8.319833737140645002e-01 8.293211291445309330e-01 8.496107306512162838e-01 8.408351803601812335e-01 8.319354110089982601e-01 8.287231413849048822e-01 8.367714994281395535e-01 8.294571247342991116e-01 8.424338720819827264e-01 8.398115878419912805e-01 8.331836008218719281e-01 8.203927767726175713e-01 8.354171792383343620e-01 8.347014664504563974e-01 8.365394858814018120e-01 8.343477245716788282e-01 8.349575020745243492e-01 8.429461191728303548e-01 8.263289512475712195e-01 8.447746889627174571e-01 8.501901266698935755e-01 8.426941407118906380e-01 8.376883933376200186e-01 8.410404642366886563e-01 8.464431202587532344e-01 8.394751883650939384e-01 8.485415542262068067e-01 8.477548497231831570e-01 8.529605848724967077e-01 8.413494820146091291e-01 8.472888033546720488e-01 8.506847376284116802e-01 8.481357150070513162e-01 8.393878428534434777e-01 8.423058954920519259e-01 8.406757480750275402e-01 8.450608406826017882e-01 8.417539765147364905e-01 8.395292003143369763e-01 8.429980688001996736e-01 8.368694096197134558e-01 8.406319501543937367e-01 8.404042017409953935e-01 8.432191285222245813e-01
