1.000000000000000000e+00 2.029716431309793248e-02 1.563037284516877734e-01 6.949526740485138798e-02 3.045823430802061318e-02 -1.738991957950011824e-02 4.893680917201641972e-02 3.337088436116544127e-02 1.663898652991460114e-01 5.050830069016786633e-02 9.603533377031281404e-02 1.846963274474356514e-02 1.539792287481384601e-02 -2.001328384813584778e-03 1.791305119794134662e-02 3.934091322009373309e-02 1.029931294323003788e-01 1.874272413236000578e-01 1.744861747912438421e-01 1.710753947831163690e-01 1.746004528480639972e-01 1.840142213370216107e-01 1.549394770887740636e-01 1.697838844022629412e-01 1.664437843728378830e-01 1.564063354364627345e-01 1.184720722902748297e-01 1.003770447344333877e-01 1.401395206328435727e-01 1.258675155244060317e-01 1.081662531033337343e-01 7.714607158406804055e-02 4.912879542459885895e-02 6.888245552031942165e-02 8.709599885257633678e-02 6.472059365270305120e-02 9.176385889453063383e-02 2.598628390296849749e-02 6.272093472464078390e-02 1.960919188603976737e-02 4.094685799667915904e-02 2.293142815627351866e-02 4.970058783105638089e-02 4.982233939649398369e-02 5.534168806629106291e-02 3.990092006840516292e-02 1.519647253606149634e-02 2.510872964813049002e-02 3.394178167772857885e-02 4.540412204201925428e-02 2.426476897260988058e-02 3.868874874784507256e-02 4.004999276167344607e-02 5.880477599428898111e-02 9.025727700632835138e-02 6.278268995100817762e-02 8.104739244615324911e-02 2.365325560361981536e-02 3.979642981156491371e-02 3.387142179151050869e-02 3.964662098419273473e-02 3.555620022998789986e-02 3.928057423481100957e-02 4.866041363149648663e-02 6.466313996346573223e-02 6.348424096483297474e-02 2.559907850744562105e-02 5.897194601070662040e-02 4.511055833764170825e-02 7.582559907732505655e-02 7.490390528427275096e-02 5.943782404182611917e-02 7.269778730093735819e-02 7.779026673151955007e-02 5.814399267972849422e-02 3.116756825759741528e-02 4.947326344929436903e-02 7.435043543866767801e-02 4.369643747955754415e-02 6.377890995335272484e-02 5.639819454989761921e-02 5.638586120982042038e-02 4.491587795755346002e-02 5.392893620904271046e-02 2.875317860875949150e-02 3.488815233361326068e-02 4.624332254148789956e-02 1.433133353132031579e-02 2.561288289941660024e-02 3.119966326056822226e-02 2.312021381538907627e-02 1.089832994058339763e-02 3.718414660227570973e-02 2.680148735015227754e-02 5.327103029680770561e-03 1.348360356683784948e-02 3.507214862415664307e-03 4.022127189773864325e-02 1.290643816857897641e-02 3.869794879928585042e-03 1.446214935560087393e-02 1.834639430559169976e-02 1.630028677524381076e-02 1.391943345547589847e-02 2.812439803061860671e-02 3.481064204732341183e-02 2.159992198938053345e-02 2.440029225689644907e-02 3.130538727667862148e-02 1.095434562538527556e-02 1.049167529929020612e-02 1.573716063603511350e-02 1.724578132847038453e-02 2.184105402196656262e-02 3.926648078264648178e-02 3.039640856475695624e-02
2.029716431309793248e-02 1.000000000000000000e+00 5.223529758226886505e-02 7.664727470866310177e-02 8.963138629314577888e-02 8.151842780392340448e-02 1.171338975868808641e-01 1.136878087604958759e-01 1.753279366026483654e-01 2.041103561764385788e-01 1.523740279098452777e-01 1.488402362527969092e-01 1.468671753445321138e-01 1.430704186123738508e-01 1.625221683451845700e-01 1.696604690167548835e-01 1.695798053445535247e-01 1.242684072663378936e-01 1.453293562233603786e-01 9.914613721465778684e-02 1.300178065078085865e-01 1.495214851562727820e-01 1.359610635816757562e-01 1.044402096696810389e-01 1.458919263247629161e-01 1.801167360772212289e-01 1.716588040324254216e-01 1.696569513300077992e-01 1.738449942413720362e-01 1.733939804309110877e-01 1.826943632147712826e-01 1.570253879843652445e-01 1.598063813859253446e-01 1.564326475201006095e-01 1.667183942227172533e-01 1.677108410110247083e-01 1.747025999523633411e-01 1.772154813267154960e-01 1.748557931622775063e-01 1.482761907427067039e-01 1.790937046854821912e-01 1.627182547712181793e-01 1.640798456475756895e-01 1.706720687459257757e-01 1.541879747617830587e-01 1.811035054498530139e-01 1.678887035630142188e-01 1.805808677163580900e-01 1.723654918066740982e-01 1.551012760602637763e-01 1.609381250551956966e-01 1.563980698447940132e-01 1.561649110183115641e-01 1.848732024073539981e-01 1.784803798063770985e-01 1.741323331739464408e-01 1.738551794481406898e-01 1.742310649182804705e-01 1.730427421300164970e-01 1.779056518295456524e-01 1.750434866787144161e-01 1.761508748607674701e-01 1.732716670112901536e-01 1.761984885539269463e-01 1.717808022136390889e-01 1.764393948316931859e-01 1.778407289043430484e-01 1.717411004028381316e-01 1.677049440887835585e-01 1.635991996970290463e-01 1.725685246099408210e-01 1.724192752790129346e-01 1.555440740037737912e-01 1.655605641524917349e-01 1.794873510769643965e-01 1.706235541129213495e-01 1.693459969812594335e-01 1.768266908626346667e-01 1.817762394373335089e-01 1.747016279762307334e-01 1.738483147440986476e-01 1.777147124984894411e-01 1.718785366915163426e-01 1.770067628821486161e-01 1.646387607225624494e-01 1.658230317585255575e-01 1.762089156068949447e-01 1.669267910824974444e-01 1.731549905949031631e-01 1.724168653398694961e-01 1.667247657163380969e-01 1.693615832064044313e-01 1.646935551068344217e-01 1.707551340980789645e-01 1.711647622038268979e-01 1.744069029781173674e-01 1.551460353918452661e-01 1.636301458727776603e-01 1.661569224522947419e-01 1.635268842803486722e-01 1.631663436441690984e-01 1.658156439496086265e-01 1.630948561499713512e-01 1.687093608400735689e-01 1.678233843671140535e-01 1.705320773092397491e-01 1.705038848803379081e-01 1.777335139126099972e-01 1.771893661013430599e-01 1.724031063885996806e-01 1.710552301426846999e-01 1.746257790656069175e-01 1.714780667003811265e-01 1.695540150036488058e-01 1.724695274327615602e-01 1.757838196100755257e-01
1.563037284516877734e-01 5.223529758226886505e-02 1.000000000000000000e+00 3.518828491049126317e-01 2.020603330915127227e-01 2.479132824129753609e-01 4.032005455550944362e-01 3.510774695785945920e-01 4.030698836013814623e-01 3.353534234235124867e-01 4.172639634088580740e-01 4.003296220405125339e-01 3.449085478064161658e-01 3.432890557662997555e-01 4.030669281944395110e-01 3.812140256614208189e-01 3.757091796589099308e-01 4.141891646721326259e-01 4.185898296838583832e-01 4.139324665273342863e-01 4.009949390638047895e-01 4.363648967542226309e-01 4.295167892885608518e-01 4.147707224433450079e-01 4.105231214325756883e-01 4.222654761051131689e-01 4.364534527629759242e-01 4.208987009465361417e-01 4.038482200388933685e-01 4.184392636353874706e-01 4.259930978964625026e-01 4.354226663573868006e-01 3.973258325980910666e-01 4.191031741695627755e-01 4.088634791909052102e-01 4.136070459859707005e-01 4.233519226692733506e-01 3.996653063594154953e-01 4.185433052699187861e-01 4.073228562448517609e-01 4.224353476478284741e-01 4.056024057862983589e-01 4.098450202438519985e-01 4.199527351627567184e-01 4.346306412991514656e-01 3.997534014722040618e-01 3.960052721759206862e-01 3.905706957069329244e-01 3.919247288290974573e-01 4.028056516927394082e-01 3.929236266139213285e-01 4.016501029888802088e-01 4.037449789020600699e-01 3.967265480619169282e-01 4.135304943239077602e-01 4.224281854532669356e-01 3.953641024469931042e-01 3.998947560170944548e-01 3.947173043159868389e-01 3.899181688588946870e-01 3.914558224568633338e-01 3.902512015556512393e-01 3.880148153705883507e-01 3.890404176374062661e-01 4.078120735973284061e-01 4.047001652292285812e-01 3.974226301790504956e-01 4.242861543675076064e-01 4.185633312811071205e-01 4.364754952962893175e-01 4.243893138669635468e-01 4.297326384847358627e-01 4.357942160760610584e-01 4.291984002129656806e-01 4.129078669684987934e-01 4.158283685618240355e-01 4.184957188216049673e-01 4.123638402218424148e-01 4.103253815483980937e-01 4.128530689865949621e-01 4.141759509201828893e-01 4.072838310684883667e-01 4.166992609632464983e-01 4.097366399739841847e-01 4.113444899493681750e-01 4.141739081626407137e-01 4.165153479247758472e-01 4.032824958773365553e-01 4.058791695339698524e-01 4.144143332413883773e-01 4.106981177510637959e-01 4.036278846987878532e-01 4.160914754341880628e-01 4.065408884463730943e-01 3.893874673437969225e-01 3.934454869403421484e-01 4.011229704301155219e-01 4.012119204867017896e-01 3.962538761188706959e-01 3.971722724461929088e-01 4.080257373719086145e-01 4.003092019227329490e-01 3.972454019851235363e-01 4.003636556637953370e-01 4.118313479764992291e-01 3.961270386668702126e-01 3.915285760427570927e-01 3.936628773288494698e-01 4.039883064135300073e-01 3.918792384331842293e-01 3.949829202105610282e-01 3.910075469333698650e-01 3.896563853791040200e-01 3.949343352673552188e-01 4.035976606963378455e-01 3.950909840605035805e-01
6.949526740485138798e-02 7.664727470866310177e-02 3.518828491049126317e-01 1.000000000000000000e+00 3.536072978619718699e-01 3.957472804779194053e-01 5.715142604202974042e-01 5.193332096661388286e-01 5.088130329559316101e-01 4.603882107946991598e-01 5.681196505899492877e-01 6.231198542175417909e-01 5.392060083912671997e-01 5.093067800642429033e-01 5.860046926148456681e-01 5.769189095347468932e-01 5.068384308163315088e-01 3.489834600560468014e-01 3.809559998974004214e-01 4.400960858309576618e-01 3.466117816194150270e-01 4.296299076701913244e-01 4.221452881651029942e-01 3.625126418911274739e-01 3.570061767639072237e-01 4.341801517125223331e-01 5.202537625611011185e-01 5.023358807732469788e-01 4.088352348722509855e-01 4.563257729344293301e-01 4.988069666382501932e-01 5.470861231585226747e-01 4.980939083687262459e-01 5.216907353027501193e-01 4.829287343168897073e-01 5.675181141300774668e-01 5.223233913777917126e-01 5.629226800072250070e-01 5.612104289436443683e-01 5.698730504278978204e-01 5.717010245355204079e-01 5.885075324981778877e-01 5.830475415399525296e-01 5.928678556704042313e-01 5.815493901103898633e-01 5.417496134839951960e-01 5.672717371808260189e-01 5.637725594890926617e-01 5.715551364368116616e-01 5.742316725631230190e-01 5.771190865740580822e-01 5.919132536914426534e-01 5.824737861492236268e-01 5.348786261474314241e-01 5.125179498097608422e-01 5.494373713432196826e-01 5.507307269890550083e-01 5.792408897296286163e-01 5.593611425240878621e-01 5.676001305783259232e-01 5.662402695636503669e-01 5.667871814886135118e-01 5.564143412095522434e-01 5.673429570428345503e-01 5.659030602009589295e-01 5.607058768623504053e-01 5.655008120953495254e-01 5.385514466948206902e-01 5.489418636347859204e-01 5.615020137799352495e-01 5.224910157126106958e-01 5.490531884846445720e-01 5.288397564229857517e-01 5.170132268673820475e-01 5.469548644497278511e-01 5.724691419007450488e-01 5.574779900951346567e-01 5.113750895849631384e-01 5.432645799370702244e-01 5.293515915046971276e-01 5.452819188311101017e-01 5.412809240556104573e-01 5.696102643314395753e-01 5.290550489247695110e-01 5.613178403784284676e-01 5.504374569792327421e-01 5.611344908078222948e-01 5.717505011062273823e-01 5.637205669251100781e-01 5.656887859424373222e-01 5.703868194818252357e-01 5.799417775741306791e-01 5.797413452089529295e-01 5.727266914147312038e-01 5.711894925728078221e-01 5.686257031020116592e-01 5.919523527125959417e-01 5.817821898343966680e-01 5.807625981207187316e-01 5.777359383451878827e-01 5.933807841193815547e-01 5.850272926580181165e-01 5.850731974871660190e-01 5.850581559855554392e-01 5.827885582432887901e-01 5.760975974024484803e-01 5.717165004303513820e-01 5.563015717555649386e-01 5.563971945095099736e-01 5.718042149165795118e-01 5.744928264835380549e-01 5.717679170336775751e-01 5.726813226101113985e-01 5.797530361295357704e-01 5.698010934356737556e-01 5.732465318690985745e-01
3.045823430802061318e-02 8.963138629314577888e-02 2.020603330915127227e-01 3.536072978619718699e-01 1.000000000000000000e+00 3.233733680698431812e-01 4.397778347705124657e-01 4.363317777517788931e-01 4.285204844860783235e-01 4.188471299342778065e-01 4.476972953473127848e-01 4.930640213378945647e-01 4.802914301932210694e-01 4.101272415569862106e-01 4.940237955450835217e-01 4.954276384060571359e-01 4.390742768568485777e-01 2.279044832658609354e-01 2.659695802742554904e-01 2.849299582359560157e-01 2.132423394029538122e-01 2.888371943643298634e-01 2.970103474428170132e-01 2.297386039576510275e-01 2.474397237343310962e-01 3.590594959849555678e-01 4.136964369849138734e-01 4.143268463116609457e-01 3.422957578541085955e-01 3.717763039525886493e-01 4.173823024570358919e-01 4.284073030271177696e-01 4.049560819074146112e-01 4.095871031407872231e-01 3.996495865131449721e-01 4.344621354357100507e-01 4.225507488453251193e-01 4.567299454478616072e-01 4.571558218519702343e-01 4.322032140579056270e-01 4.740690780538363014e-01 4.832635557968096296e-01 4.880751266623610252e-01 4.904657245504217000e-01 4.663584096734365581e-01 4.680505503910397103e-01 4.972599453479870091e-01 4.949965829320395194e-01 4.911016053446481400e-01 4.572230564198906388e-01 4.756005191435375701e-01 4.952021906981537991e-01 4.864858050915903953e-01 4.732867107504001858e-01 4.336769713842800189e-01 4.442080945326504215e-01 4.553681998585363266e-01 4.938603957661950039e-01 4.660581304532658842e-01 5.010487441384917640e-01 4.927530462200775951e-01 4.932959304278355939e-01 4.685160672352537414e-01 4.865626424759996738e-01 4.761547039218184674e-01 4.773943452149118638e-01 4.926918612398820119e-01 4.518428060372544630e-01 4.711720372205482898e-01 4.579262232536903121e-01 4.301911653193642993e-01 4.544436322879136791e-01 4.265392127665568744e-01 4.249473873088983611e-01 4.690210078840382213e-01 4.846922248132435329e-01 4.740250776638961772e-01 4.400466812280158790e-01 4.703374807958361492e-01 4.556962514232135719e-01 4.668799144013398017e-01 4.722249712124652055e-01 4.768431450839554220e-01 4.598090973585726715e-01 4.723439257380345202e-01 4.687478987731099056e-01 4.749707228506190870e-01 4.883559645508265823e-01 4.840143542321739822e-01 4.765262044877225378e-01 4.792612879939939785e-01 4.984544966060984184e-01 4.852803364786574813e-01 4.886985242936495166e-01 4.977311435836146991e-01 4.987673646631702873e-01 4.882690038484350237e-01 4.890014528352779610e-01 5.007704029841936189e-01 4.935119658221219230e-01 5.022440643436482111e-01 4.962305643388941756e-01 5.039896121701206155e-01 5.026974103053817311e-01 4.960910084886090421e-01 4.911854808064653466e-01 5.013632748295306918e-01 4.915643071540833353e-01 4.831915484363085711e-01 4.980169909641052328e-01 4.913787753268118452e-01 5.066651982091437967e-01 5.018943773020454469e-01 5.029306494436319719e-01 4.898740975059499014e-01 4.996326778203533103e-01
-1.738991957950011824e-02 8.151842780392340448e-02 2.479132824129753609e-01 3.957472804779194053e-01 3.233733680698431812e-01 1.000000000000000000e+00 4.928962677431909523e-01 4.794328001288440944e-01 4.805924545871859688e-01 4.766784938807998584e-01 5.163530637023633352e-01 5.627268118869874769e-01 5.038534701653621939e-01 4.950885719978674882e-01 5.535715989363646505e-01 5.520840553698413977e-01 4.880944074007343425e-01 3.387806688230949881e-01 3.784048369409532264e-01 3.514309216537067071e-01 3.424213586151841904e-01 4.025659030532903748e-01 4.098107661713372152e-01 3.518427816357323490e-01 3.612061392648800440e-01 4.541245986511056043e-01 5.022749222593999585e-01 4.951967117149282949e-01 4.375436288346570279e-01 4.648224459214713167e-01 5.072271502566598755e-01 5.325789225228159118e-01 5.051662650273499588e-01 5.158529472216488720e-01 4.991528508891627802e-01 5.292485276769556268e-01 5.154749385310738452e-01 5.458367532440131509e-01 5.449734667549640532e-01 5.274812216240025720e-01 5.649370956261622334e-01 5.601827909703982478e-01 5.532252762593274920e-01 5.625781540596315189e-01 5.570146954272034989e-01 5.417133665373270457e-01 5.730764099646880050e-01 5.688799833170019582e-01 5.706263404146001417e-01 5.605138051082724227e-01 5.602132762117121301e-01 5.696410489498009433e-01 5.681038442762971208e-01 5.493798063976756962e-01 5.293878139107959235e-01 5.421152314310870857e-01 5.452734084491021038e-01 5.697174188175431198e-01 5.546444761046317451e-01 5.668951598704726758e-01 5.672066343043935532e-01 5.657226847306705553e-01 5.558307333086165425e-01 5.584411410591582081e-01 5.542528204186969454e-01 5.570432459163393579e-01 5.698203413624298719e-01 5.452920114979339372e-01 5.510917597326581152e-01 5.393829422515400429e-01 5.340732617259759119e-01 5.503711673610662825e-01 5.234793272353536198e-01 5.263527979370679066e-01 5.525136765996604415e-01 5.690107558692369949e-01 5.589388923713027868e-01 5.274823771944489037e-01 5.506453011432441702e-01 5.402286672076537233e-01 5.489960237425802747e-01 5.519511404476722394e-01 5.621523327743563891e-01 5.400125133003796929e-01 5.617233685330816906e-01 5.594742078776180350e-01 5.582523446320915017e-01 5.689887325547267061e-01 5.646416142863549537e-01 5.615010395033471768e-01 5.649580788141634891e-01 5.751523707546375430e-01 5.700313294214092164e-01 5.678070802374801662e-01 5.751740604576150995e-01 5.740247946851170235e-01 5.799317721265566661e-01 5.785344553660305422e-01 5.793564865637939043e-01 5.741723554224034132e-01 5.787946474059370017e-01 5.758460513311940421e-01 5.780809295138642501e-01 5.752813721375430456e-01 5.800823571014992464e-01 5.753994968544881017e-01 5.762307439444647184e-01 5.625083273218550728e-01 5.663624286431642174e-01 5.739907460685342855e-01 5.728255415325640421e-01 5.738712405642039105e-01 5.746823006399442990e-01 5.757522051312548017e-01 5.672288492794993475e-01 5.718657685785651923e-01
4.893680917201641972e-02 1.171338975868808641e-01 4.032005455550944362e-01 5.715142604202974042e-01 4.397778347705124657e-01 4.928962677431909523e-01 1.000000000000000000e+00 7.039268525565983703e-01 7.132645621926522184e-01 6.719300201007133433e-01 7.599197819947481891e-01 7.825848855125927539e-01 7.152958529543363975e-01 7.072937012357093378e-01 8.398015993707869109e-01 7.909473089142482483e-01 7.307571345412146036e-01 6.284489695234575235e-01 6.559540491782958060e-01 6.197648492924161534e-01 6.009233515354902577e-01 6.836563170002615264e-01 6.949005016011640112e-01 6.298532846689821607e-01 6.466840086061856896e-01 7.298697336486134057e-01 7.661698423572790295e-01 7.821316036795741278e-01 6.905823362619112338e-01 7.361335064049712162e-01 7.752152188878510541e-01 8.015241847334931835e-01 7.554273673909052134e-01 7.792983526516804593e-01 7.578275866254655657e-01 7.899126723914144943e-01 7.908115560816850742e-01 8.135722178733596488e-01 8.227934013564944804e-01 8.006680621198205561e-01 8.192950223414617872e-01 8.298152085731258509e-01 8.226132749624084362e-01 8.339786012241868773e-01 8.260253097719693072e-01 8.198082726506413787e-01 8.027979248779312238e-01 8.017268213886192818e-01 7.983948026612703863e-01 7.866108898117063486e-01 8.079196248448000661e-01 7.936476069267454081e-01 8.040621847772726483e-01 7.859044191741482166e-01 7.754604569705080275e-01 8.174244106669840138e-01 7.760883018509188158e-01 8.102207391215563437e-01 8.036879048687517457e-01 7.978802944851870471e-01 7.974738017422985381e-01 8.031398651928319810e-01 7.947122088543103757e-01 7.947899957393872450e-01 8.001505171755075585e-01 7.998908672660562935e-01 8.092178382914717583e-01 8.113287128873534204e-01 8.149919607261496557e-01 8.153013469964436322e-01 7.961476445289519255e-01 8.108849686157014736e-01 8.033111363801579419e-01 7.980101260405988439e-01 8.123406458859665502e-01 8.210382656860716333e-01 8.189922365024366879e-01 7.827625612236147612e-01 8.114975503309718174e-01 7.935402089413762239e-01 8.074325048448566244e-01 8.016680198397361234e-01 8.206374742073362372e-01 8.032917159809388474e-01 8.161040313656011680e-01 8.107765654172123249e-01 8.154693161836160664e-01 8.238773296272114965e-01 8.187711229903003041e-01 8.275565857260955838e-01 8.269945840832049200e-01 8.243126150666335583e-01 8.263538972613626576e-01 8.243682259669553591e-01 8.093497214397279427e-01 8.079811489272585856e-01 8.130353837965089703e-01 7.972134938367303469e-01 8.074548719949163900e-01 8.171379338750817123e-01 8.228419607360439869e-01 8.121028123860623005e-01 8.066889324529553651e-01 8.166106033549750398e-01 8.155850897000123112e-01 7.987336410519255692e-01 8.021863988925869160e-01 8.050850554715099916e-01 8.099325092313645058e-01 8.074153748728566393e-01 8.145597278649001627e-01 8.069168043662555689e-01 8.046353475761459650e-01 8.076045825871727146e-01 8.078950699906484179e-01 8.042467753842988953e-01
3.337088436116544127e-02 1.136878087604958759e-01 3.510774695785945920e-01 5.193332096661388286e-01 4.363317777517788931e-01 4.794328001288440944e-01 7.039268525565983703e-01 1.000000000000000000e+00 6.795516561260748212e-01 6.456179711065291871e-01 7.057515952093579292e-01 7.678960366384754987e-01 7.003170962000802025e-01 6.860778474389921389e-01 7.788527995323014652e-01 7.722404628482721911e-01 6.725918901480717471e-01 4.827741988468961520e-01 5.385529566560515180e-01 5.044169206648748682e-01 4.615023053073784021e-01 5.596192071790339062e-01 5.755834876892470531e-01 4.832212357646205048e-01 5.051481250611191687e-01 6.225809911794476514e-01 6.793958875166343780e-01 6.889793412261794314e-01 6.153086714113030764e-01 6.414075764201834229e-01 6.904891583588860238e-01 7.291084679147594727e-01 6.792633250171572490e-01 7.037655500779714801e-01 6.906772621702196302e-01 7.231421261225856600e-01 7.035845768995573346e-01 7.598446861089509508e-01 7.589733928439883481e-01 7.098075608077729637e-01 7.627047590966836710e-01 7.709861878206796248e-01 7.694393143175317640e-01 7.790853307171605735e-01 7.559856640073407963e-01 7.665280520894836025e-01 7.807365628413449610e-01 7.782182884876313045e-01 7.806474812366749338e-01 7.560683615597237894e-01 7.683077065984289522e-01 7.797564603935094318e-01 7.687621910649399259e-01 7.552428991060974317e-01 7.290679509539830239e-01 7.446023458203989698e-01 7.511748619648275227e-01 7.837166914311154420e-01 7.658984617512624160e-01 7.784559338756793512e-01 7.784876175784110064e-01 7.822808727284044084e-01 7.687831613160716060e-01 7.744418286210660307e-01 7.628918122814141167e-01 7.656806792511439141e-01 7.826782763593140846e-01 7.519521858584981011e-01 7.623939156106884774e-01 7.507401289991466609e-01 7.261266061252775739e-01 7.510807889367259182e-01 7.217813678801964228e-01 7.202333188476603976e-01 7.608353323144743108e-01 7.755698721774113569e-01 7.676865255360059148e-01 7.308895725576036728e-01 7.622896665305788355e-01 7.417529130306599328e-01 7.537572306974418268e-01 7.547152363831680644e-01 7.756246287617545310e-01 7.552457483118785175e-01 7.727263018186336652e-01 7.652912929067695602e-01 7.622844208018322298e-01 7.838273812347746894e-01 7.800312805103017944e-01 7.731421410898511315e-01 7.758179471256215765e-01 7.863263435323509798e-01 7.764025727580715630e-01 7.820369761049432711e-01 7.872772752423055076e-01 7.858607695300361407e-01 7.856533348084056012e-01 7.828657718598092119e-01 7.878619525820328429e-01 7.842393369167164341e-01 7.895678756688228050e-01 7.885379970762822488e-01 7.868475860610381067e-01 7.902655743047717340e-01 7.851012486432986659e-01 7.823923705624845626e-01 7.874918293513654133e-01 7.768102695140155500e-01 7.748623971027334134e-01 7.862882875445598163e-01 7.851262025852898674e-01 7.847376416915919917e-01 7.883449327087903580e-01 7.880761847479457183e-01 7.773592269630427154e-01 7.816360791508297767e-01
1.663898652991460114e-01 1.753279366026483654e-01 4.030698836013814623e-01 5.088130329559316101e-01 4.285204844860783235e-01 4.805924545871859688e-01 7.132645621926522184e-01 6.795516561260748212e-01 1.000000000000000000e+00 7.729495629356297748e-01 8.153956366520944687e-01 8.058787684334872692e-01 7.476006178580560935e-01 7.376632666749464162e-01 8.286582660661423461e-01 8.301516995719306902e-01 8.051584274975270850e-01 6.954860626544757674e-01 7.422656131239760979e-01 6.449460157186158726e-01 6.673407952644220265e-01 7.515900239404044170e-01 7.657965382094480411e-01 6.722830730364007801e-01 7.212348735592689630e-01 8.259780079030010214e-01 8.419139947022152848e-01 8.302813589214272927e-01 8.162757983001126538e-01 8.359391192654483937e-01 8.662254249604360856e-01 8.409209541833438939e-01 7.732342923744170982e-01 8.056943435159704681e-01 8.289967009407724907e-01 8.144676032258230114e-01 8.401310700700925782e-01 8.160103979841606403e-01 8.466928591627855827e-01 7.637535108845380227e-01 8.564513312264847578e-01 8.338599021704099501e-01 8.349999586287997211e-01 8.579922100640120508e-01 8.523628317074768423e-01 8.474494593389163555e-01 8.588811974302340557e-01 8.715992323142679465e-01 8.587222266471051801e-01 8.211557368827379078e-01 8.178262654313155355e-01 8.450925226686987202e-01 8.597140088939844160e-01 8.842797512220317291e-01 8.808578912131451721e-01 8.617904752299438975e-01 8.738102086881045505e-01 8.616442420830956461e-01 8.585926916720236779e-01 8.760544163479736524e-01 8.726425608657094601e-01 8.707099499241154339e-01 8.614054905074560731e-01 8.702914760324889087e-01 8.827429388998642157e-01 8.899101858847179303e-01 8.661349950325394342e-01 8.721125187308308435e-01 8.702998097758599672e-01 8.673706654150293849e-01 8.618827044274319782e-01 8.746046161615155246e-01 8.455987124478704375e-01 8.611043755985517967e-01 8.801832274958573121e-01 8.660994420326514343e-01 8.700066731363835792e-01 8.773097853794007417e-01 8.673054621839093592e-01 8.802961587542913469e-01 8.764759633844342313e-01 8.819328138858408828e-01 8.666625391776914267e-01 8.673796731384242342e-01 8.470948432580270859e-01 8.590416223183732214e-01 8.687808323608253724e-01 8.501100447064603438e-01 8.604195078249872175e-01 8.593300124518296057e-01 8.510092305665486467e-01 8.556801361374754000e-01 8.658117502657782794e-01 8.636954799464584553e-01 8.604064653559696518e-01 8.652408883753359703e-01 8.253558658526453096e-01 8.597371518323677630e-01 8.553180527412288514e-01 8.388814717088937112e-01 8.491216528599305757e-01 8.553428955198578709e-01 8.561005367394478593e-01 8.605700570189884768e-01 8.658645927473735959e-01 8.652705231362755045e-01 8.624864844501965999e-01 8.706547371815134273e-01 8.728425667363030049e-01 8.602437242318872190e-01 8.561473369306235037e-01 8.668439741408647814e-01 8.628612059369970000e-01 8.633649885173869665e-01 8.751990785972092457e-01 8.735763795641536822e-01
5.050830069016786633e-02 2.041103561764385788e-01 3.353534234235124867e-01 4.603882107946991598e-01 4.188471299342778065e-01 4.766784938807998584e-01 6.719300201007133433e-01 6.456179711065291871e-01 7.729495629356297748e-01 1.000000000000000000e+00 7.634519795390865005e-01 7.811471958495893597e-01 7.268738153887523978e-01 7.293779058855208719e-01 8.100953813815012783e-01 7.969167283255726986e-01 7.579022871591598598e-01 5.934032764955465833e-01 6.599529901645265761e-01 5.289561191817824248e-01 5.731045631060556200e-01 6.691719836954385103e-01 6.780850118627677059e-01 5.804360360422881060e-01 6.352473998441676706e-01 7.594534539536796913e-01 7.791208490404132325e-01 7.946528014865068545e-01 7.548371558535442727e-01 7.707004348633175184e-01 8.110157378643652049e-01 8.007813727727814967e-01 7.611943262577526292e-01 7.738554354936639790e-01 7.894686818676908135e-01 7.791519738378346327e-01 8.031889114871397783e-01 8.121057696738643861e-01 8.225123009473106483e-01 7.552513109587710716e-01 8.342808513945938476e-01 8.164858589141812395e-01 8.116256874595543236e-01 8.293104974168695742e-01 8.093717699354693318e-01 8.290374871295593806e-01 8.382146170385951223e-01 8.489803056809176462e-01 8.351939550704760018e-01 7.960359627798269111e-01 8.116839184264709184e-01 8.077212413524686996e-01 8.249217855350210460e-01 8.454772828635758186e-01 8.333226521184291524e-01 8.297859351193062061e-01 8.235696930239174707e-01 8.400835807716755532e-01 8.352589873822136024e-01 8.424309200285579058e-01 8.414086573190759921e-01 8.418521857781151585e-01 8.326856424484123664e-01 8.357622385506078277e-01 8.378538342210011258e-01 8.419040006914266794e-01 8.439478810794971420e-01 8.350142247725482747e-01 8.349216323735652034e-01 8.121630247779467737e-01 8.189302193538202657e-01 8.360430726371050891e-01 7.975254723281995917e-01 8.158359077164433204e-01 8.472639579692142764e-01 8.420940816178194011e-01 8.426848943026026273e-01 8.382572571485862323e-01 8.403070634667789696e-01 8.412309505856677694e-01 8.443459570077637144e-01 8.462494968704808995e-01 8.383476641049930622e-01 8.390649862452679297e-01 8.270479078261540051e-01 8.344518232021690407e-01 8.429970619129693032e-01 8.367951847593583237e-01 8.441836600389813761e-01 8.369703154768519671e-01 8.337319234732181172e-01 8.416878241029305263e-01 8.396879178605690663e-01 8.430103772161604558e-01 8.439002031665605585e-01 8.461370281217841516e-01 8.157553916102738834e-01 8.281180940038400662e-01 8.397879209902197051e-01 8.319471473799633365e-01 8.341138682581077379e-01 8.365887321408032040e-01 8.374131079269618860e-01 8.411064203657910854e-01 8.403009393737090882e-01 8.368351146029480159e-01 8.423723336328425848e-01 8.503879721250325874e-01 8.499395927988133703e-01 8.441553565897055300e-01 8.429338513683737322e-01 8.465529504733851907e-01 8.442603828553449929e-01 8.426162436227681019e-01 8.445450550761468556e-01 8.456723436565319885e-01
9.603533377031281404e-02 1.523740279098452777e-01 4.172639634088580740e-01 5.681196505899492877e-01 4.476972953473127848e-01 5.163530637023633352e-01 7.599197819947481891e-01 7.057515952093579292e-01 8.153956366520944687e-01 7.634519795390865005e-01 1.000000000000000000e+00 8.564781003015452532e-01 7.674857641381614970e-01 7.764937393619867345e-01 8.672112106512334107e-01 8.565368543328842899e-01 8.032936815943656494e-01 6.847734441687969298e-01 7.355755509451643581e-01 6.437790945221237848e-01 6.553479361091570921e-01 7.529307606337534153e-01 7.685240958882983975e-01 6.808406290550065298e-01 7.112856799060992552e-01 8.196446083717340292e-01 8.566335992178872871e-01 8.522811291540495215e-01 8.000375727144927174e-01 8.332954628658040264e-01 8.611414487088256964e-01 8.709000770340744602e-01 8.081983094614437757e-01 8.398886775441155583e-01 8.368890958486351339e-01 8.435988069638690190e-01 8.610097926400066548e-01 8.630303398601971709e-01 8.811291791100431814e-01 8.267970400747833848e-01 8.900759452391580062e-01 8.776760746952734227e-01 8.721598129537485589e-01 8.927501368814299010e-01 8.899037717088176258e-01 8.773360177110673952e-01 8.854219176392470469e-01 8.881261362337818932e-01 8.834663316517394893e-01 8.551233063706563664e-01 8.640182515254838380e-01 8.626318166012362232e-01 8.831058473132159525e-01 8.845991924500413717e-01 8.791816312874829453e-01 8.876002757610222949e-01 8.735169425944051547e-01 8.869640637199605049e-01 8.836457241444325428e-01 8.859964629944706571e-01 8.865053613306110858e-01 8.864262296292682031e-01 8.816361383863088319e-01 8.837141867030801068e-01 8.868207244002502820e-01 8.908285981797341435e-01 8.903303339929524718e-01 8.907731795303356348e-01 8.919274589765375794e-01 8.849369286405336377e-01 8.772195998246311577e-01 8.948914051979711681e-01 8.711924684694140053e-01 8.779918612773972564e-01 8.983385931634195742e-01 8.964959963185782366e-01 8.956748049586593652e-01 8.822409060566596128e-01 8.913332639784664613e-01 8.921400386346751699e-01 8.960093854188569962e-01 8.953951608947935403e-01 8.930420342791169919e-01 8.865244331457341476e-01 8.803891497270098787e-01 8.865596213834682215e-01 8.962113778261240338e-01 8.881910604692515587e-01 8.914248785833867039e-01 8.917670113896942752e-01 8.891062942245825385e-01 8.925600744663010344e-01 8.985035562675017795e-01 8.946655366235740647e-01 8.877290940519723117e-01 8.892856930372821100e-01 8.688329011768541887e-01 8.772412592809918364e-01 8.849374309983615294e-01 8.801253706711710256e-01 8.874246826334891702e-01 8.868471545489230445e-01 8.867140719678688887e-01 8.913494317686062596e-01 8.908613870408672586e-01 8.826993944980299212e-01 8.857260089985931062e-01 8.902975942036833734e-01 8.943290291330026065e-01 8.865882886035578725e-01 8.890779202157710337e-01 8.896443739760051539e-01 8.867715029084113354e-01 8.865784397379574688e-01 8.912675791701559769e-01 8.912619315053542657e-01
1.846963274474356514e-02 1.488402362527969092e-01 4.003296220405125339e-01 6.231198542175417909e-01 4.930640213378945647e-01 5.627268118869874769e-01 7.825848855125927539e-01 7.678960366384754987e-01 8.058787684334872692e-01 7.811471958495893597e-01 8.564781003015452532e-01 1.000000000000000000e+00 8.241786849237872081e-01 8.105699083726866094e-01 9.106918029767266942e-01 8.999286417883840539e-01 8.073721590813310867e-01 5.716035407322402895e-01 6.443035845403977113e-01 5.810003403524456322e-01 5.495247458214617131e-01 6.646965362198004046e-01 6.920493534122240664e-01 5.777170125692332459e-01 6.070109275445849661e-01 7.482239233325236327e-01 8.186259326095164379e-01 8.169783046948365657e-01 7.334454309937045169e-01 7.721753853472316242e-01 8.313976859552654197e-01 8.642892816607145035e-01 7.902091840077682949e-01 8.314692960367644492e-01 8.104341511981799639e-01 8.573378393416004606e-01 8.407366720310488484e-01 8.914085011734768083e-01 8.905048839326087373e-01 8.398956130077840365e-01 9.072588126264904407e-01 9.072146305232748897e-01 9.023778468487203552e-01 9.208325894716259397e-01 9.006110382987304597e-01 8.957128525723386803e-01 9.277367019665742065e-01 9.256028655729241494e-01 9.274379911299671653e-01 8.944769415209478103e-01 9.106035952179249993e-01 9.134535939427262941e-01 9.164378474846152089e-01 9.058734246244990462e-01 8.762385031250417011e-01 8.879778182356040661e-01 9.015727750245732253e-01 9.283023315554213006e-01 9.184863232521607301e-01 9.283603942348852556e-01 9.268893444797572378e-01 9.305930139396809686e-01 9.179709935170823343e-01 9.243024848594969534e-01 9.084249747121799778e-01 9.156755090918594631e-01 9.246503427582904999e-01 8.925707382872726248e-01 9.045595522712273073e-01 8.833222604231565356e-01 8.625689336234940718e-01 8.954512011354331946e-01 8.569401793046195204e-01 8.572910166428050482e-01 9.059846865101748303e-01 9.211458757714053869e-01 9.099937267750374259e-01 8.739900029803449044e-01 9.008555135880579323e-01 8.924907626482955214e-01 9.012012470697630118e-01 9.029769191977123910e-01 9.165282094178098804e-01 8.926343744222673404e-01 9.049246381391878868e-01 9.049234708987158315e-01 9.077040601860207891e-01 9.214779928774100570e-01 9.210820670891611828e-01 9.137512910029663704e-01 9.121118824458003260e-01 9.288744406269547893e-01 9.209861176239085845e-01 9.228617996004176982e-01 9.312035515453582768e-01 9.312772921904515222e-01 9.199303688070077367e-01 9.253281870682217303e-01 9.322209777729623115e-01 9.221957942269707331e-01 9.292358591773787202e-01 9.339925037507177397e-01 9.314796412827591743e-01 9.331087671002168404e-01 9.289231319451959346e-01 9.292602181924335403e-01 9.320110028258755674e-01 9.229555481092158731e-01 9.220023199473741382e-01 9.316149586252745474e-01 9.310558625722262782e-01 9.328203956293084076e-01 9.337058906728515906e-01 9.326272803112937160e-01 9.223927058246458310e-01 9.308839139926644579e-01
1.539792287481384601e-02 1.468671753445321138e-01 3.449085478064161658e-01 5.392060083912671997e-01 4.802914301932210694e-01 5.038534701653621939e-01 7.152958529543363975e-01 7.003170962000802025e-01 7.476006178580560935e-01 7.268738153887523978e-01 7.674857641381614970e-01 8.241786849237872081e-01 1.000000000000000000e+00 7.438067087580965131e-01 8.344358732508456722e-01 8.347359419585566043e-01 7.478124465964324230e-01 5.473710948867183124e-01 6.070655224464617250e-01 5.377317239088809098e-01 5.234992581982955695e-01 6.218601648102252133e-01 6.496625135116721461e-01 5.437400675657653171e-01 5.805744743939833530e-01 7.128333164359005325e-01 7.518959797550053281e-01 7.624470614965457305e-01 7.022419842923297573e-01 7.340458580400951449e-01 7.835224032985378395e-01 7.922447832103400867e-01 7.296553841227153558e-01 7.565312440707818720e-01 7.603164486754527829e-01 7.747872126905532841e-01 7.810097129320247022e-01 8.038681547445459818e-01 8.156569060731317933e-01 7.478313944058776475e-01 8.314949787639167589e-01 8.271736065669986759e-01 8.265165246533795473e-01 8.436205486867209835e-01 8.183671999745665282e-01 8.321847688618649874e-01 8.574639160519250680e-01 8.559752765907762129e-01 8.421382904136579528e-01 7.974845596360669031e-01 8.150232860875792351e-01 8.317217728959783729e-01 8.397655000228206879e-01 8.419681352864692991e-01 8.122583620717668262e-01 8.126099651529329337e-01 8.232969480187699585e-01 8.527642129257073655e-01 8.328938066772670901e-01 8.618173630869411239e-01 8.565071638279501132e-01 8.531759191567073186e-01 8.361839786037927880e-01 8.490566816337629108e-01 8.444978363691377776e-01 8.492477190989261571e-01 8.547256683811239597e-01 8.298498871280652889e-01 8.402550755431297258e-01 8.202785340210739795e-01 8.049797210165428041e-01 8.310996800424129693e-01 7.964830187182614374e-01 8.013915989803982454e-01 8.409602608101900412e-01 8.501356581069213769e-01 8.409716503165473034e-01 8.179806175835074855e-01 8.382326816879498432e-01 8.330503610374550005e-01 8.394895845488211661e-01 8.418234590371480586e-01 8.447311164413429108e-01 8.349019356363778233e-01 8.288723306237574251e-01 8.340015608792726853e-01 8.403860049300801993e-01 8.459802952572867962e-01 8.494541114339452248e-01 8.422513051847092536e-01 8.382918220323019032e-01 8.556494612847620473e-01 8.469564387251614646e-01 8.514697917003947181e-01 8.574633066922048297e-01 8.596186930090904399e-01 8.293995217130423203e-01 8.404534295068030181e-01 8.544696245820885272e-01 8.427571917223605213e-01 8.520980319255552216e-01 8.504183919753476317e-01 8.543702864772307892e-01 8.581644437048004947e-01 8.552026953392728448e-01 8.521309152873999260e-01 8.558399540590185817e-01 8.561860905897107354e-01 8.512823480090777606e-01 8.576738122599562031e-01 8.517977187705406683e-01 8.640962668489605703e-01 8.580105063133777188e-01 8.588327587469030133e-01 8.552045192822719244e-01 8.613297790662052256e-01
