1.000000000000000000e+00 4.093410739367193268e-02 9.968916314563164294e-02 9.202610289189579185e-02 1.969270617113949226e-02 3.606573515940962593e-02 5.106357542865908039e-02 7.060119930916185227e-02 1.053506053266824311e-01 3.328550645614904852e-02 5.236155563461315776e-02 4.832715391545561873e-02 2.713653017741426629e-02 -6.005682804770719717e-03 5.052491075738286402e-02 5.217867315685589119e-02 1.208125138407948052e-01 6.523128352548025755e-02 5.639897339443955548e-02 4.748886232266254226e-02 6.080948795204304397e-02 6.402933130155369357e-02 5.337891561709784405e-02 5.702091907145317301e-02 2.639243488092170992e-02 5.542606984350338661e-02 4.878003805048618940e-02 3.175381155595828619e-02 4.467393090385096688e-02 3.431166534507144872e-02 2.748414400529941570e-02 6.701639190550709446e-02 5.157337815072794013e-02 3.126116231330984541e-02 3.240675163605553910e-02 4.605368605683213962e-02 1.075646632959617599e-02 4.606087809195146682e-02 2.861597604531889230e-02 3.658159734269907093e-02 1.891078358629780243e-02 1.703646547908885256e-02 4.094841053134179454e-02 3.374211155502390702e-02 3.907249491293612181e-02 2.251572464546571645e-02 1.481831089651327975e-02 2.283568643939212425e-02 4.674511310535053865e-02 4.216835718010530920e-02 3.336195274427939533e-02 4.056839508625940949e-02 3.201600348977562405e-02 4.322501297461849024e-02 4.015092654097634356e-02 2.526098660856473596e-02 7.345968983613765380e-02 2.772305059573026975e-02 4.375180682746510064e-02 3.890073359469303077e-02 3.080205198794766508e-02 4.585969965604758808e-02 4.785791786454759306e-02 5.960274228067405367e-02 4.319280990420288485e-02 4.643179216094740769e-02 2.831295999793300225e-02 1.500402753091542585e-02 2.249997290866179167e-02 2.158090310576482596e-02 1.810514595515327896e-02 1.789205833927015252e-02 2.170688530020211532e-02 1.229952649395751711e-02 2.033987396014734494e-02 1.098074910056459630e-02 9.033177278374817862e-03 1.878286244308229394e-02 9.827432502889225582e-03 1.642889696665485177e-02 1.940785022401708346e-02 1.272058947265951659e-02 2.697600416767283876e-02 1.492600425191027355e-02 1.412354768355329575e-02 1.612319541891599206e-02 1.271303446697035974e-02 1.323093346608759067e-02 9.603797973524662648e-03 1.757636270122515249e-02 1.092577036754771580e-02 8.302617266110439223e-03 1.257719678823088216e-02 9.402802085838836074e-03 -2.671371506550611428e-03 6.484113381541010274e-03 1.723139989324192281e-02 2.793497675922284804e-02 6.390943541218828926e-03 1.608085454529427014e-02 6.047622076361984338e-03 1.819230056788047681e-02 1.511549228883283212e-02 1.212171244357740374e-02 1.693992578785970260e-02 2.236139555563947806e-02 1.686517733394496746e-02 1.093391085809943854e-02 1.565841918382677306e-02 8.997974089130481370e-03 1.124196045773164301e-02 1.067620596279911412e-02 1.867914306330756280e-02 1.935735490941900561e-02 2.693927141238981748e-02 2.159813641424547861e-02
4.093410739367193268e-02 1.000000000000000000e+00 1.144427919851635778e-01 1.299756915823100933e-01 8.429291455012642709e-02 1.028276935586856095e-01 1.666953394152117240e-01 1.260655381601859804e-01 1.608079787698796781e-01 1.952758188622762403e-01 1.874517288067208964e-01 1.555382080051530558e-01 1.305821088285522846e-01 1.331384331162018819e-01 1.601429680148742374e-01 1.449498468239721061e-01 1.354680836718236692e-01 1.421738755625545358e-01 1.247879617661834251e-01 1.716404305121048690e-01 1.250314589650562969e-01 1.364995629248922371e-01 1.564504662049087114e-01 1.147301658099089405e-01 1.508676059412372150e-01 1.532385552288691444e-01 1.581495875134097395e-01 1.694754540972117640e-01 1.669547004586988681e-01 1.640215623254459854e-01 1.696722321995419169e-01 1.688936583322638296e-01 1.678533819157759233e-01 1.646703075308025843e-01 1.649154453718715829e-01 1.567241115273365071e-01 1.735973559473420191e-01 1.747033325003542470e-01 1.726281790574838437e-01 1.845128117477952134e-01 1.716671822802485481e-01 1.685819420005676972e-01 1.610196093943146722e-01 1.599593665631406925e-01 1.619855063098590287e-01 1.718281648520851579e-01 1.610968768298552678e-01 1.700904834210731909e-01 1.660613088981745811e-01 1.549600442193358463e-01 1.722184503654017873e-01 1.362467372224174522e-01 1.441905175966545771e-01 1.639016567788320888e-01 1.653332304867927982e-01 1.736950537069258393e-01 1.588403413037332290e-01 1.620791251324462112e-01 1.726389545240621382e-01 1.561991074234443388e-01 1.575938964055597080e-01 1.597301523115875477e-01 1.574997777231680884e-01 1.548381082184878688e-01 1.433840988096685143e-01 1.479285993540668531e-01 1.625708436219595598e-01 1.558429034109458100e-01 1.653741712301534383e-01 1.563133020325276346e-01 1.521425540580127467e-01 1.564260139273806194e-01 1.548432792387047785e-01 1.540235571650807600e-01 1.619493619342685375e-01 1.666805133934620708e-01 1.658222901355010936e-01 1.642104123001862648e-01 1.680338436188488493e-01 1.608584061773832286e-01 1.654459663109671408e-01 1.628247537220163521e-01 1.679207837986234075e-01 1.693018306430636721e-01 1.614603763070088793e-01 1.653480337468718198e-01 1.685997140089822710e-01 1.671810442476985292e-01 1.656835369141831382e-01 1.675187169921961983e-01 1.720584219846244822e-01 1.664464916137832762e-01 1.620005651838332672e-01 1.625529651067080250e-01 1.652028981805810925e-01 1.677093717593400035e-01 1.646145705835327655e-01 1.529072114582614716e-01 1.600125422443652579e-01 1.594731050479794021e-01 1.633834613085371201e-01 1.551504921146829863e-01 1.554991136963495280e-01 1.569095206077926741e-01 1.559214323043986716e-01 1.548030622060842798e-01 1.590803166461151885e-01 1.635224821228768166e-01 1.643351465689997792e-01 1.633303752988318480e-01 1.671847516797806688e-01 1.589837606304295436e-01 1.603807384064038222e-01 1.587939937072487817e-01 1.553296713389872019e-01 1.517280961599971334e-01
9.968916314563164294e-02 1.144427919851635778e-01 1.000000000000000000e+00 3.623395226342152053e-01 2.426850367345068649e-01 2.587015335572880326e-01 3.799508610135509667e-01 3.641126555797302711e-01 3.771596548950193473e-01 3.397216327457798224e-01 3.868708419645113805e-01 3.857170295742241017e-01 3.521905079328285781e-01 2.973726423468961433e-01 4.092991987666693698e-01 3.990178840305154684e-01 3.777050484245488282e-01 4.204065273305211958e-01 4.080765705676357991e-01 3.607859714180680077e-01 4.044627341508347795e-01 4.182057005217860723e-01 4.195715699178277358e-01 4.088066440801623735e-01 4.125239778652925460e-01 4.134181033625851653e-01 4.095362818794472393e-01 4.176396656060083479e-01 4.047035577480576074e-01 3.989071759238813075e-01 3.975182882891567515e-01 4.193641101545508842e-01 4.241872207835165609e-01 4.143468186940009179e-01 4.024188214323547452e-01 4.049387636873559293e-01 3.965021384495092116e-01 4.109557906790596293e-01 4.113888383821951988e-01 4.226228255843973436e-01 3.944510466434026363e-01 4.010524322291705857e-01 4.049257484782410321e-01 4.072504608178208474e-01 4.079762944071346764e-01 3.950612810993487378e-01 3.847801818273307584e-01 3.871575176738598079e-01 3.910119576172004230e-01 3.947732253789797419e-01 3.998824028956196042e-01 3.940848518689440416e-01 3.861353718410681091e-01 3.884850134430025692e-01 3.896836485424976515e-01 4.028646178379867715e-01 3.921613302922304367e-01 3.959513364321544104e-01 3.879431714930189345e-01 3.900719438909272530e-01 3.900785060857500097e-01 3.876430165156038998e-01 3.824248872938521560e-01 3.914283883256897134e-01 3.855040502228740951e-01 3.856159385440984244e-01 3.899584577087194526e-01 3.906564774602922507e-01 4.011835513339052639e-01 3.875855829287985221e-01 3.977148999908486915e-01 3.984141216020123388e-01 4.072048027467253251e-01 4.028792787851868118e-01 3.929532905431502576e-01 3.872735581907110758e-01 3.928196144285409641e-01 3.921061609801355097e-01 3.917596193008562322e-01 3.908087242318230570e-01 4.008374091634778758e-01 3.895083210313157740e-01 4.020070836779910395e-01 3.993254382785608181e-01 3.956814569072634180e-01 4.020271927697591785e-01 4.003147941273347832e-01 4.011210062415765942e-01 3.955349913810457529e-01 3.922752748768665865e-01 4.069275056775338850e-01 3.919212389134603125e-01 3.934085961075832749e-01 3.923464896256528278e-01 3.780500201643905434e-01 3.773358766389807717e-01 3.938171475900419938e-01 3.885906029942204354e-01 3.880650066058745074e-01 3.890970014236398988e-01 3.936148370414245257e-01 3.872627003776947796e-01 3.829978060033658038e-01 3.882306036743566335e-01 3.913162335856878449e-01 3.840959601476262586e-01 3.833070685338378358e-01 3.801219127564513522e-01 3.849745118701525248e-01 3.831890810691822580e-01 3.879251367024008634e-01 3.813202916532800746e-01 3.841364627260396847e-01 3.887099889127574315e-01 3.859813285766826585e-01 3.834876337509111055e-01
9.202610289189579185e-02 1.299756915823100933e-01 3.623395226342152053e-01 1.000000000000000000e+00 3.324568634539841194e-01 3.746982298001028111e-01 5.911910433615882310e-01 5.888733314106266992e-01 5.789299969685062219e-01 4.993287964324585326e-01 6.063122358788936017e-01 6.257166834293401703e-01 5.641766793098120791e-01 4.634363344004218677e-01 6.406256339371624309e-01 6.444112428912015522e-01 5.848158344588081370e-01 6.293839122638543726e-01 6.092713069511799251e-01 5.576939968270998582e-01 6.258411990104016942e-01 6.411867642227759845e-01 6.472622110490249270e-01 5.913013147406568359e-01 6.201324771176490724e-01 6.629261158270203236e-01 6.486204600467952996e-01 6.606585657135518597e-01 6.442075533768711892e-01 6.345454790369646769e-01 6.366186695509111759e-01 6.467517907171177471e-01 6.348211819039187853e-01 6.330825059785982756e-01 6.235966888347240777e-01 6.372736293344899439e-01 6.299506886313486209e-01 6.462067349964597529e-01 6.530499218496120806e-01 6.565670720241777447e-01 6.383315857253705206e-01 6.431909463560165907e-01 6.562679175957421007e-01 6.470649224241227238e-01 6.466342787381935686e-01 6.405606511794830205e-01 6.148947361772159059e-01 6.192823808655418816e-01 6.222611626372730464e-01 6.249258158046518963e-01 6.419277686605707745e-01 6.297248624376763360e-01 6.211577502047493926e-01 6.243879702122216990e-01 6.241928738011616185e-01 6.395996542212747382e-01 6.162522524230233945e-01 6.308223247787917431e-01 6.150284578628418819e-01 6.291502851856514145e-01 6.240703541048187031e-01 6.209139565651770054e-01 6.119758512586229715e-01 6.277423256274471397e-01 6.192703787721616226e-01 6.235458238230022765e-01 6.233709338375705844e-01 6.268510993467907300e-01 6.350328816206778360e-01 6.248206557700950459e-01 6.346434313385069803e-01 6.309730915997784351e-01 6.282400026581667074e-01 6.295243624319324383e-01 6.333643083417164199e-01 6.263313881058594212e-01 6.311491470273061788e-01 6.283444834223916864e-01 6.270524555020938751e-01 6.278656419259552868e-01 6.295201508478551755e-01 6.331531163790475869e-01 6.367328132660635687e-01 6.362129308908704983e-01 6.309206373479879781e-01 6.309744744865578570e-01 6.336684312820335396e-01 6.385090354047052719e-01 6.338920548606391536e-01 6.328792247939180049e-01 6.447132403497169983e-01 6.290682798383254726e-01 6.323986772077859753e-01 6.337065010282897370e-01 6.115303337227731006e-01 6.134864538853971316e-01 6.329430430546983954e-01 6.287438258062224561e-01 6.291418369721470949e-01 6.306303094054725999e-01 6.325027968140349843e-01 6.281990577448605118e-01 6.245548033708892000e-01 6.295302655652597057e-01 6.300652908870882918e-01 6.252470229533895196e-01 6.213342884140943267e-01 6.185207678656677865e-01 6.229165536084484422e-01 6.173416720832236582e-01 6.237666925444347310e-01 6.194861592847921150e-01 6.239299028095464106e-01 6.305220147767948147e-01 6.260898722601950794e-01 6.242614402765332970e-01
1.969270617113949226e-02 8.429291455012642709e-02 2.426850367345068649e-01 3.324568634539841194e-01 1.000000000000000000e+00 3.020122367923381845e-01 4.707309453842005165e-01 4.527768757416064105e-01 4.643369437242605979e-01 4.293789429095005161e-01 4.693500050938577695e-01 4.957252620564993051e-01 4.599578455362218210e-01 3.724173935706377447e-01 4.959413670135839336e-01 4.989471985676955379e-01 4.195007668806440271e-01 4.596572333957342216e-01 4.649302804083521035e-01 4.457230046970457882e-01 4.761360818108200110e-01 4.777107129659117768e-01 4.847495415716185918e-01 4.285623427069810143e-01 4.849564498773797361e-01 5.046227752161213109e-01 4.906804708007295734e-01 5.042886316882884135e-01 5.057951299741925144e-01 4.965754761896788438e-01 5.080054627604873030e-01 4.745923875721456686e-01 4.513203086807681674e-01 4.747643194532201183e-01 4.665462228917515164e-01 4.740900942573954557e-01 4.930282046981289690e-01 4.950306593884162276e-01 4.962833444145899331e-01 5.013561489713079800e-01 5.098060087715785560e-01 5.133002291120499772e-01 5.097921312282112094e-01 5.142730767171296291e-01 5.011028100890693171e-01 5.132066425605563698e-01 4.969181102769829605e-01 4.997796953719843560e-01 4.955205605789984036e-01 4.827092975423941112e-01 4.941673067467365343e-01 4.972120458908628193e-01 5.051475904869136002e-01 5.023788497449295232e-01 4.980568672571179523e-01 5.094053209138253990e-01 4.777635537032008939e-01 5.035008976660778623e-01 4.866773156714377935e-01 5.006377942655457769e-01 4.980523427518139812e-01 4.935440090145018499e-01 4.839528321852460957e-01 4.927082645918858250e-01 4.933054991630617669e-01 4.960852680438974094e-01 4.963272933987213364e-01 5.038245800988553347e-01 5.018453273284849692e-01 5.089623589366308876e-01 5.054101100308193706e-01 5.045734067056402150e-01 4.923776024141448548e-01 5.025202608342426158e-01 5.106673561202025313e-01 5.074721743856980272e-01 5.132649602304861780e-01 5.076889719548727253e-01 5.117881358748790355e-01 5.049862653026088166e-01 5.054242538912309124e-01 5.072282936002978637e-01 5.012803526384994601e-01 5.023261079551929464e-01 5.005560371728525748e-01 4.958276658581340923e-01 5.059251628952695645e-01 5.073737925435833906e-01 5.061828159582125730e-01 5.102362317556798921e-01 5.090735740750370608e-01 5.120456908549990693e-01 5.074038917682252015e-01 5.104165811632895844e-01 5.005487562995039053e-01 5.017293889177998345e-01 5.040204536450667572e-01 4.939520880012415738e-01 5.073358614247786003e-01 5.014844115383640943e-01 5.096424714064705652e-01 5.010744335787810089e-01 5.010762771328510778e-01 5.093343507906891166e-01 5.040151522646091342e-01 4.962203094552150029e-01 5.011392301707648933e-01 5.052627710869762589e-01 5.080877116385119630e-01 5.041072996083324487e-01 5.012005169228297419e-01 5.032589024352371876e-01 5.032743033437435676e-01 5.024391164473568372e-01 4.996166910167018083e-01 5.022997046344032102e-01
3.606573515940962593e-02 1.028276935586856095e-01 2.587015335572880326e-01 3.746982298001028111e-01 3.020122367923381845e-01 1.000000000000000000e+00 4.880807591827590608e-01 4.732064982937713715e-01 5.107791506677981097e-01 4.998515487488155440e-01 5.313610449328718399e-01 5.473553771219702435e-01 5.014331921028142292e-01 3.967128550079893068e-01 5.465191780920014564e-01 5.507631458668256208e-01 4.980257512984023749e-01 5.156104699108977618e-01 5.336767794929915265e-01 4.909053739925718363e-01 5.389766707900115472e-01 5.384994088553896052e-01 5.263828030264964264e-01 4.798637995664560285e-01 5.399499301005066254e-01 5.619840819010769595e-01 5.495959127035908720e-01 5.478355951251407951e-01 5.574467508817543271e-01 5.632592631248164450e-01 5.708453372719710650e-01 5.504933516297716434e-01 5.231000707977848663e-01 5.603430626141912008e-01 5.456522146112111615e-01 5.523461645044246415e-01 5.576961678962740754e-01 5.599646251816372544e-01 5.683380275680215421e-01 5.609842593932866661e-01 5.743001054796171845e-01 5.677111284148377290e-01 5.644206176734218872e-01 5.724267490902208433e-01 5.730078208958113706e-01 5.697625764806496518e-01 5.746493210253237338e-01 5.807363187632973434e-01 5.763189345064158031e-01 5.572495539613511184e-01 5.724427848933860696e-01 5.701883356558521410e-01 5.681940675036283306e-01 5.745031713122010775e-01 5.729187669466554444e-01 5.764521540196470006e-01 5.658148187936352658e-01 5.761038661633554048e-01 5.636748985671723444e-01 5.769729411609125780e-01 5.710101533131051177e-01 5.700575293546150668e-01 5.651569117867938363e-01 5.713712282218407212e-01 5.726558922087507941e-01 5.790065645208577472e-01 5.801620736065737916e-01 5.799674374639439689e-01 5.798842190557215170e-01 5.780937504403423910e-01 5.807808225191603002e-01 5.822868536511169868e-01 5.678078676236871791e-01 5.792930288533111316e-01 5.804010189640682604e-01 5.832712182744311802e-01 5.782366939164015340e-01 5.766429527587652037e-01 5.778639695845086965e-01 5.836863990824744386e-01 5.811144083009904815e-01 5.835752945957106697e-01 5.810845042672637684e-01 5.793548373644227256e-01 5.745815861367575828e-01 5.776318297752141007e-01 5.802997439916443012e-01 5.804323912058215740e-01 5.810015183882579759e-01 5.814293746944513286e-01 5.793034929932958654e-01 5.830598005883268486e-01 5.821254103990788353e-01 5.803558881814279147e-01 5.801592700775887179e-01 5.804750546737357242e-01 5.784318007926966265e-01 5.748108935906575123e-01 5.814700826918393073e-01 5.791826102412563904e-01 5.807439816547197431e-01 5.757004562236301970e-01 5.811227585776006510e-01 5.807066851562302512e-01 5.838279399071421016e-01 5.793325747168668327e-01 5.796802979560105040e-01 5.832416942430554974e-01 5.833382667789265286e-01 5.808708371237701895e-01 5.794176155971367814e-01 5.815760711657135262e-01 5.814669616358123516e-01 5.809691171578441615e-01 5.785920584798788235e-01 5.815645579124154585e-01
5.106357542865908039e-02 1.666953394152117240e-01 3.799508610135509667e-01 5.911910433615882310e-01 4.707309453842005165e-01 4.880807591827590608e-01 1.000000000000000000e+00 7.336016903107133169e-01 7.378368534340142837e-01 6.808239762483198065e-01 7.705390683609041336e-01 8.027159661520527623e-01 7.311227180228386802e-01 5.940373010809931742e-01 8.472737107245756905e-01 8.192857305233892662e-01 7.251533080801060294e-01 7.860572718011857862e-01 7.846418189915203012e-01 7.265341994499227019e-01 7.917752383749597778e-01 8.066196349998318027e-01 8.049187939058409791e-01 7.380911462262487177e-01 8.070690225053853695e-01 8.270904514162482624e-01 8.121432842901421534e-01 8.409412687987629642e-01 8.246368185581161026e-01 8.182026519212112214e-01 8.306606696243057364e-01 8.205693796189871270e-01 7.996822546096783446e-01 8.166706604257217839e-01 7.901635371918690476e-01 8.130053459444642749e-01 8.099122379844789776e-01 8.396081124546338481e-01 8.372560907113555384e-01 8.436191044733327704e-01 8.276907019101884533e-01 8.422557508440687846e-01 8.355986624166173993e-01 8.393500431180466181e-01 8.332832612475321588e-01 8.366318074519375481e-01 8.149627362990735646e-01 8.104224523218136467e-01 8.108913979924047277e-01 8.183859394284651589e-01 8.324284917699552588e-01 8.097421294455190433e-01 8.051837632423086699e-01 8.106935210821887283e-01 8.114307995037078891e-01 8.354092176156305838e-01 7.916435415753138027e-01 8.210060232186755513e-01 8.087257139128630756e-01 8.165675968407375418e-01 8.179287032682658332e-01 8.071842217863095525e-01 7.988964059674368290e-01 8.074172911083602466e-01 8.036980833880298380e-01 8.032929832864946773e-01 8.157410283705945897e-01 8.198407768635095350e-01 8.273023072737715200e-01 8.196895035005400398e-01 8.283940192391642254e-01 8.244286307209046649e-01 8.159689573363979598e-01 8.251359973297223149e-01 8.324240664861014549e-01 8.263450086188389720e-01 8.333414028595653722e-01 8.263492341866329749e-01 8.312569193557356462e-01 8.253000785388503457e-01 8.262329157434008531e-01 8.249302108696778824e-01 8.299681683514286146e-01 8.298928029153809227e-01 8.277389667341036317e-01 8.251604675990642512e-01 8.272711055287028659e-01 8.359794116876818615e-01 8.338682053169335084e-01 8.296816948791182478e-01 8.446299442058649021e-01 8.311457667439824393e-01 8.284748262282514153e-01 8.329081547373763383e-01 8.127748211875933659e-01 8.114263602462318259e-01 8.247628019296886492e-01 8.136654156171156949e-01 8.224162497506347647e-01 8.243723587212784532e-01 8.284256524048549952e-01 8.170564659241353889e-01 8.175912526448670947e-01 8.245507949506032386e-01 8.207240894639691309e-01 8.082505360033234165e-01 8.150860715317977956e-01 8.153104192828319885e-01 8.212100853806147960e-01 8.178250472802459647e-01 8.224617674917910071e-01 8.135003062263348461e-01 8.137942089445786564e-01 8.202453944363734539e-01 8.147285623561272283e-01 8.118843284211199052e-01
7.060119930916185227e-02 1.260655381601859804e-01 3.641126555797302711e-01 5.888733314106266992e-01 4.527768757416064105e-01 4.732064982937713715e-01 7.336016903107133169e-01 1.000000000000000000e+00 7.259938931542533336e-01 6.464504950243982195e-01 7.515141068154210791e-01 7.711435093327398960e-01 7.208455629883326887e-01 5.837335512566749207e-01 8.024228459862818852e-01 8.167770048090569057e-01 7.167520222677127295e-01 7.560161974814817443e-01 7.555436903379221247e-01 6.979806291998159606e-01 7.668698195306222765e-01 7.812215976382285154e-01 7.710684389646140779e-01 7.113357941843811982e-01 7.633976585409396609e-01 7.914198694001021162e-01 7.760807140190443265e-01 7.875192733210344409e-01 7.916778642512398712e-01 7.842330811714655070e-01 7.893294964700072747e-01 7.974850595506828288e-01 7.523567584909101047e-01 7.797450142088179215e-01 7.509942138464190675e-01 7.730497005574425984e-01 7.633947530779748858e-01 8.101545270505556839e-01 7.937538777700031689e-01 7.968624743347061390e-01 7.854357040116531907e-01 7.974045203772733847e-01 7.997307780230054064e-01 8.051886562409472647e-01 7.923084550374785984e-01 8.049409999634913326e-01 7.841537184023896767e-01 7.809299184761360202e-01 7.942922641732812483e-01 7.961647677994523331e-01 8.054370935969021872e-01 7.828297611104177989e-01 7.807881837391066338e-01 7.895427978579391270e-01 7.918253517016429210e-01 7.946910467075385398e-01 7.872867063688697709e-01 7.970905771657144090e-01 7.908869477096560630e-01 7.924738230284669172e-01 7.934437141164056850e-01 7.949634700062966353e-01 7.847481462091663307e-01 7.940951794938236885e-01 7.774578980953196217e-01 7.890094980961921411e-01 7.831297837766285630e-01 7.872995128446815816e-01 7.941741404492090872e-01 7.909543036354290679e-01 7.954667937223145469e-01 7.892038465245880818e-01 7.843990047182224368e-01 7.881050014615702537e-01 7.940023488084870795e-01 7.855024149068098316e-01 7.874329496581390364e-01 7.911340712803276443e-01 7.850777748869631756e-01 7.893613095835130267e-01 7.874572527361903829e-01 7.862849964046380036e-01 7.946862529368196038e-01 7.937070483709721680e-01 7.938124019747609950e-01 7.896871531538804945e-01 7.860965248627921342e-01 7.976445259993759640e-01 7.919798563436620809e-01 7.887219324273351262e-01 7.957531957813116508e-01 7.897024837594736058e-01 7.893781661193105537e-01 7.920430737383681308e-01 7.742572043869875298e-01 7.752975117934557403e-01 7.979289681620589381e-01 7.933274641752368073e-01 7.870806950598815410e-01 7.941058419525056644e-01 7.868922007354218762e-01 7.957854263375886417e-01 7.840581701667241887e-01 7.927428447621795993e-01 7.879330008797001961e-01 7.883666877756487779e-01 7.887512080000951276e-01 7.815221736180300027e-01 7.876933775356163014e-01 7.865633788694460504e-01 7.917695943729397001e-01 7.800799148910637637e-01 7.894010685287290441e-01 7.924005037540786667e-01 7.823377301043794585e-01 7.854590043358985474e-01
1.053506053266824311e-01 1.608079787698796781e-01 3.771596548950193473e-01 5.789299969685062219e-01 4.643369437242605979e-01 5.107791506677981097e-01 7.378368534340142837e-01 7.259938931542533336e-01 1.000000000000000000e+00 7.580382327314634239e-01 8.164414223057170350e-01 8.483188807614724380e-01 7.783300726332389452e-01 6.468494587546422814e-01 8.474624553322805953e-01 8.474363464524082845e-01 8.014482528493126479e-01 8.100556453701129866e-01 8.150568176369361595e-01 7.484432782122495409e-01 8.233453774867525166e-01 8.299006450728083628e-01 8.084141507222930567e-01 7.390305168242066181e-01 8.140940538989385189e-01 8.516829544407461539e-01 8.418692087129066026e-01 8.272530624565160862e-01 8.603681228988969698e-01 8.604169093384483880e-01 8.734519786258454488e-01 8.580321205979689614e-01 7.782968446801452611e-01 8.507314411499979911e-01 8.059526086509305465e-01 8.355937940283504339e-01 8.404200208981876807e-01 8.687631871125350846e-01 8.512981517626442285e-01 8.439414514929406419e-01 8.696856954021038311e-01 8.694138451795243583e-01 8.604921459564540687e-01 8.762083646113963953e-01 8.642366757362470731e-01 8.674488806982951772e-01 8.790333589644760970e-01 8.866395920338252523e-01 8.881505030228488140e-01 8.687604304233219610e-01 8.801550177358135052e-01 8.602244956461206904e-01 8.740349814388808092e-01 8.890003807052444529e-01 8.785022662414758710e-01 8.694846040111988694e-01 8.848448333295788615e-01 8.829991710989891773e-01 8.822839318015659460e-01 8.892953349804815222e-01 8.841647576567642774e-01 8.886075423999506562e-01 8.817384425609625653e-01 8.843947685964821392e-01 8.748479469962916477e-01 8.897109878424075413e-01 8.848420466611865987e-01 8.840146744700272396e-01 8.830242317495577975e-01 8.845931553369410505e-01 8.808872714308316754e-01 8.809802962462376374e-01 8.664568867550619391e-01 8.739952795902308225e-01 8.818163865176029681e-01 8.757564320192260388e-01 8.707746381326327834e-01 8.829113700903028494e-01 8.760802557348441599e-01 8.800778392945804995e-01 8.762565083648247155e-01 8.828391328085399836e-01 8.825984151350745321e-01 8.725953730258598773e-01 8.760234698028201983e-01 8.751202468463371575e-01 8.755819578317548535e-01 8.790318355524268101e-01 8.751440256671584317e-01 8.755992831857396519e-01 8.670565129396987647e-01 8.785210394117297650e-01 8.799740446820198958e-01 8.777732597222636102e-01 8.772722072316401221e-01 8.812789431351706337e-01 8.780539591071827576e-01 8.853061219993836328e-01 8.743073767018693099e-01 8.802948565848354168e-01 8.720039951876246143e-01 8.806735450860488923e-01 8.804219531677105470e-01 8.819047694879776911e-01 8.809197476778705127e-01 8.829514891135052945e-01 8.862214872232502261e-01 8.805314561981756327e-01 8.842112520895001326e-01 8.818634074151722180e-01 8.821635556334203043e-01 8.817201070776985450e-01 8.853533919753455717e-01 8.823616732635931603e-01 8.830532270768289838e-01 8.851520326281024920e-01
3.328550645614904852e-02 1.952758188622762403e-01 3.397216327457798224e-01 4.993287964324585326e-01 4.293789429095005161e-01 4.998515487488155440e-01 6.808239762483198065e-01 6.464504950243982195e-01 7.580382327314634239e-01 1.000000000000000000e+00 7.457822476988298366e-01 7.791831286330893613e-01 7.062802615606537104e-01 5.871653669855313451e-01 7.826152668685563141e-01 7.704221505496159361e-01 7.140421307897040215e-01 7.307975067636115485e-01 7.381673353367607104e-01 6.878007648092918647e-01 7.441253048347898913e-01 7.457543547596455769e-01 7.490077705659192731e-01 6.718126912426748421e-01 7.545176753677009795e-01 7.820030594739277863e-01 7.748240215696657884e-01 7.741658870253976810e-01 7.932434661071532389e-01 8.062644442802051614e-01 8.148992790271233355e-01 7.849017046593568248e-01 7.257499965463660718e-01 7.883751349111763895e-01 7.600750031358001202e-01 7.702424737270221478e-01 7.861874224296550029e-01 7.992491987693370881e-01 7.941008188141484014e-01 7.944902332108684240e-01 8.132122322147918858e-01 8.102268704106807551e-01 7.905171805245710948e-01 8.115933843001670311e-01 8.048700857902993944e-01 8.046609938992351774e-01 8.185335182311604951e-01 8.288584314151217214e-01 8.143012915489308279e-01 7.869970331829240218e-01 8.118978680626571798e-01 7.877106024349944668e-01 8.016062685600103821e-01 8.188802516532468490e-01 8.171863697338969112e-01 8.164593816020218053e-01 8.022088369869491142e-01 8.170124636682566388e-01 8.094388189036417769e-01 8.193705309308845219e-01 8.082473504962788269e-01 8.131515700804780034e-01 8.030744313016962010e-01 8.010393119751700874e-01 8.010531772812113926e-01 8.115886420983730032e-01 8.181297785211244511e-01 8.167518684361959602e-01 8.184807394369117972e-01 8.172917389593722381e-01 8.150849436568546880e-01 8.176363644732153046e-01 8.009976864290166976e-01 8.131665042544452549e-01 8.200574493788965746e-01 8.201455939173839527e-01 8.157926924351358577e-01 8.199113880693146283e-01 8.178395125600538274e-01 8.204059107283138141e-01 8.182256611227020082e-01 8.214918583990649115e-01 8.207827202645028297e-01 8.137197053092298793e-01 8.103077790892556642e-01 8.163898679794425739e-01 8.206985578951195848e-01 8.206937981320124864e-01 8.185236705155720660e-01 8.173296603542781202e-01 8.144466737764108899e-01 8.238516778965642162e-01 8.207158639924962973e-01 8.208268761022580184e-01 8.223176832072113251e-01 8.244908411224257661e-01 8.136800984319210173e-01 8.104603614885373952e-01 8.152749646312070775e-01 8.159682515923264434e-01 8.170954599580427802e-01 8.136502271768349948e-01 8.184637961761751512e-01 8.214784339433788274e-01 8.185873238186116563e-01 8.144111887297474928e-01 8.214636219954473129e-01 8.227028617670780752e-01 8.236854733750516022e-01 8.223907125393382644e-01 8.236804755757940466e-01 8.227265715080512853e-01 8.207518202724570777e-01 8.160796917976678166e-01 8.174705111338756991e-01 8.186061403959370431e-01
5.236155563461315776e-02 1.874517288067208964e-01 3.868708419645113805e-01 6.063122358788936017e-01 4.693500050938577695e-01 5.313610449328718399e-01 7.705390683609041336e-01 7.515141068154210791e-01 8.164414223057170350e-01 7.457822476988298366e-01 1.000000000000000000e+00 8.739716783438361558e-01 7.806628757470919222e-01 6.507380334048334936e-01 8.747400709170940480e-01 8.667698295240587880e-01 7.943821210552571843e-01 8.312341623841918992e-01 8.354194573707881544e-01 7.690178101742818351e-01 8.353070335328286466e-01 8.535951865566150376e-01 8.349093822574156221e-01 7.689600383956838314e-01 8.414698765414712067e-01 8.695801003445231547e-01 8.573200149335696851e-01 8.627632411763390685e-01 8.750458062427912687e-01 8.778072357797153114e-01 8.987355799459043615e-01 8.813901374237164132e-01 8.265458157958590624e-01 8.742399798365001473e-01 8.439375355607847684e-01 8.591660557264405584e-01 8.690524988352837932e-01 8.898824410957461017e-01 8.843066344654166855e-01 8.807448900551476667e-01 8.877310084152301162e-01 8.916948277349486807e-01 8.874774798092457395e-01 8.938021329015217731e-01 8.902614427532757890e-01 8.918123869482318389e-01 8.880638921526139429e-01 8.889618540940501523e-01 8.890639751114715050e-01 8.760447919382849946e-01 8.966302647094416267e-01 8.657436510429119547e-01 8.766403980355670367e-01 8.877069648747726305e-01 8.824240880148510602e-01 8.895316027746620335e-01 8.770394370472268664e-01 8.920454702162048388e-01 8.857055732628913436e-01 8.898362176121275002e-01 8.873018061193134187e-01 8.876001786136452631e-01 8.782460666265619054e-01 8.822217117595942959e-01 8.752850255495955301e-01 8.837853696691819749e-01 8.925804969582536996e-01 8.951812085238717298e-01 8.996110953806016886e-01 8.931370539064019676e-01 8.958093262164393833e-01 8.946441596284933073e-01 8.834613575116502249e-01 8.917897415258091431e-01 8.955864710229786141e-01 8.920235112597709737e-01 8.899888409946703494e-01 8.941942624010795759e-01 8.909815365059466918e-01 8.929910511985710286e-01 8.927262369288575528e-01 8.943443995485986786e-01 8.976759880821840731e-01 8.945774480573465137e-01 8.944619739499797273e-01 8.941956470666693191e-01 8.937289828918204559e-01 8.996992427299095318e-01 8.953321574432983043e-01 8.925286868541755236e-01 8.956616948493653085e-01 8.957241423636352895e-01 8.955264424906992371e-01 8.957642324741621476e-01 8.903957682136220964e-01 8.904277169382297519e-01 8.970929184192539818e-01 8.907434580903399457e-01 8.952450395210247436e-01 8.964033438838904244e-01 8.939910644135627971e-01 8.960962350120114106e-01 8.910257628428106536e-01 8.955736663691894472e-01 8.927800219933145209e-01 8.911712184707321072e-01 8.938559129101950607e-01 8.913941686613306992e-01 8.954943728601441055e-01 8.933584856283273146e-01 8.974030647090937007e-01 8.910661566834678915e-01 8.950937459673163898e-01 8.954157991613351797e-01 8.907522381502790410e-01 8.898194495272856441e-01
4.832715391545561873e-02 1.555382080051530558e-01 3.857170295742241017e-01 6.257166834293401703e-01 4.957252620564993051e-01 5.473553771219702435e-01 8.027159661520527623e-01 7.711435093327398960e-01 8.483188807614724380e-01 7.791831286330893613e-01 8.739716783438361558e-01 1.000000000000000000e+00 8.349950999398216833e-01 6.747236166273894442e-01 9.137737279066301399e-01 9.040998406399560761e-01 8.309724889070209120e-01 8.544336219924751896e-01 8.597666102877283834e-01 7.958605155031039935e-01 8.751265531931647912e-01 8.834366054478886010e-01 8.624723367207592917e-01 7.830931960101196188e-01 8.703233487668505797e-01 9.107751077893530001e-01 8.990418275770332146e-01 8.943282578793029236e-01 9.159910212025683673e-01 9.237689032908213971e-01 9.439447329941541565e-01 9.142139624873302228e-01 8.539379025480586805e-01 9.095423936034330303e-01 8.818573237129619935e-01 9.009897298644756747e-01 9.067225379750988301e-01 9.306354678193798913e-01 9.250935783338608553e-01 9.135656376895161523e-01 9.311834738405998513e-01 9.339430884834906132e-01 9.289721442523389827e-01 9.386052301868884618e-01 9.290128777526402981e-01 9.375514975398047124e-01 9.366570177082538251e-01 9.393222718978870844e-01 9.338279027704724511e-01 9.184177983046322158e-01 9.398401297702247970e-01 9.133072431786154466e-01 9.244779406297682911e-01 9.393030163784367170e-01 9.314693037028947131e-01 9.324326337456841918e-01 9.252518618044437426e-01 9.384119236186951873e-01 9.295840535851827013e-01 9.430180286134189904e-01 9.398835865179442361e-01 9.390163794889067050e-01 9.272495462211147732e-01 9.328625134951830100e-01 9.305314260634183210e-01 9.380533391239277430e-01 9.418129923875877552e-01 9.397520296845782717e-01 9.408279478872010326e-01 9.405602364114991065e-01 9.416229554728524631e-01 9.413412999032333417e-01 9.211235708983737114e-01 9.337871767831140701e-01 9.440163626259527874e-01 9.389095977570455220e-01 9.363088188119738087e-01 9.428722858961162689e-01 9.356601959105039779e-01 9.413898480228498622e-01 9.402317118470766566e-01 9.435853486811485169e-01 9.419922114446238615e-01 9.403315314689590920e-01 9.360575191068982726e-01 9.373896947515824030e-01 9.400963234342049057e-01 9.432317979861601920e-01 9.424579825459349358e-01 9.370618314472954902e-01 9.379097195441448154e-01 9.426095851300991812e-01 9.423000810136269445e-01 9.435250724169350622e-01 9.378550246791805822e-01 9.404979863339458790e-01 9.368842034312171441e-01 9.381344642962544667e-01 9.389089377929459301e-01 9.418224450621108801e-01 9.379691240389885776e-01 9.396819906892337482e-01 9.394337765354826564e-01 9.440923960715158492e-01 9.404886541177386317e-01 9.385027752270416190e-01 9.422357526772762171e-01 9.420346303827066281e-01 9.436695994155690492e-01 9.421981113175605937e-01 9.420791682699249936e-01 9.413451448974483604e-01 9.431669713455549386e-01 9.429227949892545757e-01 9.415982529775619447e-01 9.414984248740869699e-01
2.713653017741426629e-02 1.305821088285522846e-01 3.521905079328285781e-01 5.641766793098120791e-01 4.599578455362218210e-01 5.014331921028142292e-01 7.311227180228386802e-01 7.208455629883326887e-01 7.783300726332389452e-01 7.062802615606537104e-01 7.806628757470919222e-01 8.349950999398216833e-01 1.000000000000000000e+00 6.275070201293325711e-01 8.375506470705295081e-01 8.340986143325610502e-01 7.529534281660008599e-01 7.926294034294633084e-01 7.928346317991802339e-01 7.394466717726904115e-01 8.061051058499770772e-01 8.168586916215948568e-01 7.900243929676905585e-01 7.293801884634057986e-01 8.016088014711519882e-01 8.332502342766281433e-01 8.226984943782504889e-01 8.164176489505564627e-01 8.390672178154715555e-01 8.430835820413644655e-01 8.547640746615832175e-01 8.302421821373563438e-01 7.680995821068351548e-01 8.300218242584326278e-01 7.992596643704675818e-01 8.202821703173667212e-01 8.247367374324442446e-01 8.481187471908879782e-01 8.374628859123453006e-01 8.310985281439262629e-01 8.526609718302313734e-01 8.574596578041927541e-01 8.484728374569744380e-01 8.642380238305376050e-01 8.526827527132928575e-01 8.571471742958892692e-01 8.622466646681233859e-01 8.620067983526468192e-01 8.544888681645734785e-01 8.372011159580093898e-01 8.556107558114369738e-01 8.413649308135083826e-01 8.522639523821498031e-01 8.621284473507574431e-01 8.510321095814393777e-01 8.522950128056099306e-01 8.429149865173529710e-01 8.617391517026868897e-01 8.480180249230817591e-01 8.690633390873058195e-01 8.598049306385791013e-01 8.616498432957881981e-01 8.450160310066240354e-01 8.551261662034282951e-01 8.518305318934998871e-01 8.612058510239948284e-01 8.638322366669105579e-01 8.650916383059037429e-01 8.620911302794864728e-01 8.672747367731751256e-01 8.657261785998235926e-01 8.625168078995446574e-01 8.490263139180719287e-01 8.601295850167386403e-01 8.630439435505108392e-01 8.606637940754446880e-01 8.559773573903546318e-01 8.652821029689871102e-01 8.585384124136676842e-01 8.622238250795932757e-01 8.609700179623189786e-01 8.643478056487720051e-01 8.611887386886304396e-01 8.574061295778558911e-01 8.549273584682236526e-01 8.563526959728785526e-01 8.590807973710995471e-01 8.620763219234980346e-01 8.613423289947521599e-01 8.583412910125047812e-01 8.551388881454552449e-01 8.644246490705143060e-01 8.646718392303380796e-01 8.657317330582640080e-01 8.592095003431389211e-01 8.627362158190133856e-01 8.561208354738280013e-01 8.557722209044159589e-01 8.586881967804863569e-01 8.610163342418223342e-01 8.600612621298402427e-01 8.591710022493993515e-01 8.644161025823932087e-01 8.676651611011623189e-01 8.632102046739987822e-01 8.590022673577670798e-01 8.635697023448355436e-01 8.640686870146293552e-01 8.650917648819539396e-01 8.649843193066584224e-01 8.631077230762441710e-01 8.631589339519413207e-01 8.652248274480878187e-01 8.621515606197410753e-01 8.611195818658217149e-01 8.657558345753166851e-01
