1.000000000000000000e+00 1.153334249788749016e-01 1.071134088984806582e-01 5.337134582222266554e-02 1.945369143971832290e-02 -7.159368897359331962e-03 -4.517744240318621526e-03 2.187426782023854308e-02 9.470685730260515467e-02 5.137548256728866752e-02 2.923139387398500377e-02 1.157350093760630208e-02 1.649387156893486039e-03 1.812837317968052017e-02 5.108209200518713453e-03 1.084054071401007076e-02 6.275910202479230426e-02 3.376861507247024691e-02 4.983235074938997811e-02 4.441405177389282088e-02 -9.116274390000020725e-04 4.955165378206476123e-02 9.870831309079604321e-02 6.860044541828932974e-02 5.442536860544711780e-02 8.374617327608835371e-02 4.734889636770790028e-02 5.519495528547602864e-02 6.902398012247587533e-02 8.545757245751761655e-02 5.398118945609637481e-02 5.145117571552181718e-02 2.306082169541124466e-02 5.103042735015567155e-02 5.380809329510496258e-02 2.863158066582643241e-02 5.157429486620000725e-02 2.294181227233126411e-02 1.468536479522335354e-02 -1.468986848281141934e-02 2.459593597878298107e-02 9.139682517691443200e-03 8.625383348546187059e-03 1.398175999754707605e-02 2.854897723298343779e-02 1.213713297996031094e-02 4.659229084351539617e-03 1.746223561040533695e-02 1.026656587097976234e-02 7.708581372570911562e-03 9.697364658659746520e-03 -3.203558232025316074e-03 1.064019645995052145e-02 2.761280333231959719e-02 3.162503827251470639e-02 4.039829304032298979e-02 1.693044672216545768e-02 2.699849799934552624e-02 1.883433577194624370e-02 2.024778416088321431e-02 1.518158630553230817e-02 2.251544841944017397e-02 1.781812187059962291e-02 2.662917706972263432e-02 2.199851936503622110e-02 3.604584051294461994e-02 1.654071346586316257e-02 2.489534036993903965e-02 3.182517970801222729e-02 1.661905679925062065e-02 1.194460395291722932e-02 2.419662770062738083e-02 2.974513363324923776e-02 1.809737445094904487e-02 2.107363822010100904e-02 1.226598962188175587e-02 1.459561261617088948e-02 3.442844088270294312e-02 2.510154881700390334e-02 4.172293226638271180e-02 1.535832273154077651e-02 2.697404092004234560e-02 2.232688346271997915e-02 1.472525247231333372e-02 1.592622119241827311e-02 2.504946216356796623e-02 1.882971547158084416e-02 9.028107035228905355e-04 4.391273450980343572e-03 1.404827935985028184e-02 -3.626594615038087211e-03 5.640862380676551005e-04 9.290533986216121046e-03 9.409450441146568686e-03 2.902424386399184153e-03 7.797149091275568447e-03 -1.123039317706320088e-02 1.571950616345615601e-02 2.775707499214808468e-03 -3.525269373636161219e-03 2.021348253477973922e-03 4.381113276546478273e-03 5.539047870358337552e-03 4.455672999518090621e-03 1.252897551448666803e-02 1.327320019559297647e-02 9.215858193627319422e-03 1.096194317413859767e-02 8.511621492856068921e-03 3.548652495101024210e-03 4.460874764021771069e-04 1.331801032966843309e-02 1.370357253514860492e-02 1.191742915214765754e-02 1.632142595631147497e-02 1.864469703988365368e-02
1.153334249788749016e-01 1.000000000000000000e+00 1.516872906215487593e-01 1.191934619098800746e-01 5.216642593664642946e-02 1.113919758275900840e-01 1.453555629184943854e-01 1.141230307374707237e-01 2.038695396900279122e-01 2.086276843220234989e-01 1.513163609333640636e-01 1.384749450635806844e-01 1.075781240128456245e-01 1.204433713609563417e-01 1.491617533496694681e-01 1.281707516635299804e-01 1.927094521393489801e-01 1.990039429689204331e-01 2.006479456175268294e-01 1.492961373942054137e-01 1.353522867013022546e-01 1.762849690443621664e-01 2.352682272177359646e-01 2.007734259242500707e-01 1.866637152190943894e-01 2.426389922220059669e-01 2.225967878784810838e-01 2.390175791395828531e-01 2.652042330377405999e-01 2.664946988211957524e-01 2.311759055347913927e-01 2.149356538574317688e-01 2.072419084606993700e-01 2.004805140623496795e-01 2.236820338466886382e-01 1.741756522348767433e-01 2.022094691889975149e-01 1.894052674414322956e-01 1.887998277688425763e-01 1.687155390940002497e-01 1.783257547781901264e-01 1.588574538921427859e-01 1.603496939993109827e-01 1.715116286016247216e-01 1.657621074114663529e-01 1.917765583368545024e-01 1.529865495992613622e-01 1.700368099855957549e-01 1.527660002610064238e-01 1.577201947051163899e-01 1.603779291082720604e-01 1.054498979724099311e-01 1.244902871092998659e-01 1.721810990358366988e-01 1.776479238508147374e-01 1.918355433661722564e-01 1.420542850234592092e-01 1.721188743594229131e-01 1.639743025081847327e-01 1.563453717506041729e-01 1.401151926882870657e-01 1.613527942788831049e-01 1.590678000437682205e-01 1.523563061311498101e-01 1.431758640743535094e-01 1.586066612670347653e-01 1.676886291783179217e-01 1.726444613548505924e-01 1.897937879351391244e-01 1.651919405863667145e-01 1.520611270619155186e-01 1.694595409077249148e-01 1.765185029871398636e-01 1.667604541478467095e-01 1.778941260902399124e-01 1.701998078743422460e-01 1.810080605728297543e-01 2.042354944504660152e-01 1.870693622946542067e-01 1.971075077711348933e-01 1.783386496315432224e-01 1.774618143922322699e-01 1.753705050075323180e-01 1.857512576479178057e-01 1.705605453541585992e-01 1.730608372934984429e-01 1.690315930755580953e-01 1.649058661903657352e-01 1.658766760768702053e-01 1.693510994566427008e-01 1.645991094697404344e-01 1.553049303612370757e-01 1.579485227000740344e-01 1.609841711009405429e-01 1.492321280897145885e-01 1.567895530269563797e-01 1.340768451626634106e-01 1.379028626316277095e-01 1.423560218704102986e-01 1.490624623729006060e-01 1.446633988137762394e-01 1.376915658505901419e-01 1.377155366351755228e-01 1.441048770939340196e-01 1.396267825598495049e-01 1.502026237064685577e-01 1.547597616457842828e-01 1.607192814678841120e-01 1.673296781161906777e-01 1.571462148976923989e-01 1.558797348089495105e-01 1.498505792261739245e-01 1.547994405423659126e-01 1.513330297677258629e-01 1.458769651898135788e-01 1.515475218765760523e-01
1.071134088984806582e-01 1.516872906215487593e-01 1.000000000000000000e+00 3.384714300018962230e-01 1.817718393236427143e-01 2.332692788539336426e-01 3.233878986895759033e-01 2.866424246133985054e-01 3.392655561906173234e-01 3.186009393906431009e-01 3.370517999413157884e-01 3.501030467458799422e-01 2.964205782045282733e-01 2.963277606428235122e-01 3.280655902060448104e-01 3.056645797198014880e-01 3.762016691814324965e-01 4.067985718192504430e-01 3.997569796077057869e-01 3.026139401228575831e-01 3.861693107840800110e-01 3.935484725202984535e-01 4.369989541476851369e-01 4.333677849446391228e-01 4.002339938017609455e-01 4.332333124192851437e-01 4.059831947588661838e-01 4.095884434604253888e-01 3.878014193907546314e-01 3.971096580361606065e-01 4.085771767592245585e-01 4.124943157873556809e-01 3.875974550728005230e-01 4.142064958889964399e-01 3.916909449530530107e-01 3.861200439005275653e-01 3.919062607892732086e-01 3.819967782610069196e-01 3.682180646469124241e-01 3.792315753115795829e-01 3.698605446475987102e-01 3.575546411001169211e-01 3.786247160530137879e-01 3.701759019774591430e-01 3.902816941241675774e-01 3.698454091770146945e-01 3.243531673352489375e-01 3.428409537899178017e-01 3.401652372430120086e-01 3.712045268663393127e-01 3.670277942280555372e-01 3.592503334530197656e-01 3.418017310865616998e-01 3.440717175968505126e-01 3.645981640602165008e-01 3.830501044631035024e-01 3.486743751980160844e-01 3.519514417078796753e-01 3.489945550836301980e-01 3.330894941757979177e-01 3.420230871824808117e-01 3.360969560242018650e-01 3.428110792369931104e-01 3.369971343029553035e-01 3.417597678146591655e-01 3.479286583499887064e-01 3.487351065269616579e-01 3.672303475466284772e-01 3.785480845305349007e-01 3.596061733878361255e-01 3.587736414218140046e-01 3.645487787929564405e-01 3.820448017884124914e-01 3.651907076448943079e-01 3.740630423782888014e-01 3.567266584569852017e-01 3.654777721553245651e-01 3.633794485295456234e-01 3.549485837525137577e-01 3.616469942365861945e-01 3.636707674016362302e-01 3.600379849339341853e-01 3.630357368220460956e-01 3.574740289743701949e-01 3.680699197177359494e-01 3.683358092078617418e-01 3.647181774030993084e-01 3.528215800044873784e-01 3.478405267231636233e-01 3.595776078426785594e-01 3.607502195563625502e-01 3.438215092251519223e-01 3.524424809177109652e-01 3.552000283988927531e-01 3.275187372103668948e-01 3.294264596486532470e-01 3.517269564605528531e-01 3.387382908424294015e-01 3.344251765494296036e-01 3.468588731736083619e-01 3.541870588146428522e-01 3.399174082500220351e-01 3.407933297512222293e-01 3.420143130356836370e-01 3.487854144025215319e-01 3.406284941591453674e-01 3.317162803320145570e-01 3.348037825034420600e-01 3.509277572709352810e-01 3.382192432447891917e-01 3.334155667386652921e-01 3.279579764731849756e-01 3.341342338977663085e-01 3.335027740203926894e-01 3.387213747737976011e-01 3.276807601616865129e-01
5.337134582222266554e-02 1.191934619098800746e-01 3.384714300018962230e-01 1.000000000000000000e+00 3.885956092579240795e-01 3.870081469847403421e-01 6.111656231851998466e-01 5.826412986577953479e-01 5.091914589272269476e-01 4.710957277689554745e-01 5.489528515912089901e-01 6.282755339245894577e-01 5.298591565972635697e-01 5.156211952428051415e-01 6.047992850065968540e-01 5.928370744515604196e-01 5.514782955499507588e-01 5.640426974711413299e-01 5.423932849095945974e-01 5.872128286014799414e-01 6.548742807753425987e-01 5.766948914269663939e-01 5.464678987328699389e-01 5.867786257797900085e-01 5.587106567465824902e-01 5.755879621350539210e-01 5.653687147496496701e-01 5.290220352567068796e-01 5.227315801856735611e-01 5.193386341316311716e-01 5.506650411480823459e-01 5.801522123297072620e-01 5.229594329089410909e-01 5.819291617491383350e-01 5.218467425784553138e-01 5.840482832238234057e-01 5.473669834451392324e-01 5.816179590024810331e-01 5.770028877282560309e-01 5.744366321521160446e-01 5.843950054781656966e-01 5.699519596941969857e-01 6.127136414514225971e-01 5.981712419768844269e-01 5.906467488057457471e-01 5.733130919926791025e-01 5.510360015782600485e-01 5.602822094746964243e-01 5.714962321620824515e-01 6.027125758602753791e-01 5.952937571287085783e-01 6.053949253213271042e-01 5.742971502818162710e-01 5.596268462566891255e-01 5.835456207452350830e-01 5.801690771678830183e-01 5.977343516413043956e-01 5.667125402755747166e-01 5.718410287312685192e-01 5.613803545148051688e-01 5.858562621438734297e-01 5.668589698228216900e-01 5.801283426525742914e-01 5.785938531498653337e-01 5.702772822671802189e-01 5.677635409542856060e-01 5.647764154920424939e-01 5.737710836751807042e-01 5.707127766920447876e-01 6.133047529767039485e-01 5.888454882308140625e-01 5.716214100401217912e-01 5.879401922326519259e-01 5.696514832224786051e-01 5.890849702562779289e-01 5.657025297887686710e-01 5.626085576031621960e-01 5.577264804998355308e-01 5.535885366541455355e-01 5.523577848962571979e-01 5.629118007146618474e-01 5.565217766985046666e-01 5.799748405959883613e-01 5.464648103381489763e-01 5.642007002961823003e-01 5.697361498193841411e-01 5.655710772278452758e-01 5.692669644674313023e-01 5.578151461739725425e-01 5.807878874509968536e-01 5.643039757983725480e-01 5.672492568424489789e-01 5.697059447993492176e-01 5.715735292380750288e-01 5.559574239922820960e-01 5.537535193829602465e-01 5.945442645243402824e-01 5.798885845856558419e-01 5.744543716749025419e-01 5.734443666215797153e-01 5.961963629302415857e-01 5.861876976899216274e-01 5.727431587210256581e-01 5.759541003256727354e-01 5.835563975248164725e-01 5.858580460520835809e-01 5.626924166819812223e-01 5.549809281422635188e-01 5.733545677384873640e-01 5.692716541582365508e-01 5.677412984315785005e-01 5.578415610445357498e-01 5.762831998629831531e-01 5.712029186734176589e-01 5.643221814987252616e-01 5.600205193853312613e-01
1.945369143971832290e-02 5.216642593664642946e-02 1.817718393236427143e-01 3.885956092579240795e-01 1.000000000000000000e+00 2.907673978083518129e-01 4.712163724374164864e-01 4.965842789664145496e-01 3.970466393993129506e-01 3.858228281349623812e-01 4.087923535591169166e-01 4.867596112907343620e-01 4.408579990795272741e-01 4.157384492726663439e-01 4.938148848567283644e-01 5.009871359337507712e-01 4.040172478974694559e-01 3.790415726271434416e-01 3.947429598174900245e-01 4.207688346166376103e-01 4.412340610395404927e-01 4.216674792636554425e-01 3.693709054173239248e-01 3.898189190168390161e-01 3.998156525865493860e-01 4.010548902287166539e-01 4.043615471193799937e-01 3.807519221226302597e-01 3.758818564205325674e-01 3.699209027125076599e-01 4.049173945377126937e-01 4.305235427376500890e-01 3.933516382948785695e-01 4.184266208388485175e-01 3.944812490637680247e-01 4.264162655496399057e-01 4.057061780887039060e-01 4.391103027414756665e-01 4.463371681286050219e-01 4.322482813620162623e-01 4.599686560462347140e-01 4.621097285372590124e-01 4.653943794770426523e-01 4.721401332935846185e-01 4.512718521358642376e-01 4.484836288516693137e-01 4.639641572366734468e-01 4.573797116671104446e-01 4.688445664958390546e-01 4.477767050742183508e-01 4.589101863801982595e-01 4.570535912310488835e-01 4.602582405496016271e-01 4.529804226711593440e-01 4.522158787098273791e-01 4.416027955115719994e-01 4.630152824165162384e-01 4.594140072686369591e-01 4.522921707586411988e-01 4.708330375269435542e-01 4.719448173932616064e-01 4.636484807585708467e-01 4.607436011203759896e-01 4.736891034265094391e-01 4.711496595040510216e-01 4.660366472494927859e-01 4.610587174308771186e-01 4.541698530748480289e-01 4.479307592375944003e-01 4.871900012768908828e-01 4.713141265664461677e-01 4.579113057434592293e-01 4.532295371777758097e-01 4.488982069998149749e-01 4.627150335570788808e-01 4.559396590225113788e-01 4.550549845333882182e-01 4.440392339336883265e-01 4.474502821687014742e-01 4.436220966643845687e-01 4.499720535517816589e-01 4.533835863351960982e-01 4.572753549324634070e-01 4.448407375734371172e-01 4.482989095172840721e-01 4.522022522780894671e-01 4.529634768469402162e-01 4.615659992318051907e-01 4.552262036464720385e-01 4.630999596296703213e-01 4.537824940886653335e-01 4.660865036818949703e-01 4.668130372366479097e-01 4.641041370403486410e-01 4.654818135720550365e-01 4.641979350694181439e-01 4.660235991828164948e-01 4.649223523166266525e-01 4.679349882801305260e-01 4.664720235085139666e-01 4.742688975201123647e-01 4.720712557710836088e-01 4.711435607649304136e-01 4.740794104313006962e-01 4.693352124025598759e-01 4.677214718025847207e-01 4.645944662310919626e-01 4.627923007994451110e-01 4.659081967227987064e-01 4.653555828152039497e-01 4.651542513248033139e-01 4.688534693739047077e-01 4.697926503557771638e-01 4.700292336958361572e-01 4.678535276936412468e-01 4.674218533203031711e-01
-7.159368897359331962e-03 1.113919758275900840e-01 2.332692788539336426e-01 3.870081469847403421e-01 2.907673978083518129e-01 1.000000000000000000e+00 5.096018559316461971e-01 4.745701087554820008e-01 5.334934988190005445e-01 4.920103405425023668e-01 5.339303919334975612e-01 5.752424055800239300e-01 5.290540892423953867e-01 5.181453115164958989e-01 5.951550082130721009e-01 5.799703819131099003e-01 5.363229932435527036e-01 5.071091726214566053e-01 5.447747962063181904e-01 4.181757189589709878e-01 5.089691476838893447e-01 5.462339294183172766e-01 5.143610864460622656e-01 5.189892325641752846e-01 5.386587601601108277e-01 5.417401482126308343e-01 5.634408553033519729e-01 5.461259764427055519e-01 5.364053496067634486e-01 5.329210305870157871e-01 5.624641236054204185e-01 5.656872905811378693e-01 5.447489584318286893e-01 5.709470725951667491e-01 5.653943713293317908e-01 5.774735479723096532e-01 5.702193896301681608e-01 5.821222005421392565e-01 5.938841401378563978e-01 5.813099248066686542e-01 6.006587849358505649e-01 6.035706215842616684e-01 5.971510247500221302e-01 6.093634119128007454e-01 5.996603774434070555e-01 5.994710381092467344e-01 6.010109021352477709e-01 6.056631147960553907e-01 6.022029117365603756e-01 5.895874871099450187e-01 5.970317798612940763e-01 5.782162459250801412e-01 5.953119589184066029e-01 5.966635076955136840e-01 5.908143915364185705e-01 5.910918449885318449e-01 5.917577059378458237e-01 5.977428276043764699e-01 5.929272354677695978e-01 5.978776884037154682e-01 6.021210512906955969e-01 5.909454221112554473e-01 5.919716681961522120e-01 5.959998816874459981e-01 5.982623537514911716e-01 5.940455158868840346e-01 6.050057142117517550e-01 6.059339005899733177e-01 5.999656086386930820e-01 5.939012195113124726e-01 6.075729099658784271e-01 6.060665269482077289e-01 5.979441533769861428e-01 6.063916736792578366e-01 6.089712522959399577e-01 6.045828968749156207e-01 6.083549220915316358e-01 5.934138062854726892e-01 5.995342026379825162e-01 5.898648277274687324e-01 6.042310194801374656e-01 5.987227463404235506e-01 6.035131683867479557e-01 5.988530477097736560e-01 6.020236333648432137e-01 6.040780076740676074e-01 6.028472011262316910e-01 6.099696541892661861e-01 6.066548177564586863e-01 6.101868222033935973e-01 6.094061064371093517e-01 6.114570313532751156e-01 6.126551167849746404e-01 6.124388860242345745e-01 6.068077816935997237e-01 6.075324237898030999e-01 6.101954004658698416e-01 6.007646709455088940e-01 6.089253466790041092e-01 6.102625231676027662e-01 6.133774237357578762e-01 6.065389772900324772e-01 6.021217220828923855e-01 6.111574842409768227e-01 6.067238286879625964e-01 6.045029717749353937e-01 6.086419160151247398e-01 6.070746155184481019e-01 6.108094020190818485e-01 6.093379144622219634e-01 6.086967340776395785e-01 6.035995665888730377e-01 6.045996593853000256e-01 6.041058217708418221e-01 6.070371991379127641e-01 6.000443301439563060e-01
-4.517744240318621526e-03 1.453555629184943854e-01 3.233878986895759033e-01 6.111656231851998466e-01 4.712163724374164864e-01 5.096018559316461971e-01 1.000000000000000000e+00 7.496122064807407837e-01 6.812319603246558275e-01 6.351164044151343946e-01 7.212685987828472145e-01 7.945864318130215764e-01 7.135915447323967209e-01 6.774045753824996519e-01 8.410008311028437378e-01 8.032754244067480398e-01 6.967748969100691081e-01 6.831889395105281704e-01 6.830268095327943767e-01 6.815219790437311298e-01 7.284349019975180362e-01 6.996262218257977006e-01 6.722479326743507899e-01 7.026094638535844705e-01 6.922715740881837387e-01 7.237691505588802476e-01 7.284208815551079796e-01 7.110206443359747830e-01 6.735976633402913638e-01 6.674504134650539600e-01 7.288440087743417450e-01 7.537946143513050146e-01 7.168870610072938243e-01 7.447121715761211291e-01 7.022704190197930352e-01 7.431186362668880108e-01 7.218310539572999618e-01 7.683845388471632898e-01 7.664992314749273783e-01 7.616382869758474561e-01 7.790326884562474019e-01 7.795672915750688770e-01 7.932430914560236745e-01 7.930076124115209568e-01 7.754518812421736795e-01 7.788206319290059687e-01 7.658889989756708649e-01 7.670377201042124504e-01 7.790392536889864106e-01 7.686935762075116640e-01 7.854596198684710151e-01 7.543005632378197989e-01 7.702483443574588140e-01 7.574314327479080289e-01 7.610697677165341180e-01 7.630800312346344150e-01 7.683465302115269902e-01 7.695126804139541532e-01 7.632700482626569860e-01 7.705096730263660820e-01 7.787605856166356366e-01 7.662384344917266832e-01 7.600817142171633067e-01 7.742234847618202354e-01 7.625031536327249171e-01 7.611655452862183813e-01 7.731540622140200547e-01 7.742275617455951497e-01 7.738363950266266000e-01 8.093297790162032879e-01 7.841909061210161624e-01 7.697979710607880666e-01 7.794184915294556371e-01 7.658024591865277841e-01 7.880325813346032993e-01 7.767218565214272230e-01 7.796192046439334167e-01 7.590186486442868086e-01 7.719801519691356084e-01 7.555992186254836263e-01 7.713122992848512327e-01 7.731637055493109090e-01 7.770069406422422942e-01 7.606596436286524598e-01 7.726956080055754628e-01 7.738683222196842681e-01 7.728130121210069481e-01 7.895297015193134538e-01 7.779537990769079814e-01 7.883079391761322885e-01 7.844434703636155026e-01 7.868756697716177140e-01 7.827054229938587016e-01 7.891450414486591569e-01 7.745714208799793221e-01 7.743856270744695625e-01 7.967426656236651361e-01 7.735760905299038370e-01 7.845408635752484372e-01 7.900387828163165649e-01 7.981793532421432857e-01 7.875793650297482351e-01 7.791432826911403042e-01 7.860417768314494902e-01 7.810585018702643767e-01 7.821640720736059427e-01 7.776080356317639497e-01 7.740002041305897862e-01 7.838412000478911512e-01 7.810611599541984473e-01 7.845341291002544404e-01 7.726785236756258390e-01 7.812666869842224138e-01 7.772917622704378360e-01 7.687330616191458965e-01 7.675894625160685214e-01
2.187426782023854308e-02 1.141230307374707237e-01 2.866424246133985054e-01 5.826412986577953479e-01 4.965842789664145496e-01 4.745701087554820008e-01 7.496122064807407837e-01 1.000000000000000000e+00 6.545996019008076816e-01 5.894068241995674695e-01 6.722574456819613298e-01 7.584329373914080463e-01 6.946917248319324223e-01 6.587926018346899060e-01 7.863779482949651012e-01 7.906764666504608741e-01 6.681705282459186046e-01 5.993102046954011941e-01 6.126781407767948329e-01 6.662283871821654824e-01 6.604040730878506515e-01 6.268585375486439570e-01 5.903702560005045230e-01 6.185674223786962189e-01 6.232584410195735058e-01 6.486343415636208753e-01 6.624286490260022919e-01 6.215610004774886344e-01 6.170049944970363853e-01 6.029470198901603073e-01 6.646166203635334169e-01 6.882496710456073030e-01 6.324250690216036697e-01 6.786031795129123800e-01 6.448005749701486433e-01 6.840192847907657914e-01 6.626675328758432348e-01 7.203180447662184127e-01 7.145725237923409301e-01 6.860282950541931601e-01 7.262490793060343286e-01 7.389413902042569759e-01 7.557188720561796025e-01 7.512129159751520513e-01 7.182829348397373748e-01 7.242900128693307016e-01 7.377276702157696819e-01 7.355691683554580473e-01 7.484442461562139659e-01 7.398932832274069948e-01 7.518814419798424131e-01 7.331763275880754938e-01 7.466553017786363711e-01 7.303780919063478372e-01 7.362795875174238391e-01 7.125165426463037077e-01 7.499598494555171913e-01 7.390133948539692188e-01 7.440329704103916253e-01 7.469531332346325270e-01 7.645684359098893212e-01 7.464098930604786686e-01 7.462373756086779775e-01 7.531475391854337564e-01 7.362813908803976792e-01 7.389622419167213296e-01 7.391508007125139335e-01 7.289758336665000948e-01 7.236976339830599736e-01 7.770806676054069495e-01 7.410246731147772659e-01 7.239334761468859680e-01 7.304200150856758889e-01 7.168401559965449366e-01 7.417371583291062498e-01 7.329396091858596529e-01 7.250760685098067704e-01 7.166139508784952206e-01 7.205472581874303728e-01 7.114986544460427664e-01 7.230582395692574105e-01 7.289112174257051935e-01 7.297937616941025940e-01 7.091172802522128782e-01 7.262450022815449824e-01 7.266065941590087451e-01 7.241882860045258941e-01 7.423188319029443427e-01 7.300954161795522035e-01 7.384882640977497026e-01 7.246795774257532852e-01 7.450031687525203727e-01 7.394484628418586114e-01 7.435389262338328864e-01 7.427875449111032147e-01 7.399659194083179070e-01 7.526775362877937692e-01 7.548160484431273298e-01 7.592809704506897628e-01 7.495110679393021114e-01 7.608435795399861590e-01 7.628132030659896534e-01 7.520039890973923002e-01 7.562320549429749628e-01 7.507665019005040907e-01 7.531548265914664864e-01 7.495255188405290925e-01 7.395558059699703923e-01 7.434021005093113255e-01 7.467326555016248202e-01 7.500635651425755501e-01 7.456370937363065998e-01 7.546336547649491466e-01 7.496088342562519102e-01 7.419273764072533695e-01 7.434880346967418507e-01
9.470685730260515467e-02 2.038695396900279122e-01 3.392655561906173234e-01 5.091914589272269476e-01 3.970466393993129506e-01 5.334934988190005445e-01 6.812319603246558275e-01 6.545996019008076816e-01 1.000000000000000000e+00 7.634685033881953853e-01 7.962706846504702396e-01 8.133277366401459041e-01 7.461199563290688008e-01 7.530460463558567019e-01 8.266447493448274564e-01 8.053814986932923414e-01 8.076180575072446910e-01 7.739481148809479460e-01 7.975546911202593403e-01 6.004332345784483271e-01 7.190766492835392043e-01 7.954497679084157058e-01 7.973541419352500048e-01 7.753335132543257568e-01 7.996158461256490657e-01 8.304446194820744864e-01 8.406723340637306530e-01 8.325493911335940522e-01 8.120274389831320105e-01 8.385670858480070988e-01 8.611171595347492103e-01 8.485163078680834081e-01 8.125864181786282003e-01 8.443298630934767957e-01 8.415448222862172978e-01 8.335084703499942016e-01 8.624916293491863284e-01 8.467476098492504599e-01 8.625175958854750524e-01 8.109138773287032365e-01 8.731935893797375670e-01 8.657305440730999058e-01 8.382313975676239926e-01 8.721867838267566286e-01 8.690236278139263915e-01 8.651672102946685872e-01 8.719680979859036896e-01 8.851908236258820839e-01 8.691812527085224227e-01 8.422066745716744185e-01 8.478376104429362625e-01 8.154693210375848489e-01 8.518326902065646022e-01 8.809650227400883660e-01 8.725989269915236379e-01 8.785707731556692268e-01 8.575544513227687515e-01 8.781563861302036367e-01 8.570598580687992518e-01 8.783518968238644975e-01 8.638356126374769905e-01 8.664122934452948011e-01 8.588004997138656282e-01 8.668312644719838866e-01 8.716884439867037537e-01 8.755469557143661374e-01 8.815453609271781676e-01 8.817549271663940313e-01 8.856032623059106879e-01 8.602940176502752445e-01 8.714536954597400520e-01 8.811844813130210730e-01 8.764036488651747447e-01 8.752614773693441208e-01 8.845029692843787705e-01 8.807087035617104931e-01 8.767429823686923029e-01 8.789055238222018840e-01 8.760046599631682307e-01 8.869083740628161960e-01 8.839857097662331409e-01 8.849094024979051731e-01 8.809642762118250481e-01 8.832010099404478121e-01 8.734481844046282362e-01 8.828539065980551825e-01 8.798790894813949270e-01 8.742011127228365153e-01 8.755773278645547775e-01 8.759172775455790205e-01 8.696415579682785779e-01 8.756832495715426434e-01 8.780384199633496367e-01 8.762634493970694605e-01 8.741371820465497766e-01 8.786904351937449009e-01 8.552281288904722834e-01 8.647509375870586767e-01 8.666629965341755559e-01 8.673648489826473185e-01 8.678352940323023068e-01 8.670305585242938928e-01 8.692664127027768250e-01 8.736533519830269601e-01 8.717881629945843924e-01 8.702991509705247930e-01 8.758961869920757204e-01 8.797308027305759115e-01 8.812859588790949994e-01 8.767210752451380928e-01 8.711358031857665551e-01 8.762832998496710157e-01 8.718606904817269854e-01 8.746795397304566455e-01 8.748762428103467048e-01 8.760046573491300226e-01
5.137548256728866752e-02 2.086276843220234989e-01 3.186009393906431009e-01 4.710957277689554745e-01 3.858228281349623812e-01 4.920103405425023668e-01 6.351164044151343946e-01 5.894068241995674695e-01 7.634685033881953853e-01 1.000000000000000000e+00 7.359154949838915272e-01 7.430682719515329104e-01 6.701511341581768422e-01 6.907803272710744125e-01 7.597405420525558117e-01 7.382473545977815688e-01 7.257167214088797724e-01 7.201480315754564820e-01 7.363837333105188732e-01 5.473068998366672488e-01 6.563187108077912502e-01 7.296787212826232327e-01 7.473633226284119857e-01 7.233062184554879259e-01 7.363783383777198210e-01 7.772286030014531333e-01 7.851407002484351860e-01 7.842403276695746328e-01 7.690902496221403428e-01 7.945430813352150068e-01 8.070116479921118913e-01 7.971258162807079994e-01 7.693715927989119852e-01 7.846823278123333800e-01 7.860065142394605520e-01 7.664201570946108655e-01 7.932000863523989143e-01 7.907304201450007231e-01 8.056961816075913774e-01 7.565317324895535211e-01 8.134182905225773030e-01 7.956844885076383989e-01 7.707367542587931775e-01 8.009591503811689384e-01 8.024689587663283996e-01 8.078083456142060026e-01 8.033556144701715640e-01 8.185602815202817073e-01 8.026944594738447680e-01 7.736564723601629945e-01 7.795045284295484267e-01 7.291615404331548422e-01 7.698215114770107226e-01 8.168855809781196964e-01 8.017271668663047413e-01 8.150442962413135817e-01 7.841202103529079093e-01 8.109337943520911196e-01 7.913938174192374220e-01 8.065619318989977193e-01 7.836092853607361519e-01 8.000939868502967567e-01 7.922698815152923180e-01 7.946166619897195860e-01 7.910162204952351228e-01 8.017493286003644082e-01 8.133118989595725656e-01 8.143242311557528090e-01 8.218084965798508890e-01 7.875337940806095283e-01 8.000309785671783080e-01 8.121152833592067966e-01 8.108839241371096351e-01 8.068633792972835783e-01 8.171913223364924983e-01 8.147246840535730117e-01 8.153302968805540285e-01 8.197522768546032790e-01 8.153183000452274287e-01 8.224234273889763358e-01 8.162275106937788571e-01 8.201592385450636735e-01 8.174329545244932715e-01 8.198987124731774712e-01 8.105534914383160094e-01 8.154010128014678171e-01 8.124866808790909278e-01 8.115276477584509873e-01 8.124869867157725745e-01 8.124451790083229152e-01 8.068617684331895745e-01 8.093511703194914420e-01 8.102732385032491713e-01 8.105293774904762660e-01 8.077431849724312496e-01 8.124361983803608522e-01 7.845163186951542578e-01 7.890834942050680700e-01 7.956073766284152970e-01 7.998577366123580390e-01 7.981224512269479154e-01 7.951847745202395012e-01 7.961038493792647053e-01 8.014585898651688245e-01 7.978048969407349755e-01 8.019229282305851969e-01 8.080459411496350164e-01 8.146914131639449996e-01 8.168986040370653789e-01 8.131384353296517986e-01 8.091514086103569481e-01 8.058942474972254910e-01 8.059151665286389266e-01 8.038708916291164019e-01 7.990075677709065349e-01 8.034079092841573955e-01
2.923139387398500377e-02 1.513163609333640636e-01 3.370517999413157884e-01 5.489528515912089901e-01 4.087923535591169166e-01 5.339303919334975612e-01 7.212685987828472145e-01 6.722574456819613298e-01 7.962706846504702396e-01 7.359154949838915272e-01 1.000000000000000000e+00 8.508497335004358009e-01 7.536344104285946921e-01 7.589616224161086500e-01 8.493797272792005248e-01 8.244598907500488849e-01 7.884048432521105765e-01 7.819266958731982964e-01 7.962247657660979083e-01 6.005998366766197583e-01 7.413827719979582120e-01 8.067014958428707638e-01 7.907760775670500397e-01 7.776807617240809600e-01 8.126205282505944982e-01 8.313315583771293538e-01 8.494685434554234416e-01 8.407548990588645799e-01 8.112878216550383215e-01 8.271382482353741850e-01 8.694547286087332960e-01 8.490759666889241553e-01 8.311825642021036797e-01 8.487363869225879043e-01 8.391077712640653274e-01 8.467393832844521961e-01 8.611596772767204921e-01 8.615180604429325539e-01 8.748390434776588398e-01 8.447634743613393615e-01 8.806523356740300068e-01 8.814843383916312058e-01 8.592952056457546783e-01 8.857648165260512130e-01 8.813609051323163524e-01 8.793237407387366478e-01 8.798073651165201348e-01 8.836185265208396089e-01 8.776822441678646669e-01 8.584527385746306694e-01 8.669965263799696009e-01 8.392807677368170349e-01 8.613363161615997798e-01 8.766583220761660078e-01 8.717641493689212151e-01 8.813865738996579102e-01 8.668177709587749913e-01 8.815705379945237841e-01 8.645983766112852464e-01 8.801301452913088408e-01 8.747721561900583254e-01 8.724489069687889620e-01 8.673586759274038993e-01 8.725930561016576048e-01 8.726936884646143699e-01 8.774738439034579507e-01 8.849530408673966786e-01 8.872730255378511455e-01 8.865914301152937327e-01 8.669650915003190850e-01 8.835992370870445756e-01 8.882808094509657693e-01 8.825366306945077177e-01 8.852321290583203828e-01 8.944914708042690510e-01 8.912656436261274795e-01 8.920663137063669090e-01 8.857943602762937685e-01 8.857203562001804142e-01 8.850657513048465486e-01 8.907106730446850973e-01 8.919391944451252607e-01 8.885321245757465958e-01 8.875252458498967822e-01 8.841875823679307134e-01 8.893123972954861678e-01 8.887105084326741844e-01 8.879837116148830978e-01 8.873216537147476934e-01 8.869051104354153114e-01 8.881657304383523410e-01 8.888460424471346100e-01 8.895211091793245872e-01 8.909335076538305032e-01 8.820977072225121285e-01 8.840422432555153920e-01 8.751686368293701834e-01 8.746197599926310851e-01 8.781857292524258840e-01 8.828304801690444181e-01 8.852235421788474667e-01 8.789903424219616124e-01 8.798542638839567109e-01 8.852918284032508245e-01 8.857766114257477064e-01 8.795736177626614083e-01 8.831852260314506653e-01 8.860233567126298837e-01 8.898957007266995456e-01 8.862471949597319210e-01 8.826363635894293180e-01 8.814029464399342206e-01 8.792931508701902210e-01 8.813005050233350124e-01 8.816271649264431076e-01 8.809098340803670490e-01
1.157350093760630208e-02 1.384749450635806844e-01 3.501030467458799422e-01 6.282755339245894577e-01 4.867596112907343620e-01 5.752424055800239300e-01 7.945864318130215764e-01 7.584329373914080463e-01 8.133277366401459041e-01 7.430682719515329104e-01 8.508497335004358009e-01 1.000000000000000000e+00 8.152112828124465915e-01 8.111687796976818632e-01 9.170259817720045614e-01 8.994854362909344703e-01 8.216330266285346573e-01 7.790175492330932983e-01 7.964992545985113415e-01 6.873177916787717168e-01 8.026641187189065274e-01 8.206609703970971781e-01 7.687532791505802265e-01 7.866809328876566143e-01 8.102213983240093009e-01 8.252301007692590673e-01 8.584150876079489345e-01 8.309678479947462115e-01 8.005530110474448069e-01 8.090048185386431445e-01 8.675889443876184659e-01 8.660270026110186148e-01 8.281131837133415274e-01 8.666766286583724721e-01 8.430939523139568958e-01 8.714664123846406207e-01 8.667728507243647185e-01 8.931141623040832478e-01 9.037611609505870058e-01 8.632711023397821037e-01 9.130777956552996732e-01 9.184106493511333680e-01 9.022514956478595582e-01 9.292764375414954703e-01 9.109769241044809451e-01 9.076608804454662227e-01 9.218476909113613171e-01 9.241542300429476109e-01 9.286377884023453433e-01 9.050852055541253049e-01 9.162279596734549392e-01 8.968294966969346804e-01 9.186319431669274227e-01 9.156805670507953687e-01 9.106524839160690110e-01 8.997540190526676085e-01 9.229579944569056282e-01 9.186169564905930507e-01 9.140315251736385038e-01 9.274877722113145095e-01 9.289097361406180031e-01 9.212134888679811562e-01 9.167394029199090744e-01 9.268024412180343452e-01 9.213714367144930639e-01 9.243110167460490967e-01 9.258418358066361487e-01 9.205292484448759360e-01 9.128824932429719929e-01 9.271117191562457949e-01 9.284709908531870726e-01 9.204550991763845724e-01 9.138953070587952920e-01 9.134199018760107425e-01 9.274856044544098621e-01 9.249297055632619280e-01 9.190576574058522130e-01 9.087776287980015022e-01 9.138585347399256209e-01 9.095847453364909185e-01 9.189309324186545336e-01 9.232094716062926310e-01 9.200800053573694459e-01 9.116380537520062388e-01 9.147265186078660237e-01 9.195644075868560918e-01 9.214624681505417803e-01 9.245718900579644739e-01 9.224199215694869336e-01 9.220503813706920626e-01 9.169432900166105682e-01 9.311426260760641282e-01 9.282466104941270446e-01 9.305153662277622084e-01 9.275794255311378134e-01 9.267564536162440358e-01 9.224460688553426380e-01 9.229914509446288662e-01 9.273542825148118895e-01 9.253219267226967526e-01 9.296028827305203857e-01 9.297180271744155400e-01 9.307725626805867236e-01 9.337907937104543699e-01 9.305185101478019583e-01 9.263375540123087726e-01 9.293898821936863452e-01 9.251889347836376176e-01 9.272138631321847901e-01 9.299237966842739400e-01 9.284596145083112706e-01 9.277599023699125702e-01 9.272324317939736327e-01 9.272998089566115709e-01 9.265470277283736067e-01 9.265515844111624766e-01
1.649387156893486039e-03 1.075781240128456245e-01 2.964205782045282733e-01 5.298591565972635697e-01 4.408579990795272741e-01 5.290540892423953867e-01 7.135915447323967209e-01 6.946917248319324223e-01 7.461199563290688008e-01 6.701511341581768422e-01 7.536344104285946921e-01 8.152112828124465915e-01 1.000000000000000000e+00 7.305822030622209917e-01 8.300471818221570874e-01 8.228587500115052134e-01 7.466690796021987486e-01 6.950403286936860381e-01 7.216941043148871193e-01 5.996859486605814471e-01 7.085865259802828220e-01 7.320115732753627036e-01 6.885199043327256962e-01 7.056239866528946081e-01 7.311934875209692430e-01 7.308369559234559887e-01 7.674246073313246708e-01 7.428830644428929819e-01 7.178191154553463793e-01 7.185300418822275770e-01 7.807950192858695848e-01 7.786839049869792584e-01 7.419451243490211567e-01 7.765415979251301115e-01 7.610257945813676539e-01 7.812881918530237835e-01 7.810472932109383537e-01 8.013594366291659776e-01 8.166540851798853584e-01 7.730699448620120817e-01 8.308672269496821805e-01 8.303776933928461723e-01 8.153950133141184553e-01 8.384701367465072774e-01 8.234365270907354484e-01 8.227508971682241379e-01 8.440946295212685691e-01 8.428681973887035550e-01 8.416186979640357668e-01 8.100217289564023426e-01 8.236214505098888861e-01 8.047200493188071402e-01 8.361134827771719014e-01 8.330489861045614619e-01 8.226243098517769248e-01 8.112527638570067312e-01 8.285758627053982917e-01 8.362385857568847003e-01 8.263504306615653272e-01 8.486492698094239007e-01 8.433834057765761116e-01 8.375094150099078316e-01 8.286169599281546505e-01 8.417829251031817561e-01 8.412813903045366359e-01 8.387209493304558228e-01 8.438345670779056062e-01 8.376547284652386960e-01 8.294630630387977988e-01 8.373092905510451933e-01 8.443715907660570563e-01 8.372650002710604333e-01 8.288987232828824991e-01 8.324300266256792202e-01 8.361146638407371823e-01 8.396961926337249693e-01 8.334479470622553343e-01 8.212837846755738358e-01 8.290973499221130361e-01 8.229679383985017971e-01 8.355380487554860958e-01 8.404330378770329402e-01 8.366701499951819665e-01 8.288105125864712042e-01 8.306083853915379178e-01 8.353958544780337725e-01 8.389820068568968336e-01 8.393924942025700053e-01 8.418325225185103733e-01 8.387761867161265261e-01 8.342387304882495913e-01 8.479298587128037967e-01 8.452970017562709826e-01 8.475014529431547095e-01 8.461010512310634946e-01 8.460946149009984651e-01 8.321722665176028988e-01 8.380474955687621241e-01 8.414918238127621075e-01 8.400547887811062875e-01 8.463267054845537984e-01 8.416693350498983817e-01 8.483276665058772092e-01 8.512869439819472639e-01 8.453048962340247163e-01 8.394288658005364390e-01 8.458400648285971934e-01 8.435567503511713916e-01 8.417528620490526414e-01 8.450853393484302201e-01 8.423329169896642821e-01 8.475118480754898487e-01 8.440935930949398092e-01 8.438395462201185859e-01 8.467104828600980904e-01 8.452190738442026952e-01
