1.000000000000000000e+00 5.981622147445370130e-02 2.301066759401003414e-02 5.235373985490804349e-02 8.555781205125323474e-02 -4.082790363070276651e-02 -1.021791285962962877e-02 4.761618934639534617e-02 1.485175927709853350e-01 3.802021278385776804e-02 2.890507760348789631e-02 3.421077124221211241e-02 4.632539667453886012e-02 -3.574748791020362915e-03 1.700033973979138760e-02 3.278102733885676634e-02 1.248027561418633830e-01 -9.178226393938178351e-03 8.365796607092161261e-03 -6.381686089896214387e-02 5.932185779070403217e-03 3.358326938462730116e-02 -9.068314964809070372e-03 -2.334240404297861782e-02 -1.455774288756447703e-02 2.692391648083987399e-02 6.759920671044131711e-03 -3.007230825759602683e-02 1.943129152733452311e-02 9.265441054650795302e-03 7.182339136375928169e-03 1.521377714913084000e-03 -4.409038201352321641e-03 -2.999648456361822188e-03 1.782707793746837743e-02 1.327883559149733647e-02 -3.762138488378606160e-03 -2.662198504940422109e-02 -1.616413556405457653e-03 -6.188996297753625309e-02 1.540586564334824136e-03 -2.132743125109640842e-02 -2.154873187307838195e-02 8.684128630336409096e-03 1.588941445324107199e-03 -1.901472891570312254e-02 4.501086309267836663e-03 1.693379718858555733e-02 1.508414453855030229e-02 6.471434421272653781e-03 -2.142264843055359524e-03 4.180097597858335040e-02 2.807707963111150812e-02 4.283693664839949289e-02 -3.857448554925486505e-03 -2.724354228723188838e-03 5.585611031030577461e-02 1.836700819182463668e-02 -7.622193126597811424e-03 4.988389008010549880e-02 1.135018825522533456e-02 4.116984366124871314e-02 4.762231756631778515e-03 5.646389701318152432e-02 7.033105861022827254e-02 6.910291891346276305e-02 2.133249082960718412e-02 4.101176529564423343e-03 -1.908044908725393257e-02 -2.624666816684929557e-02 -4.626740469231845065e-03 4.093694117345368492e-04 -1.505475403834599310e-02 -8.348945934351158921e-03 8.636214773407245929e-03 4.766244012338399609e-03 -1.918325562913054949e-02 9.872164751609889891e-03 -7.134334114976222975e-03 9.758500573911709636e-03 3.016947487787956586e-03 6.756757487859790063e-04 6.398268078987774145e-03 -3.167496560086576190e-04 -2.734543690899356866e-02 -1.107410082090699160e-02 -2.204785564585780375e-03 -2.571584031862052949e-02 -5.583083938782138801e-03 -9.501690860846550429e-03 -3.563947850599631650e-02 -1.123501926702374920e-02 -4.946351441200165684e-03 -1.522773423184913856e-02 5.222425164953435834e-04 1.593321669435213486e-02 -1.478670438696815664e-02 3.933706769046008134e-02 -8.280027725324187781e-04 -1.897828839562063288e-02 -2.334612561519664245e-02 -2.458157125055171824e-03 1.051367663736683944e-02 3.381265369430691819e-03 2.454778711670657296e-02 4.083913515870966904e-02 1.879370609761146435e-02 1.928968449442305597e-02 1.148589512466225695e-03 1.692385070829632854e-02 -1.974087672124480441e-03 2.722293782147501562e-02 1.417369189265695918e-02 3.366941584729853804e-02 4.025621259502519533e-02 4.430828628643182499e-02
5.981622147445370130e-02 1.000000000000000000e+00 5.938284616077377231e-02 6.834816375726035509e-02 6.664204696689299268e-02 8.774073899797579790e-02 1.169227866898034512e-01 1.108445606726424087e-01 1.532857155687087636e-01 1.777730427042949202e-01 1.235967737190855759e-01 1.144795252917906597e-01 1.280631441470259646e-01 1.226039403502650338e-01 1.396436025049563601e-01 1.198529577710035765e-01 1.370684659568124075e-01 1.196426457274590016e-01 1.198562859687111321e-01 1.140580870350966711e-02 7.979095176030194525e-02 1.331668148457002265e-01 1.301701341384747801e-01 1.131926488769652572e-01 1.300280624191691992e-01 1.572332465481715014e-01 1.368380689790285876e-01 1.264550663045343193e-01 1.698415023128089230e-01 1.717623138798310134e-01 1.468708261416123984e-01 1.329582297058156948e-01 1.146735305185396375e-01 1.241587820170722140e-01 1.495050616131552990e-01 1.405412959362232761e-01 1.464944918442515898e-01 1.292695664315306470e-01 1.369983999322966217e-01 1.156452482647165325e-01 1.454805908153405658e-01 1.172066950665156676e-01 1.089960734552495591e-01 1.330896847574478403e-01 1.378375774130291831e-01 1.336135623508651338e-01 1.383134623501341975e-01 1.545454102549775888e-01 1.312044627177677558e-01 1.098579029317787448e-01 1.156997946856167248e-01 9.724593935058414851e-02 1.139747933258422885e-01 1.611568187605844082e-01 1.570776464995952693e-01 1.472030671449632566e-01 1.354817628157483356e-01 1.396540161437945515e-01 1.275667423251736210e-01 1.437512264711295062e-01 1.301967063203093578e-01 1.452978094571441003e-01 1.319116979870215145e-01 1.414069791352512151e-01 1.450835433897759985e-01 1.512767294004808416e-01 1.434377703353447164e-01 1.405115180232026917e-01 1.328638323480850758e-01 1.193259664736271153e-01 1.367111363102074817e-01 1.345565686732424771e-01 1.312899487572921631e-01 1.365965367851564582e-01 1.492903990744579024e-01 1.433049742360577028e-01 1.292506050843436338e-01 1.562827675299726937e-01 1.463946334835450058e-01 1.522929648315623496e-01 1.464332818224700905e-01 1.474801377092989640e-01 1.376975378428430263e-01 1.445378155616964533e-01 1.197891558604926299e-01 1.330183549657607545e-01 1.461969236959220486e-01 1.237634397795328717e-01 1.359212492419443474e-01 1.471887152861607873e-01 1.168469909106122917e-01 1.301441531659526807e-01 1.315512096648090434e-01 1.351239351719300541e-01 1.388867192490566838e-01 1.460261536752290312e-01 1.008355933893058942e-01 1.155600892399236690e-01 1.259176943469765553e-01 1.174184471673905689e-01 1.228343448473421251e-01 1.224098658732835354e-01 1.282016642682293484e-01 1.252725285373110786e-01 1.301750145539957715e-01 1.345524235849444028e-01 1.340446707629924794e-01 1.528808283461435269e-01 1.462171785091710974e-01 1.442353853239397299e-01 1.296351719220548704e-01 1.434129803104888801e-01 1.357411098695088802e-01 1.365147058338336550e-01 1.421058121156695275e-01 1.414610919391234567e-01
2.301066759401003414e-02 5.938284616077377231e-02 1.000000000000000000e+00 3.834020832906008813e-01 1.698486382737337819e-01 2.116946038970230481e-01 3.535921729244371758e-01 3.431603646265926066e-01 3.360152418491065274e-01 2.886404666520552831e-01 3.169115974964891169e-01 3.652923077758223336e-01 3.050380618422187662e-01 2.782535163156614755e-01 3.613885954965753156e-01 3.353064353007751963e-01 3.059493600587949724e-01 3.127704858217140171e-01 3.352841264240913333e-01 2.854949237917288607e-01 3.596333803888174807e-01 3.579374266232035473e-01 3.793550681507676381e-01 3.413199043210641825e-01 3.225345123599471231e-01 3.549929580982661426e-01 3.584945834112141516e-01 3.633416695858052714e-01 3.468339794576483226e-01 3.535922850242661508e-01 3.628913097034389135e-01 3.875534109632838287e-01 3.701035564971971725e-01 3.741891035247015829e-01 3.517229540235080609e-01 3.581280342183416066e-01 3.529230073702426806e-01 3.732691228453398624e-01 3.709418861043247695e-01 3.888789260997473907e-01 3.643705859159759308e-01 3.647231850939893771e-01 3.456806080969737072e-01 3.581256508665087712e-01 3.756305598076539187e-01 3.540622565733651528e-01 3.515867772382054723e-01 3.469985420042796531e-01 3.573986712513069208e-01 3.649349018351947249e-01 3.641799245093067516e-01 3.521676967828818450e-01 3.597078400074865678e-01 3.386565493961746776e-01 3.348024493362173892e-01 3.675397381270667507e-01 3.372622532849457455e-01 3.569073051708936961e-01 3.579199649746985790e-01 3.374738994644760348e-01 3.551570499259934510e-01 3.423762540399018506e-01 3.499899221139475824e-01 3.379666784231043497e-01 3.414796943288581632e-01 3.403654101224483086e-01 3.548549125329594212e-01 3.574335734575452839e-01 3.776332791809841605e-01 3.671404104372202881e-01 3.628951109469911729e-01 3.568584699920265835e-01 3.576705883132891284e-01 3.517832365605896849e-01 3.594215245071076259e-01 3.553560310933875921e-01 3.613679688604699014e-01 3.518193463276163002e-01 3.514101030545536686e-01 3.502128417466440213e-01 3.598535296597087929e-01 3.492613636489162454e-01 3.773366865563191341e-01 3.610217626370794131e-01 3.835552202253966758e-01 3.729534958814045842e-01 3.613764111746768926e-01 3.754089581783640051e-01 3.639339033616465491e-01 3.694057716572984318e-01 3.803662629793773675e-01 3.622707646881868637e-01 3.646556152130503992e-01 3.598687764789016419e-01 3.493814573548438274e-01 3.472023848314503836e-01 3.686979142654534525e-01 3.543266804419340499e-01 3.566003597986646123e-01 3.695534653845478079e-01 3.626470869327369506e-01 3.667045187563289788e-01 3.566007962317196966e-01 3.611906261704526666e-01 3.594878212921097660e-01 3.520634742008517115e-01 3.558282126367628972e-01 3.474720775613653889e-01 3.541552199343873109e-01 3.553059738080840968e-01 3.547012749647661667e-01 3.465933329881426550e-01 3.544863073825069710e-01 3.501725302281925023e-01 3.502132752250459169e-01 3.485642717672059465e-01
5.235373985490804349e-02 6.834816375726035509e-02 3.834020832906008813e-01 1.000000000000000000e+00 3.478181070684153164e-01 3.946773714130297761e-01 5.793591688266094275e-01 5.786210281197123884e-01 5.602791473380590581e-01 4.881251394143369948e-01 5.472194918241969352e-01 6.227067521347360302e-01 5.212076411369032103e-01 4.584196218920291166e-01 6.017246173737046400e-01 5.879980169812407675e-01 5.511554209742504096e-01 5.647235270173027732e-01 5.799956634885661266e-01 5.357864166717271059e-01 6.222829226064963137e-01 6.017342545734408743e-01 5.870005970332409229e-01 5.446050747517537927e-01 5.297221224114282423e-01 5.809567518200671188e-01 6.050941139875147812e-01 5.886892441509584684e-01 5.547341825921555669e-01 5.734588036813218492e-01 6.042266520909040928e-01 6.150488889637975021e-01 5.792909948948758991e-01 5.958089857024102542e-01 5.525210218942102625e-01 5.996428961490002374e-01 5.921027985687917772e-01 6.072605890784226190e-01 6.127158048641189181e-01 6.276295648590287657e-01 6.191972558095170109e-01 6.245625714910775228e-01 6.012154705009619127e-01 6.260462011043577135e-01 6.274124460157741723e-01 6.040180793096695533e-01 5.958548612318497195e-01 5.994202679120724797e-01 5.898370137154376192e-01 5.777870261456162781e-01 5.990386483864506006e-01 6.002693185567767875e-01 6.076499165793843860e-01 5.847589744486949570e-01 5.625016617091436189e-01 6.119827457830392392e-01 5.624970692867067301e-01 6.087731302433098124e-01 5.869958255418172843e-01 5.985673061984561061e-01 5.935983771381500018e-01 5.885700877867326986e-01 5.729317908877160637e-01 5.806166276011414107e-01 6.024267816847004298e-01 5.997166874879418241e-01 6.098569143338569143e-01 6.102014388296325142e-01 6.174990572957486101e-01 6.243279360853122295e-01 6.188710457415423916e-01 6.141259799474473313e-01 6.049044662819911267e-01 5.993663823837194204e-01 6.051102341261352935e-01 6.078198153904067480e-01 6.046648876700578823e-01 5.894241853790102015e-01 5.879347993593903032e-01 5.912883931213460675e-01 6.038400308169047381e-01 6.000209345447446996e-01 6.290539680292843716e-01 5.985864861640071144e-01 6.229664906745011610e-01 6.207899223685873213e-01 6.122878550936671216e-01 6.251270494656148147e-01 6.151385991991951130e-01 6.167724086271920703e-01 6.288357097358396874e-01 6.173066890013284569e-01 6.192886794158912744e-01 6.154497182705395142e-01 5.993590264303617632e-01 6.011894698246276203e-01 6.119549738508521797e-01 5.971244933516784981e-01 5.997597634700874147e-01 6.195991841687664703e-01 6.182114647193138746e-01 6.088979691866909238e-01 6.094384964271108984e-01 6.181574612789877410e-01 6.193951713354122202e-01 6.003973673634381836e-01 5.994617191843135684e-01 5.986057443042992476e-01 5.993326305097051998e-01 6.126809670503446936e-01 6.097683253437632400e-01 6.041494322270292150e-01 6.105307058324261904e-01 6.079166567412586097e-01 6.104670998017210914e-01 6.058175020250168297e-01
8.555781205125323474e-02 6.664204696689299268e-02 1.698486382737337819e-01 3.478181070684153164e-01 1.000000000000000000e+00 2.725431824038167528e-01 4.276642358546547951e-01 4.792704189796687664e-01 4.605413230274306158e-01 4.121243235878457867e-01 4.310246814367834634e-01 4.595010241205965684e-01 4.476935035413290853e-01 3.573118577675001850e-01 4.740756922642609950e-01 4.793570905498206192e-01 4.185992797480535543e-01 3.871258214312029988e-01 3.790182183295818241e-01 3.801980382442881612e-01 4.009280730597874487e-01 4.218227088242141321e-01 3.930635875018697045e-01 3.332231567826710039e-01 3.474333150501654477e-01 4.501894257300085855e-01 4.475077925058663642e-01 4.111850971082375295e-01 4.506739261301745958e-01 4.573719528258159417e-01 4.632182572577392965e-01 4.483468423495977628e-01 4.191450645696274679e-01 4.211090412203440381e-01 4.426069704423973294e-01 4.254396146483929719e-01 4.349675650140250593e-01 4.394998880501075900e-01 4.390069303467338258e-01 4.232008929388185736e-01 4.630979211270113693e-01 4.533218739088303861e-01 4.556686259627150681e-01 4.754867982930431336e-01 4.645034388646821499e-01 4.438914080714562727e-01 4.671983000166191058e-01 4.733213212443643791e-01 4.759596855445927810e-01 4.396535684117706122e-01 4.572343165637444140e-01 4.746833435574824289e-01 4.811325380626986226e-01 4.776839034592035294e-01 4.638692930601269193e-01 4.652441457922301127e-01 4.688462934708514385e-01 4.773222685212199501e-01 4.564425834250730452e-01 4.882840973727854417e-01 4.695221590316415727e-01 4.836356158065913124e-01 4.609234075329664559e-01 4.747139827094072895e-01 4.785447617588165503e-01 4.886180367261741542e-01 4.722757125695563052e-01 4.628453412390982069e-01 4.520227423406823486e-01 4.623792009235718758e-01 4.593233209144627627e-01 4.597334435676562192e-01 4.343810219877354828e-01 4.368578179196004330e-01 4.733500016193898929e-01 4.709358295167970221e-01 4.455553021387094748e-01 4.664864095191715854e-01 4.533519690603176056e-01 4.683182385473782516e-01 4.649047268504685193e-01 4.710998865546379699e-01 4.648480872472407488e-01 4.644394343093439792e-01 4.405645475931693755e-01 4.492525349757725550e-01 4.566008492362820803e-01 4.557830731118004963e-01 4.562863558272044484e-01 4.698488485552861360e-01 4.376766797546474685e-01 4.673805106238939078e-01 4.680848489906855869e-01 4.595240574350302754e-01 4.697370754522702252e-01 4.770987490480115834e-01 4.738839248404645432e-01 4.840298206963213334e-01 4.781032704484632911e-01 4.654815755411050304e-01 4.696502467071423936e-01 4.736251718351046081e-01 4.790558404686555138e-01 4.764488839559122280e-01 4.828276220220933945e-01 4.892365403545144709e-01 4.813000106430272984e-01 4.785772227816095237e-01 4.817517706704128044e-01 4.780119267005091266e-01 4.801650119438427566e-01 4.854599563853848054e-01 4.875201241802570862e-01 4.837074259978586532e-01 4.805343061379680480e-01 4.894067365730375152e-01
-4.082790363070276651e-02 8.774073899797579790e-02 2.116946038970230481e-01 3.946773714130297761e-01 2.725431824038167528e-01 1.000000000000000000e+00 5.273057880310331180e-01 4.765292375921807433e-01 5.021080642073069145e-01 4.567369124910507505e-01 5.405467037657400997e-01 5.614695476107074423e-01 5.051479682386798009e-01 4.678183690173024489e-01 5.736817111163637906e-01 5.607633269165145373e-01 4.937176905471018507e-01 5.193554698901369227e-01 5.321749346578326101e-01 4.199015507884637510e-01 5.162245758599482981e-01 5.614470528944270900e-01 5.448985927003281438e-01 5.052866246757953261e-01 5.304036360914059500e-01 5.613093376277611402e-01 5.696589714421411710e-01 5.607586095294977424e-01 5.599704477712197370e-01 5.710772274552348149e-01 5.865626196628572764e-01 5.791236599266469387e-01 5.339771041655351214e-01 5.637338200562912460e-01 5.482618159562421267e-01 5.465390822793173564e-01 5.670050541308404579e-01 5.869800133930654917e-01 5.873296270141546982e-01 5.752033996092323909e-01 5.909415184663416865e-01 5.921217155092293183e-01 5.614195155696068973e-01 5.890184440727264104e-01 5.915453979172020649e-01 5.862055582084189087e-01 5.955396101784964369e-01 5.876398632360788632e-01 5.814191772386422263e-01 5.654190770499459839e-01 5.841651725491090463e-01 5.544107932613019374e-01 5.788123483782574574e-01 5.706125381456796930e-01 5.684430485236511288e-01 5.919070626724000084e-01 5.460901046794142122e-01 5.841456151705665123e-01 5.816089938257875680e-01 5.787096030244308631e-01 5.789200165858884306e-01 5.698855133244140614e-01 5.653064105072430623e-01 5.679302194138051707e-01 5.733955530455373539e-01 5.709143190146612756e-01 5.936834333069499481e-01 5.954900790130067678e-01 5.964681188071802032e-01 5.901658046993248918e-01 5.940622521065836992e-01 5.981764110800584788e-01 5.812033380378531788e-01 5.947252324897774889e-01 5.929693725262181747e-01 5.944553133869938666e-01 5.953439132994918781e-01 5.908314401196254062e-01 5.913947191543563742e-01 5.899109180597238433e-01 5.918429024458302656e-01 5.941257566539166479e-01 5.921013715273384381e-01 5.853740344418140173e-01 5.895515479810795600e-01 5.965817720002297708e-01 5.923331638959723477e-01 5.949504815674531155e-01 5.981861120357067074e-01 5.941109768232604171e-01 5.911568865708293208e-01 6.007837617801896624e-01 5.958593019021272141e-01 6.007014263585364056e-01 5.971090097238115346e-01 5.950370417701436043e-01 5.818613470666430532e-01 5.681980266760898735e-01 5.905398887390277407e-01 5.939947492549458863e-01 5.943990211607983465e-01 5.900616274455453558e-01 5.938277372594769066e-01 5.953282072071961473e-01 5.910258572008987299e-01 5.721024875939482168e-01 5.888236263715045382e-01 5.919201186731454234e-01 5.929550971129222692e-01 5.968436219863183512e-01 5.922317958216255507e-01 5.905743678027915999e-01 5.895854086618191880e-01 5.872866911458848316e-01 5.864496408083857970e-01 5.815424593309485024e-01
-1.021791285962962877e-02 1.169227866898034512e-01 3.535921729244371758e-01 5.793591688266094275e-01 4.276642358546547951e-01 5.273057880310331180e-01 1.000000000000000000e+00 7.263173572389903798e-01 7.249694430498081488e-01 6.700739249094652683e-01 7.392064257993661291e-01 7.965331130313317853e-01 7.362027055627737848e-01 6.461292276980064031e-01 8.383112780175078216e-01 8.009124539800492881e-01 6.994755999641977251e-01 7.280134910463175180e-01 7.445504063237746717e-01 6.464094839749763288e-01 7.404300255746660842e-01 7.782942928126629356e-01 7.749857927592017637e-01 7.016607689282258198e-01 7.154466526130435211e-01 7.922758748068701173e-01 7.952878284586468727e-01 7.972593937329844893e-01 8.026350497737512191e-01 8.068702135575739343e-01 8.257105860210807169e-01 8.224084526704468212e-01 7.669929009721108137e-01 7.873907367962138526e-01 7.621658032923847026e-01 7.735146634151990330e-01 7.917941113597951608e-01 8.264674612994500347e-01 8.302700498912033433e-01 8.270520317053877690e-01 8.329311383839048677e-01 8.317839542615377280e-01 7.914443866028884056e-01 8.291513088497981521e-01 8.283646327385290054e-01 8.284971344408250671e-01 8.194425113782108916e-01 8.224687422888723454e-01 8.026769840306444692e-01 7.680091571823243202e-01 8.110389069918018112e-01 7.599516326694697455e-01 8.044988810132961410e-01 7.957221372608991317e-01 7.911955818301700250e-01 8.357921596718363988e-01 7.483603792520856501e-01 8.137028113749562586e-01 8.043622739938910415e-01 8.094617953684591916e-01 7.992949436209644265e-01 7.912134764948901555e-01 7.774751175099292588e-01 7.828528347149684707e-01 7.995705918554071312e-01 7.914144051739189223e-01 8.255078741753465454e-01 8.269822789042664546e-01 8.354065037854609965e-01 8.355342317065834745e-01 8.321669234404347471e-01 8.291193393624862740e-01 8.133251323332595373e-01 8.164793656282715029e-01 8.278008647415693311e-01 8.299015360489998550e-01 8.294257610081517962e-01 8.283817686538073044e-01 8.243950326688972430e-01 8.209279345409592477e-01 8.253654241233232547e-01 8.275159410713243124e-01 8.406398967065131789e-01 8.249554485239711799e-01 8.295883112165984841e-01 8.300070013179818851e-01 8.237411153281518628e-01 8.445185026647840099e-01 8.355549127416125321e-01 8.419423987944024690e-01 8.387855230372999182e-01 8.384880827142854320e-01 8.393809895033530477e-01 8.389220397900073456e-01 8.249502797103711593e-01 8.235058885556361119e-01 8.165803073000713619e-01 7.899334244115706616e-01 8.215592142848900936e-01 8.353511266405662106e-01 8.344102550160005238e-01 8.234878448874699552e-01 8.261315372763133880e-01 8.328602480099568384e-01 8.216991337673146267e-01 7.979049463982832435e-01 8.155601800585032812e-01 8.251602185008878321e-01 8.284871952685511909e-01 8.313106052803961310e-01 8.310315049570892176e-01 8.216691220478929969e-01 8.263288516428365371e-01 8.184793208351716087e-01 8.196492552565549650e-01 8.122664705781831307e-01
4.761618934639534617e-02 1.108445606726424087e-01 3.431603646265926066e-01 5.786210281197123884e-01 4.792704189796687664e-01 4.765292375921807433e-01 7.263173572389903798e-01 1.000000000000000000e+00 7.113834693170577594e-01 6.399284730028520496e-01 7.094412793512820947e-01 7.817905143847040383e-01 7.161465799536596011e-01 6.089769006550295183e-01 7.910592971352329306e-01 8.086628842011011065e-01 6.904194152856223399e-01 6.596664468538452342e-01 6.654625279747349298e-01 6.102335263206296601e-01 6.963852815375679572e-01 7.282830523671436351e-01 6.860465651180970292e-01 6.006733042128850064e-01 6.058089104915613810e-01 7.372391102838448118e-01 7.388220766889691538e-01 7.009205562084633856e-01 7.547486185518199608e-01 7.465833596685427231e-01 7.786077871941536888e-01 7.681665445097113354e-01 6.909519200456415433e-01 7.341240135475891604e-01 7.111801155005780251e-01 7.206586013142212144e-01 7.231847726248614716e-01 7.836584666507946384e-01 7.654533582930399538e-01 7.696334802230909711e-01 7.837755065540208399e-01 7.922616943511884280e-01 7.782015768279809675e-01 7.945906526975542450e-01 7.844182483220849544e-01 7.659264226408777354e-01 7.942209701187513682e-01 7.906732509838159118e-01 8.055880256688248142e-01 7.817263751761095447e-01 7.969381181820210935e-01 7.847516552212742136e-01 8.034943605538329425e-01 7.893670918969029060e-01 7.916538479529554584e-01 7.960880155192310292e-01 7.872724547796476902e-01 8.041525590122025058e-01 8.078603117033835712e-01 7.931292706510073565e-01 8.055230423602828260e-01 8.064936992039399843e-01 8.047220326626450815e-01 7.897165541738375705e-01 7.900093572415914922e-01 7.920001175175249708e-01 7.942916141727115464e-01 7.856625340682421577e-01 7.791188977771656976e-01 7.913390412948085872e-01 7.856082645444523171e-01 7.815422684876608406e-01 7.499269322044082031e-01 7.538463378395799941e-01 7.882864655750084770e-01 7.882821314690926506e-01 7.679483683113401682e-01 7.873231852639646089e-01 7.689504861152259840e-01 7.833364020880637657e-01 7.803260628413178912e-01 7.923116957999291055e-01 7.981165133461507466e-01 7.725769485190131514e-01 7.849318945645772372e-01 7.813931460047807143e-01 7.701898458545268777e-01 7.981904329904697670e-01 7.880242207436285451e-01 8.001477468979589780e-01 7.706620386230489395e-01 7.956780762440346377e-01 7.955738073134185351e-01 7.871926829481190602e-01 7.937934566360650424e-01 7.969418228562697992e-01 8.217718604852196629e-01 8.135050537747613442e-01 8.128304239462929015e-01 8.056550546613788777e-01 8.025346160756895442e-01 8.207744220881731945e-01 8.042080142921165242e-01 8.080902918020059778e-01 8.085476739086021603e-01 8.117734249204144881e-01 8.073530580969319193e-01 7.931355547469827183e-01 8.068108637383515358e-01 8.019311016752995736e-01 8.131956132594324593e-01 7.976698098350788468e-01 8.138898908174706515e-01 8.081741338857962864e-01 7.982142860449880084e-01 8.009174190634668067e-01
1.485175927709853350e-01 1.532857155687087636e-01 3.360152418491065274e-01 5.602791473380590581e-01 4.605413230274306158e-01 5.021080642073069145e-01 7.249694430498081488e-01 7.113834693170577594e-01 1.000000000000000000e+00 7.329364151520961768e-01 7.791960014837324699e-01 8.350900995620409439e-01 7.645002676181422707e-01 6.702359530652391983e-01 8.380497341671990785e-01 8.301971856285846885e-01 7.953983352877219692e-01 7.065430820033272719e-01 7.396591593440204893e-01 5.187999813215208311e-01 6.954054811418654003e-01 8.018172254549311706e-01 7.483377562133649574e-01 6.609725433743754985e-01 7.087426284378993691e-01 8.149747134651557090e-01 8.181750968648996425e-01 7.711471264125767666e-01 8.307861344496473288e-01 8.335811839736676498e-01 8.565798438691537564e-01 8.177174119166055188e-01 7.592089885822065343e-01 7.957109035583171952e-01 7.961243619385550696e-01 7.941078779334920235e-01 8.037977456570659651e-01 8.112064351447072497e-01 8.341995718862682541e-01 7.721071281493744332e-01 8.461421903646964005e-01 8.308497726535466477e-01 7.966931903249733216e-01 8.563138848838788286e-01 8.452582502653336327e-01 8.258542616397669400e-01 8.588807041657030572e-01 8.702373898355316717e-01 8.520395817740546995e-01 8.113511766327794472e-01 8.376311963246323433e-01 8.293760177221238816e-01 8.498597570252272027e-01 8.707514298364212868e-01 8.354095363532837437e-01 8.433884316203599241e-01 8.428080295967430580e-01 8.601010293326840639e-01 8.358764234087869838e-01 8.816039217997964084e-01 8.560328114295535640e-01 8.645668847249542432e-01 8.335075842704620097e-01 8.668746044368104142e-01 8.798359458705578007e-01 8.824465179778424595e-01 8.673431161207993956e-01 8.549530047458099302e-01 8.337262609466671304e-01 8.244930114059910720e-01 8.496856704182151887e-01 8.582952400812423610e-01 8.131657579447630901e-01 8.338792383257069840e-01 8.644222452312696481e-01 8.597183195294920699e-01 8.344256384072642474e-01 8.645439697980893401e-01 8.470798730010962174e-01 8.651347419658569349e-01 8.585960559536157666e-01 8.650745154664944980e-01 8.511179147146421542e-01 8.487024826134083044e-01 8.232879864484821120e-01 8.421924934105438076e-01 8.474947892611276457e-01 8.334481105107571786e-01 8.532702490140740004e-01 8.459599846200633877e-01 8.148117797846200494e-01 8.511499685659676961e-01 8.530277908908237006e-01 8.491847142451913744e-01 8.626403192518405927e-01 8.691394401967581507e-01 8.266971994028252668e-01 8.501302470974629877e-01 8.550494621933190098e-01 8.406234863383629241e-01 8.418540450864769875e-01 8.488172213146474299e-01 8.617265898035987304e-01 8.608399583774415387e-01 8.684565500999716914e-01 8.631677359953676687e-01 8.646584228284459606e-01 8.713340151841099113e-01 8.601787535448184308e-01 8.679738399129718340e-01 8.475701505795508739e-01 8.752942099089198180e-01 8.620616985213428451e-01 8.730996528338508256e-01 8.773733147995713688e-01 8.778801411990573289e-01
3.802021278385776804e-02 1.777730427042949202e-01 2.886404666520552831e-01 4.881251394143369948e-01 4.121243235878457867e-01 4.567369124910507505e-01 6.700739249094652683e-01 6.399284730028520496e-01 7.329364151520961768e-01 1.000000000000000000e+00 7.185474683162936804e-01 7.573639304175973086e-01 6.895440463518325291e-01 5.937020712015375068e-01 7.765939715060371507e-01 7.642904168940459764e-01 6.926174531007533997e-01 6.612727788166197218e-01 6.868212449169237566e-01 5.173887721465445511e-01 6.270541924576844561e-01 7.316686628752416821e-01 7.019817507753839392e-01 6.208610872148074833e-01 6.536871205034809895e-01 7.524439856971422147e-01 7.525236654939504444e-01 7.262645859223296751e-01 7.753118285330102832e-01 7.854353810397625146e-01 7.929602690465200610e-01 7.646804448704229706e-01 7.004527838021685771e-01 7.347312119635073246e-01 7.377787955929365760e-01 7.260560097239203703e-01 7.536097894075451942e-01 7.628585313507809662e-01 7.701500275301821352e-01 7.378835923035562683e-01 7.896643837558015022e-01 7.780434521453658547e-01 7.301689793161442177e-01 7.856797964780514176e-01 7.815235891345106989e-01 7.741293533351667477e-01 7.976548155934302109e-01 8.092113380757792740e-01 7.870887685997055572e-01 7.401271704009138031e-01 7.729467510074522485e-01 7.340977019787063851e-01 7.762925873361653517e-01 7.973157247614792720e-01 7.866425347567839177e-01 7.947931657070036460e-01 7.558122926648183082e-01 7.951317501173840174e-01 7.816448899441275078e-01 8.007571113329096102e-01 7.843716303900911679e-01 7.881690713140726556e-01 7.706834144217653559e-01 7.798746754379559665e-01 7.900148076711667189e-01 7.905189434854720254e-01 8.039492019494762776e-01 7.949275597468467014e-01 7.797743220502981742e-01 7.694466253041808423e-01 7.894123433837537673e-01 7.958447457739866726e-01 7.624631552088111386e-01 7.770335416228665304e-01 8.030622840801485696e-01 8.022928607525355860e-01 7.816823691757573966e-01 8.066019035401411630e-01 7.952258865347133776e-01 8.049129601013337298e-01 7.996519482715971350e-01 8.056491641023970640e-01 7.944733778323359585e-01 7.897415985655515946e-01 7.711612564477252629e-01 7.842789449765044107e-01 7.908807375383545279e-01 7.863511241498833959e-01 7.948948576607579586e-01 7.971855598117555397e-01 7.692199300276774121e-01 7.964373212759727760e-01 7.957574195875009027e-01 7.931379952957691160e-01 8.035754527125266167e-01 8.087185065732944711e-01 7.668486615346777890e-01 7.703788793541803681e-01 7.945099717390889937e-01 7.852108522920966394e-01 7.837631456195970348e-01 7.901322596395852216e-01 7.967434681386056372e-01 7.962133594998409558e-01 7.948402789710031779e-01 7.869776714586759203e-01 7.982635139117572054e-01 8.090185236557291271e-01 8.048439912861333756e-01 8.054407120814137677e-01 7.957082451571863002e-01 8.059487671503752226e-01 8.010117997839433235e-01 7.993726621245145214e-01 8.003033283604662484e-01 7.992230968981360872e-01
2.890507760348789631e-02 1.235967737190855759e-01 3.169115974964891169e-01 5.472194918241969352e-01 4.310246814367834634e-01 5.405467037657400997e-01 7.392064257993661291e-01 7.094412793512820947e-01 7.791960014837324699e-01 7.185474683162936804e-01 1.000000000000000000e+00 8.495720817814684800e-01 7.548963919325373251e-01 6.817005816269481322e-01 8.505579087627741508e-01 8.380946814275823664e-01 7.598565602618158055e-01 7.440504970869200596e-01 7.678510486702466720e-01 5.910842384543446570e-01 7.267898199740707721e-01 8.186975944768198898e-01 7.833849693913382817e-01 7.040545612917570306e-01 7.404977613239867029e-01 8.275598217915076660e-01 8.367887772503379562e-01 8.126300395749868066e-01 8.373081586156766454e-01 8.422510070962287987e-01 8.723572933676101426e-01 8.462541856666210283e-01 7.920447544593827160e-01 8.244051753717105413e-01 8.117483249663356437e-01 8.065160247220651835e-01 8.287207806962348933e-01 8.499740233245028920e-01 8.597577727131668901e-01 8.304424986402765274e-01 8.717469171467134847e-01 8.681285373854035203e-01 8.207580101658026317e-01 8.706771162261647268e-01 8.674142170697685117e-01 8.576222605677192856e-01 8.789528094864468288e-01 8.825013765030745860e-01 8.638576560710989893e-01 8.276568410075721971e-01 8.611026850308886038e-01 8.300449963591605140e-01 8.623842386347524425e-01 8.640541981928538950e-01 8.490020963289188760e-01 8.724945190399518991e-01 8.285772463965885848e-01 8.692057401279225104e-01 8.563384139218015445e-01 8.776607199957795480e-01 8.628165996460315235e-01 8.610522950695181921e-01 8.456197145628345790e-01 8.586186363720532677e-01 8.677172868704052799e-01 8.661747657782651322e-01 8.820568182111661049e-01 8.768151578277273428e-01 8.675389886838775766e-01 8.542831776323158710e-01 8.735489827500633186e-01 8.802909436027001044e-01 8.457336109123928525e-01 8.610601383716692814e-01 8.806941874531539760e-01 8.807278169136096846e-01 8.686905986922492939e-01 8.802873575253910010e-01 8.729817674894064794e-01 8.786990246134981364e-01 8.793813289807018707e-01 8.826819115443971242e-01 8.751460448786048119e-01 8.759583973520863598e-01 8.642436044651731208e-01 8.726512638299337432e-01 8.717539577726538536e-01 8.756728928526245070e-01 8.796314717596097621e-01 8.743941084871980074e-01 8.620089151487245749e-01 8.817357017279331410e-01 8.804006877074573856e-01 8.798419109697342977e-01 8.829559756587865849e-01 8.849701624137871203e-01 8.584056324880900979e-01 8.531400074417415658e-01 8.760273803580881369e-01 8.734851865383471692e-01 8.719403299827217513e-01 8.733378544190446569e-01 8.768814710741827945e-01 8.818917480561274669e-01 8.780674282341967007e-01 8.637350974124547998e-01 8.771519360781346863e-01 8.825113550032871457e-01 8.794913946460661824e-01 8.849354998510693404e-01 8.776894765593257208e-01 8.825524828335729044e-01 8.790121003222091112e-01 8.789337445218009526e-01 8.797257321363354254e-01 8.768450023290286222e-01
3.421077124221211241e-02 1.144795252917906597e-01 3.652923077758223336e-01 6.227067521347360302e-01 4.595010241205965684e-01 5.614695476107074423e-01 7.965331130313317853e-01 7.817905143847040383e-01 8.350900995620409439e-01 7.573639304175973086e-01 8.495720817814684800e-01 1.000000000000000000e+00 8.173106883690869351e-01 7.195508699412450637e-01 9.155131163204466294e-01 9.088481664152064932e-01 8.184627434341695817e-01 7.861865002476886577e-01 8.185444308072583608e-01 6.520442510623101207e-01 7.881235467900704617e-01 8.734311041372669893e-01 8.217174399313372790e-01 7.373401957483237679e-01 7.703734335197346406e-01 8.721832821318600271e-01 8.913727583379462693e-01 8.524565398409713612e-01 8.844848270494238829e-01 8.950159210572378177e-01 9.279843634933645502e-01 9.063605958886871150e-01 8.376155451503838334e-01 8.791525839329559222e-01 8.567619170913097770e-01 8.740816413612333413e-01 8.785814867909165216e-01 9.120831667336924964e-01 9.189260446624248901e-01 8.939372115222540272e-01 9.240776005353646960e-01 9.299317910792355146e-01 8.946416944448838393e-01 9.379380762430498120e-01 9.300432962875757603e-01 9.146128656388092804e-01 9.374230775751408729e-01 9.399145088019171812e-01 9.300027631208265255e-01 8.975258202843063859e-01 9.292695383580660273e-01 9.106373261195238600e-01 9.303702716899828751e-01 9.282402143551403695e-01 9.170090154073079480e-01 9.332896560144324782e-01 9.012746050395565867e-01 9.374190991629609560e-01 9.296940557033049890e-01 9.393689582408669692e-01 9.343226920633967980e-01 9.307872420659476509e-01 9.169090728215286701e-01 9.233078717908214106e-01 9.323608809407273323e-01 9.336874763513417497e-01 9.404744002312085405e-01 9.332637901143773229e-01 9.218622785140125897e-01 9.204069020698737447e-01 9.340645628977778392e-01 9.366729958166186698e-01 8.948927827712178651e-01 9.102732313050598822e-01 9.354554384095290498e-01 9.375357616619501844e-01 9.224784859915223789e-01 9.353575053751502777e-01 9.239663421035860802e-01 9.348092999690172933e-01 9.350450189530854495e-01 9.413731384195791474e-01 9.372983994365685634e-01 9.263188845641195934e-01 9.209391735235701315e-01 9.289692849651431938e-01 9.284091248348050884e-01 9.320741560244026891e-01 9.393119893159205258e-01 9.350237457877630387e-01 9.189144286320773958e-01 9.394314499667593132e-01 9.404207000915206782e-01 9.371186438581693423e-01 9.412436466863228768e-01 9.435660194135402357e-01 9.236488096016726157e-01 9.231975652347603756e-01 9.393499770524997849e-01 9.338072880659992192e-01 9.343179818713911455e-01 9.389401939724628665e-01 9.429063790706326831e-01 9.442788858011677000e-01 9.451580836865257629e-01 9.317484422000323896e-01 9.399544745591530415e-01 9.411340243241321790e-01 9.410094617922035720e-01 9.448260900811945584e-01 9.392759897941143077e-01 9.434510865720755479e-01 9.430881472116714459e-01 9.429323466748722460e-01 9.419876260743579310e-01 9.418450509334352905e-01
4.632539667453886012e-02 1.280631441470259646e-01 3.050380618422187662e-01 5.212076411369032103e-01 4.476935035413290853e-01 5.051479682386798009e-01 7.362027055627737848e-01 7.161465799536596011e-01 7.645002676181422707e-01 6.895440463518325291e-01 7.548963919325373251e-01 8.173106883690869351e-01 1.000000000000000000e+00 6.593756133742614267e-01 8.351349631794086070e-01 8.237707380022278869e-01 7.135450378537767646e-01 6.867101613791960490e-01 7.138402526466651743e-01 5.620175442446461167e-01 6.718375809084510264e-01 7.732170869835456317e-01 7.279319773380150682e-01 6.370961939516747163e-01 6.871183388453689922e-01 7.957804675143455020e-01 8.060616893227957602e-01 7.612991351688966901e-01 8.083591176711866222e-01 8.116667844189956460e-01 8.385421156531108755e-01 7.984634302112745274e-01 7.453914092753004539e-01 7.596899893028585815e-01 7.713864630257035726e-01 7.698451141409470289e-01 7.893980967600312537e-01 8.010594475611203524e-01 8.154533897521765162e-01 7.838112487811065288e-01 8.355534016028854927e-01 8.312773921629268425e-01 8.114785838118763195e-01 8.451683621924724887e-01 8.287039350493968781e-01 8.276022508993610138e-01 8.461169153049665770e-01 8.520292541193416058e-01 8.283788357367497523e-01 7.786385466913914311e-01 8.205711497099303919e-01 8.082872326281315134e-01 8.398172424128768077e-01 8.418645236176666158e-01 8.238318363733179162e-01 8.375636303494273793e-01 7.990163525553993784e-01 8.486490931501955437e-01 8.165249947831594302e-01 8.590631731813250793e-01 8.364217949259564744e-01 8.367637455978178540e-01 8.107599805692423667e-01 8.291565669531927307e-01 8.413565895736558886e-01 8.438708441891266121e-01 8.499735665529281059e-01 8.396015251239901112e-01 8.214942535782523425e-01 8.232063212036029309e-01 8.391442690311174957e-01 8.417689825885236177e-01 7.968819979978956081e-01 8.212462578680738146e-01 8.491120238229783457e-01 8.466456735226293162e-01 8.311144348132096793e-01 8.483836366096391135e-01 8.383272126295331361e-01 8.489003953642130229e-01 8.449658224398043371e-01 8.518195764928390146e-01 8.388781949587233999e-01 8.362944743829913152e-01 8.087259083652030833e-01 8.204507063867609862e-01 8.342434335976582904e-01 8.297360140305837239e-01 8.415089049009234490e-01 8.455219244400927758e-01 8.184930633590380422e-01 8.492238371404992048e-01 8.492246823847764414e-01 8.473270964467360944e-01 8.511835948535698693e-01 8.557060590931159227e-01 8.266566696494606070e-01 8.232055394297995710e-01 8.474899252208785150e-01 8.369827810488064124e-01 8.493068595682989885e-01 8.400196895372044059e-01 8.547722442737420989e-01 8.555957643005687174e-01 8.541582428504951308e-01 8.414278851489088717e-01 8.449328368198518735e-01 8.578995642964414303e-01 8.552596271401980976e-01 8.559554130733560973e-01 8.453693676712777938e-01 8.610365615471821110e-01 8.553448172877343714e-01 8.551999298971949548e-01 8.534642474909239773e-01 8.579911900736331143e-01
