1.000000000000000000e+00 4.597289083928084163e-02 5.374570910629562770e-02 4.969022118844033942e-02 3.098607029114344366e-02 2.941038131386205026e-02 3.665557838847686989e-02 1.707035451088818531e-02 8.441025560671658323e-02 2.715326978651689052e-02 1.521444034635750960e-02 1.052261331204246836e-02 3.473894272678667780e-03 -1.093131970591270166e-02 1.390559579508514505e-02 1.756954612655841491e-02 7.132151425273003387e-02 -6.208854545193740609e-03 -1.006375594830609919e-02 -1.107148095279107680e-02 2.092438340857868256e-02 -2.092194143574706722e-03 2.354621066658777601e-02 -1.160627874034045846e-02 -1.056745334954991428e-02 1.755888737949356723e-02 1.427852347188039023e-02 8.829514437554869186e-03 5.049870414502895949e-02 2.699567480352456361e-02 2.508815631206813557e-02 1.288113478259979641e-02 5.939127604376170412e-03 -5.556122658372237135e-05 5.039040890142476060e-03 1.251604862672334693e-02 2.434794841784971263e-03 1.169412700734379475e-03 6.895722282709626505e-03 -4.209569204432776074e-03 1.462724071343451081e-02 6.609136496234747568e-04 -3.416265441656324720e-03 5.323128252909704351e-03 1.233604701128853016e-02 -1.110571904711559442e-03 5.757100569633073588e-03 1.004204623372242575e-02 1.218643289082652417e-02 -2.792464507832505358e-03 2.862727696268683140e-03 2.020339492953729735e-02 8.609494923707482553e-03 1.866530702788375684e-02 1.431666344177804848e-02 1.525204228869242798e-02 3.254785875282753538e-02 6.201831562479661469e-03 6.111139531008323925e-03 7.947479374014410070e-03 -1.552596042262705976e-03 1.620846374213420760e-02 9.507148342659550028e-03 3.088209554082498726e-02 3.357945787470039550e-02 2.712603666863555932e-02 8.936799610366592816e-03 4.636898836189552904e-03 6.101848668395766680e-03 1.644709201216640196e-03 -2.892511996675578827e-03 5.927590869391279396e-03 -4.761085045886313816e-03 -4.704264423363988716e-04 3.682331541836554416e-03 3.505651209219492245e-03 6.571191725874842536e-03 1.498255568967397922e-02 5.286356272232476013e-03 1.396498320726640568e-02 1.272155608538291099e-02 5.453749938933580114e-03 2.136651630004131677e-02 8.060488110164451547e-03 -2.708744434867268298e-04 1.715756218450922854e-03 1.865639992572715091e-03 1.502843133050830787e-03 3.432665476051766475e-04 9.117163586036449580e-03 -6.658001076783822986e-04 1.298791029314974154e-03 -1.805722040737645735e-03 -3.264959268704919213e-04 2.144930402350790025e-03 6.610034036430565904e-03 -4.671442092278335623e-03 1.272541759092686749e-02 -2.884451583331047210e-03 2.541043528749723900e-03 -1.694319889141385422e-03 4.332411113173921177e-03 1.317743114659624586e-03 1.050929747932856850e-03 7.660533583044501320e-03 1.579220210528681223e-02 6.927795578234093900e-03 4.498695212664560912e-03 5.257062723707199049e-03 4.475343711012679838e-03 3.594662378455331080e-03 6.918804944183313752e-03 4.536267338280322234e-03 1.203024462936600446e-02 1.880018002175562128e-02 1.356742047282034382e-02
4.597289083928084163e-02 1.000000000000000000e+00 6.437169891695559976e-02 1.094658797004043477e-01 1.264672890794188154e-01 8.147661629503098746e-02 1.406164908319283979e-01 8.446806653966677791e-02 1.248747254916016264e-01 1.449605954109363382e-01 1.201075010085597278e-01 1.478730879188970559e-01 1.372711461416694367e-01 1.209480240004503909e-01 1.567831967792852887e-01 1.377823921838505494e-01 1.211710607586696381e-01 1.219455624351502149e-01 1.348770810039471024e-01 9.602535874344066136e-02 9.899358402662593315e-02 1.166945884392068117e-01 1.542693534933994304e-01 1.132633688966980523e-01 1.427292031769220315e-01 1.469426180546681282e-01 1.588660248722375268e-01 1.654954553068256895e-01 1.668239168786736781e-01 1.553172032159935712e-01 1.504364597967649542e-01 1.565668252229105717e-01 1.613968005777589865e-01 1.276802211073354842e-01 1.529695773188941843e-01 1.277928874381539792e-01 1.505373218663201285e-01 1.557380164839361480e-01 1.467113440398831181e-01 1.609630964049173496e-01 1.481781781240063267e-01 1.541081752521865633e-01 1.600187460955729557e-01 1.443789310571476636e-01 1.545155973999472465e-01 1.538586316831672407e-01 1.514297715471935313e-01 1.501730192490416393e-01 1.546483087246564858e-01 1.290499104851812739e-01 1.481000748120955279e-01 1.244448526510072567e-01 1.432585168094555328e-01 1.572747008365032173e-01 1.527079412073849563e-01 1.605079481767155425e-01 1.582902990536315946e-01 1.534528014816186059e-01 1.520708837858294749e-01 1.463879397935214377e-01 1.385875309336577488e-01 1.540884190455630021e-01 1.517457501613034832e-01 1.512531598097535956e-01 1.373792725506348955e-01 1.493135947436143307e-01 1.507636913218994290e-01 1.463974626320077577e-01 1.476401631628987410e-01 1.433265881022995902e-01 1.318715529003518516e-01 1.458286146216108692e-01 1.465477616616309153e-01 1.428183860819493278e-01 1.481445999451621864e-01 1.504853766611818633e-01 1.568315195735227319e-01 1.548108675647068833e-01 1.534793973903759989e-01 1.481045396368324274e-01 1.470168406447477094e-01 1.459771266415785251e-01 1.544153930589462487e-01 1.459804445049479593e-01 1.362541452143054554e-01 1.410360694185604225e-01 1.479135122017508630e-01 1.448468228820678216e-01 1.475628682655893975e-01 1.548727448767922843e-01 1.520125825100865913e-01 1.515714624017014678e-01 1.438972003208445205e-01 1.478124392514034713e-01 1.487399314994774513e-01 1.519299636255729002e-01 1.432390001320232864e-01 1.358186389251166692e-01 1.385471434038839933e-01 1.459209131569043361e-01 1.399231982509855643e-01 1.376269212829621391e-01 1.448586549760753905e-01 1.460350962506154759e-01 1.420965543459198066e-01 1.518178423014118483e-01 1.474695887463162713e-01 1.459922427959157165e-01 1.489118560797820512e-01 1.467327412451306656e-01 1.508517134526009829e-01 1.475062547475711194e-01 1.482766381965984204e-01 1.448245975208091452e-01 1.431938932069182768e-01 1.460631421174485023e-01
5.374570910629562770e-02 6.437169891695559976e-02 1.000000000000000000e+00 2.934039423725421369e-01 1.923568818020311433e-01 2.504413197240528688e-01 3.338101450582819374e-01 3.261459313250687497e-01 3.412389076867918258e-01 2.938519589315693459e-01 3.504486307633635778e-01 3.668756068978791807e-01 3.330634266764089246e-01 3.277192137801095417e-01 3.690938613899291121e-01 3.678298471967454963e-01 3.335966823895517575e-01 3.402196447230197429e-01 3.528168186697796527e-01 3.161316893752391666e-01 3.599069696805667351e-01 3.710459019720138141e-01 3.635464121562693163e-01 3.461095124599491424e-01 3.603766052984220813e-01 3.675155370300735580e-01 3.602081390399954341e-01 3.678382301546100908e-01 3.625121233753223482e-01 3.630670962410266212e-01 3.719882186946914526e-01 3.755907807686760802e-01 3.617872733034536714e-01 3.814486037618084469e-01 3.587417884396788548e-01 3.746560362621533802e-01 3.736279834625251817e-01 3.721404782154960067e-01 3.761734136516988181e-01 3.711085023238828717e-01 3.687779876324215889e-01 3.703343584858268533e-01 3.659756717546420735e-01 3.702918550382887641e-01 3.736401789277490337e-01 3.663113389524452757e-01 3.684520281117828477e-01 3.699965335611513639e-01 3.707498806956745496e-01 3.735339246488967313e-01 3.686293246280101799e-01 3.744504429202345497e-01 3.689575029463041944e-01 3.695379493879113464e-01 3.627738721383753084e-01 3.676991148150306477e-01 3.739540230416387168e-01 3.704861368373729702e-01 3.705663272344776327e-01 3.693862191558035524e-01 3.750716015846427553e-01 3.687801696791285222e-01 3.773126806964842705e-01 3.713829839635883756e-01 3.768847194868931716e-01 3.765013785040201566e-01 3.767934502572258260e-01 3.761377548833290119e-01 3.730028257206815523e-01 3.694779700836854364e-01 3.829624082301446020e-01 3.770906800003102077e-01 3.805420612391434698e-01 3.770055864423220715e-01 3.753726594144687900e-01 3.710723459882163677e-01 3.742681637271348394e-01 3.734236422185867044e-01 3.739379627451164811e-01 3.700471154441332122e-01 3.744273949612098029e-01 3.789999100976012003e-01 3.818054460775470171e-01 3.693780413401544505e-01 3.763501149110154431e-01 3.809396532483513842e-01 3.766623140301653128e-01 3.751108783533480540e-01 3.762591901329063182e-01 3.789849189732107937e-01 3.742270040157246735e-01 3.740970335204526487e-01 3.755840363800153070e-01 3.738048262324695226e-01 3.717826048194539101e-01 3.722677880142267193e-01 3.768420110584646543e-01 3.772178216469697087e-01 3.756789834962470653e-01 3.756251077295898466e-01 3.728004266789230470e-01 3.765782117981292254e-01 3.726259398539131795e-01 3.730280594184616216e-01 3.789297181044977703e-01 3.773046606888048049e-01 3.770887304475149526e-01 3.719428142843048124e-01 3.736802095523635292e-01 3.732911246566974484e-01 3.749264304599680409e-01 3.739151518549838626e-01 3.741421428082765122e-01 3.773846330422929718e-01 3.755433974065180980e-01 3.763164379086462730e-01
4.969022118844033942e-02 1.094658797004043477e-01 2.934039423725421369e-01 1.000000000000000000e+00 3.382387536967252917e-01 4.209987536292701948e-01 5.671225797101335786e-01 5.448481709255920125e-01 5.768024596011277483e-01 5.204036495353793201e-01 5.812031843965338451e-01 6.291951724338286089e-01 5.458960357280214781e-01 5.636978856663311666e-01 6.294844388372734523e-01 6.155753349029640109e-01 5.733117131210794248e-01 5.396083936096636169e-01 5.574549907089220158e-01 5.261534198446510269e-01 5.729625483797697871e-01 5.926054440720981420e-01 5.421152839758176523e-01 5.303204012725655225e-01 5.560528553562351650e-01 6.010515404814250617e-01 6.011914035584455807e-01 6.115672387626638340e-01 5.891487024122168403e-01 5.991582955614246364e-01 6.225582326260354904e-01 6.287466568133694977e-01 6.181658992013594478e-01 6.218249944684552943e-01 5.987673673078490744e-01 6.175569280962847074e-01 6.177036875286109341e-01 6.336036130068348760e-01 6.426010110084074967e-01 6.312595317025745389e-01 6.339176594791061659e-01 6.360197754515730661e-01 6.215483734588228559e-01 6.397868670352442333e-01 6.313224565351499562e-01 6.316658418551999166e-01 6.299919740793624712e-01 6.335728478777654660e-01 6.345412073773820660e-01 6.275925522267801204e-01 6.395731312843337957e-01 6.333032091718302503e-01 6.258748181931726995e-01 6.252220688849124963e-01 6.231656981065043510e-01 6.248623590093830282e-01 6.203284347276641908e-01 6.390319381224967010e-01 6.292893539750153975e-01 6.318135734836848316e-01 6.365690346963446267e-01 6.263849823275052797e-01 6.307026192110489760e-01 6.303998032771053195e-01 6.345775528907924290e-01 6.258078294314006751e-01 6.385878928130673815e-01 6.317034351820502991e-01 6.310388527695103278e-01 6.333776012338154793e-01 6.348108019537278546e-01 6.327306951837050608e-01 6.203038562686944424e-01 6.184264370419242374e-01 6.332716224716545828e-01 6.348414405468461030e-01 6.297429752919364576e-01 6.278004663002682006e-01 6.277699483514902479e-01 6.262124968839529737e-01 6.269378347768153059e-01 6.323892132717982006e-01 6.396847248644437212e-01 6.323337362616832102e-01 6.382375839028461284e-01 6.359945344675388412e-01 6.391433998496207636e-01 6.393127373522925483e-01 6.403908780187529404e-01 6.343514444253514073e-01 6.394994645817403400e-01 6.398063913928182522e-01 6.419446386699881879e-01 6.390585066698694083e-01 6.365999773988333388e-01 6.355543367062232996e-01 6.387056892052329626e-01 6.338989214379551207e-01 6.378135516506655556e-01 6.411201670461271762e-01 6.367684632017391877e-01 6.401281256929669539e-01 6.374846321520274417e-01 6.398454538077040787e-01 6.407846844873544834e-01 6.311646459346910154e-01 6.394268866129996232e-01 6.370335264201388847e-01 6.327966136873844905e-01 6.382565301328251284e-01 6.345338852605768576e-01 6.351053089885538849e-01 6.337450213340660721e-01 6.389724391918263358e-01 6.380866606625991144e-01 6.340406736449289982e-01
3.098607029114344366e-02 1.264672890794188154e-01 1.923568818020311433e-01 3.382387536967252917e-01 1.000000000000000000e+00 3.156108680742121253e-01 4.736703338984462053e-01 4.326858856646098594e-01 4.784690040816866885e-01 4.067281435770188081e-01 4.486227079136542728e-01 4.840185548093153822e-01 4.629559574037271918e-01 4.384707783802924141e-01 5.040437208215400311e-01 4.960768448829438459e-01 4.606690011868810330e-01 4.397566722604597245e-01 4.690509246643888019e-01 3.952222629271885390e-01 4.299862320930381010e-01 4.655205569714115921e-01 4.636780637147146500e-01 4.307169655987908019e-01 4.769293425519377516e-01 4.944950316488441189e-01 4.818227598379640764e-01 4.919334326399523172e-01 4.808612543400944128e-01 4.996960697682462094e-01 5.049036072428767508e-01 4.950377669005587844e-01 4.741562863329701338e-01 4.813081018620847251e-01 4.779979661814972580e-01 4.862135254433870846e-01 4.967974429731621955e-01 4.908182726514109806e-01 4.981169081068383409e-01 4.829605962500252425e-01 4.985088926252267960e-01 5.009035392323814007e-01 4.967871820541946981e-01 5.044475275235775769e-01 4.971512459087847335e-01 5.018958600112914947e-01 5.021316062591935081e-01 5.053512951217123961e-01 4.989734741957606023e-01 4.820105334977657363e-01 4.953163855776155367e-01 4.975351100292902951e-01 4.903305848786794763e-01 5.009051250811173972e-01 4.998172129509485528e-01 5.006461498764011031e-01 4.946911720537333634e-01 5.058490703941439515e-01 4.956076381601589032e-01 5.085773680325926804e-01 5.049297720522284427e-01 5.067295518755150496e-01 4.950059896159081929e-01 5.086076317310429529e-01 5.058866160582971006e-01 5.065192186331838320e-01 5.056570826122726015e-01 5.058819100678069169e-01 5.070564123002632151e-01 4.971598502861958591e-01 4.983382818167299000e-01 5.056438166289365377e-01 4.973563918139040640e-01 5.000454639892633057e-01 5.058891019629799812e-01 5.028367664080841681e-01 5.069330389568097450e-01 5.071327649325680920e-01 5.079918804389772502e-01 5.060523666854029878e-01 5.016987355545722282e-01 5.046133109652239934e-01 5.067396275391641280e-01 5.033046584712858040e-01 5.024772443392556687e-01 5.041608788686992026e-01 5.080466614743335274e-01 5.040861588844457453e-01 5.047117842540338462e-01 5.045405394584258074e-01 5.050524550532715651e-01 5.028023717107210633e-01 5.036590247907513085e-01 5.038862077130193962e-01 5.051649204105957969e-01 5.059055552412968781e-01 4.954659882991539477e-01 4.951095789654379464e-01 5.029602479612731436e-01 5.009783097043603028e-01 5.043778568514762917e-01 5.000022713316261136e-01 5.043437934537853273e-01 5.055509788000429605e-01 5.052131825521580799e-01 5.000850607833575712e-01 5.028421679887646878e-01 5.070937317133952238e-01 5.038940021102588096e-01 5.059376917055481426e-01 5.025855184396729181e-01 5.085398817575277342e-01 5.052203151562445482e-01 5.076547228347987328e-01 5.079715027250381043e-01 5.066727276214331166e-01
2.941038131386205026e-02 8.147661629503098746e-02 2.504413197240528688e-01 4.209987536292701948e-01 3.156108680742121253e-01 1.000000000000000000e+00 5.588474580416917803e-01 5.008684383991528488e-01 5.503026821766973109e-01 4.767231000685330788e-01 5.563088372182112273e-01 5.873457958288553771e-01 5.177345874583985097e-01 5.407477628648990065e-01 6.037655707285198847e-01 5.826957674286363797e-01 5.266059120852584208e-01 5.150150851840217259e-01 5.344887091633423459e-01 4.773049390350298515e-01 5.096475780343647788e-01 5.548954739170204320e-01 5.459067136539075271e-01 5.057461809057405278e-01 5.456744117213191414e-01 5.930939906193524180e-01 5.910299001632719484e-01 5.951690023749182101e-01 5.827710004237773855e-01 5.973690054307327912e-01 6.156453742993135414e-01 5.940332877023869473e-01 5.714283068724840264e-01 5.793618868596869254e-01 5.777369285872764326e-01 5.714173214453480698e-01 5.937680846567645609e-01 5.982096175118876147e-01 6.053752059388377571e-01 5.870235435919741729e-01 6.036375446031716496e-01 6.026048585302100635e-01 5.910648731805079326e-01 6.110199213180266264e-01 6.004164372068740985e-01 6.068374107736848044e-01 6.123232729648457884e-01 6.146282226588093422e-01 6.092437935396789461e-01 5.908416192059622318e-01 6.000386888695428134e-01 5.922036258468750258e-01 6.073891267660525006e-01 6.161730426218676726e-01 6.079306337489255307e-01 6.070036994540238817e-01 6.101629443042607681e-01 6.103852928911750464e-01 6.100085395496983587e-01 6.162906673959485104e-01 6.120459051319395716e-01 6.133253518164639706e-01 6.086632588395870513e-01 6.129493665850024309e-01 6.091943132875733413e-01 6.166404522375438235e-01 6.134054687725465360e-01 6.122692004704571866e-01 6.153418372729101415e-01 5.995737860925784979e-01 6.058115491062154856e-01 6.143065216923823124e-01 5.990229258780689348e-01 6.038935919092491833e-01 6.157785745154438217e-01 6.193332333158314551e-01 6.180515764475563723e-01 6.160370810013050535e-01 6.151514419378312226e-01 6.144619084107424412e-01 6.162790916739978586e-01 6.166646769459559474e-01 6.180746919220004854e-01 6.141537745176248730e-01 6.083210590107355209e-01 6.119631727159263734e-01 6.176515596242139194e-01 6.172668745606432195e-01 6.139873612233516242e-01 6.124908035425137287e-01 6.149309037099233155e-01 6.161148317787809026e-01 6.144804117491704520e-01 6.171251976409060092e-01 6.169900926522967621e-01 6.181488885596597704e-01 6.093770683857917536e-01 6.117690276141282135e-01 6.148220357830606053e-01 6.130772820423215919e-01 6.153190389782319247e-01 6.149697962096297710e-01 6.150956280524514375e-01 6.178389128685943810e-01 6.139420196840668087e-01 6.159819196721739720e-01 6.172315410475575082e-01 6.169241538359527821e-01 6.171391631560595448e-01 6.150683155726293094e-01 6.144425604162321308e-01 6.187749573168941364e-01 6.181351954510559965e-01 6.193463692188425629e-01 6.162388169307655428e-01 6.165114563472054998e-01
3.665557838847686989e-02 1.406164908319283979e-01 3.338101450582819374e-01 5.671225797101335786e-01 4.736703338984462053e-01 5.588474580416917803e-01 1.000000000000000000e+00 7.141282146241652029e-01 7.502783943995338101e-01 6.658768712676031987e-01 7.580636490490740842e-01 8.178831707581529775e-01 7.364138094060913575e-01 7.573405136334422361e-01 8.437362932062550946e-01 8.272248611082551051e-01 7.491802661286692810e-01 7.351742747661300648e-01 7.725888565145582199e-01 6.952799072124115076e-01 7.204631381860925332e-01 7.882471281684719777e-01 7.758267409939908488e-01 7.346882062462054552e-01 7.776201364977582964e-01 8.248896951685428247e-01 8.133638544609007592e-01 8.300443592763709910e-01 7.952197818564880061e-01 8.185197831899446719e-01 8.459019408817521901e-01 8.374342729391157647e-01 8.135375766252874730e-01 8.188445245878753775e-01 8.179146723485937187e-01 8.119917802682999897e-01 8.390265921781286940e-01 8.382555192831815383e-01 8.493903278709921123e-01 8.359360698791561406e-01 8.428202460121105855e-01 8.481923874643575445e-01 8.406020080614940992e-01 8.530125010242282091e-01 8.483088876925136690e-01 8.493792583849746336e-01 8.426543047871843939e-01 8.461327796518786082e-01 8.413708072010402939e-01 8.210432427836127367e-01 8.450087802642065604e-01 8.207577861328891888e-01 8.339970275307807546e-01 8.407427650059682289e-01 8.338150995480437810e-01 8.391316343203849559e-01 8.275393240833558428e-01 8.490111128797515061e-01 8.408712353320677568e-01 8.490289584496226727e-01 8.490057609477550393e-01 8.456522139616139411e-01 8.357163837586282229e-01 8.391945091638109977e-01 8.407041083003546911e-01 8.400512865280820307e-01 8.496423468531957290e-01 8.525137945437175624e-01 8.533720859164615202e-01 8.472184885542114463e-01 8.470519521646455718e-01 8.529344118269871489e-01 8.417941825017704049e-01 8.432060470124651541e-01 8.551384068680587536e-01 8.539497755846986449e-01 8.561771352406473135e-01 8.496613861335657880e-01 8.532467946734523245e-01 8.457431223837192924e-01 8.506102554198879950e-01 8.534754979394681973e-01 8.502432254640900355e-01 8.525176550666321296e-01 8.467223052870181954e-01 8.499210666574735784e-01 8.552839973985654209e-01 8.560889164433891363e-01 8.562188978240901083e-01 8.504649250631238777e-01 8.598948753464399353e-01 8.554977106189987079e-01 8.521792227754079185e-01 8.589785158864133852e-01 8.516978580519442010e-01 8.519604288605111542e-01 8.464900399736147163e-01 8.374136365202563548e-01 8.506785951246391697e-01 8.514329720403475132e-01 8.551616205413482552e-01 8.457065895261142163e-01 8.462636223053591200e-01 8.531783170507101222e-01 8.492948444073258329e-01 8.437912627570198776e-01 8.514510870125910902e-01 8.512931060226673896e-01 8.518774597849395613e-01 8.528278597853024001e-01 8.500179811142720698e-01 8.513398530343561088e-01 8.509543310198965926e-01 8.507608834007019949e-01 8.504738027574479942e-01 8.456094246295668970e-01
1.707035451088818531e-02 8.446806653966677791e-02 3.261459313250687497e-01 5.448481709255920125e-01 4.326858856646098594e-01 5.008684383991528488e-01 7.141282146241652029e-01 1.000000000000000000e+00 7.165839699969906995e-01 6.430733409857306571e-01 7.351511985515121195e-01 7.760889543778916044e-01 7.085246511999995223e-01 7.085699323287275586e-01 7.954626436113121368e-01 7.857389626461602772e-01 7.143485508881206592e-01 6.887238984112659113e-01 7.189684601118695451e-01 6.478680354713289846e-01 6.872486151314073366e-01 7.423099581692431670e-01 7.176474182402085011e-01 6.825631109125223084e-01 7.273172355057518912e-01 7.691452725654033262e-01 7.610209678593055083e-01 7.707758166077418593e-01 7.472992481424013400e-01 7.706081298720776074e-01 7.998078653165171525e-01 7.922943297443870714e-01 7.573836813169091409e-01 7.762663312548647720e-01 7.706427500235795147e-01 7.675299680943290515e-01 7.900618493429297784e-01 7.976379593034755855e-01 7.994965370671985871e-01 7.824763256532786260e-01 7.968368593025174640e-01 8.062131832535529563e-01 7.878296571233548429e-01 8.088888707179960891e-01 8.039292231441615977e-01 7.972373419936259475e-01 8.004558898819138513e-01 8.017742599296402428e-01 8.025575771774419165e-01 7.920766335223426990e-01 8.038089917404932505e-01 7.863422056892546141e-01 7.935216571088703486e-01 7.979653703929363573e-01 7.906220855432904981e-01 7.955664398993129716e-01 7.882385575985692006e-01 8.045630925347098117e-01 8.037651562214733758e-01 8.040228956316438635e-01 8.098135921248473812e-01 8.005049381132557373e-01 7.960672034952093190e-01 7.966498609890785287e-01 7.966400767236198055e-01 7.982905525189808449e-01 8.056690193921044463e-01 8.033994237200545729e-01 8.042500701579566869e-01 7.937298768728838771e-01 8.039488241011847336e-01 8.036631899619013364e-01 7.910162247347295450e-01 7.955537971593895641e-01 8.075783957850622974e-01 8.036792836209250002e-01 8.053196746549255991e-01 8.035443548619227716e-01 8.014580613440016599e-01 8.012985580458543700e-01 8.041134842780078840e-01 8.088480625979861394e-01 8.041728190168214718e-01 8.049104605946763025e-01 8.065232077862016791e-01 8.058900444119909690e-01 8.066950446569779443e-01 8.107476890145508541e-01 8.091861690722412792e-01 8.106758649322330923e-01 8.079749392679747011e-01 8.085074090408028713e-01 8.083385371569429267e-01 8.111425655614489250e-01 8.068743919783677443e-01 8.051375271799844358e-01 8.084724162647357604e-01 8.058471397076192311e-01 8.108640539207495612e-01 8.107355164647945811e-01 8.103937869051526244e-01 8.088875751638877620e-01 8.045946725494683704e-01 8.114843770617833352e-01 8.107207208387534614e-01 8.027923628980391246e-01 8.092508754157105022e-01 8.070855397934765252e-01 8.076025868991847378e-01 8.082894974187657677e-01 8.076827769846390837e-01 8.085359694008621423e-01 8.074659677004145664e-01 8.090783830888194084e-01 8.048475638892964579e-01 8.053152846793927289e-01
8.441025560671658323e-02 1.248747254916016264e-01 3.412389076867918258e-01 5.768024596011277483e-01 4.784690040816866885e-01 5.503026821766973109e-01 7.502783943995338101e-01 7.165839699969906995e-01 1.000000000000000000e+00 7.221385186017216240e-01 7.984138759344050484e-01 8.440768435970192884e-01 7.641711270149708080e-01 7.672311423173158174e-01 8.570992490578162037e-01 8.488539048898541273e-01 7.968212541279818817e-01 7.394813181735778729e-01 7.889141654647046087e-01 6.810847813403124729e-01 7.381766284484680973e-01 7.860364557663749308e-01 8.009994126643675827e-01 7.317487568573225465e-01 7.834952448649074030e-01 8.496697031497975061e-01 8.382882773328925730e-01 8.409585080199653007e-01 8.397736612299211423e-01 8.601137905172170361e-01 8.726630224130592639e-01 8.673952620780083222e-01 8.259727276704217358e-01 8.370666045330296123e-01 8.410832349385594098e-01 8.250214922331047251e-01 8.573329797132693830e-01 8.598394024546972547e-01 8.620215183077288845e-01 8.342949291539181189e-01 8.665395224728307255e-01 8.595139047635164120e-01 8.407817699541541012e-01 8.630214881946859373e-01 8.646791324945041213e-01 8.581978899134941052e-01 8.701971606768437173e-01 8.816985443164107039e-01 8.746018969037352431e-01 8.482113146036243112e-01 8.666408724779355310e-01 8.452065525602300289e-01 8.631360207689132702e-01 8.802412874302448786e-01 8.735644491303126147e-01 8.688441758929729142e-01 8.712455306216816409e-01 8.749819231671430719e-01 8.746546146720506343e-01 8.804458052516566102e-01 8.767129055806450744e-01 8.778876713726980752e-01 8.710850398198689559e-01 8.783603444086867107e-01 8.790309376824776422e-01 8.820815509649646557e-01 8.810822313032308228e-01 8.733961661468285786e-01 8.761168622703622288e-01 8.578484073702506985e-01 8.612333424168011620e-01 8.760154857220315838e-01 8.603350202869585184e-01 8.619172382438855529e-01 8.775779292239346274e-01 8.746160695011861996e-01 8.741116340412257157e-01 8.768235384571586577e-01 8.727641766378259058e-01 8.793509541764377158e-01 8.762274329057979649e-01 8.808525482284942365e-01 8.835381983391590310e-01 8.763298778800313604e-01 8.735317339459516273e-01 8.754303964664537085e-01 8.769098119669289648e-01 8.765169610574885528e-01 8.776334747114943324e-01 8.779440800981472837e-01 8.717670802686693365e-01 8.752730902435816862e-01 8.764009761235935780e-01 8.756630806204406259e-01 8.796919180908377989e-01 8.811190565164229715e-01 8.656135911969796704e-01 8.723782369143718851e-01 8.720295524614142257e-01 8.740541516051975046e-01 8.680994661782702737e-01 8.727437571092164781e-01 8.766478116567640866e-01 8.752157044974246958e-01 8.772380997929017932e-01 8.767502699318789894e-01 8.800355359988955017e-01 8.787992023351345328e-01 8.784873758898544827e-01 8.790529618839408865e-01 8.751054726787015348e-01 8.820295799781636692e-01 8.795467163345712658e-01 8.810836637110890379e-01 8.840396229080691448e-01 8.847310898453016881e-01
2.715326978651689052e-02 1.449605954109363382e-01 2.938519589315693459e-01 5.204036495353793201e-01 4.067281435770188081e-01 4.767231000685330788e-01 6.658768712676031987e-01 6.430733409857306571e-01 7.221385186017216240e-01 1.000000000000000000e+00 7.069022632771291281e-01 7.503104820612442882e-01 6.779917151562716571e-01 7.020492788895846825e-01 7.673954210397742060e-01 7.594519301441705617e-01 7.106113198307874024e-01 6.589213445196366870e-01 6.996364368151344326e-01 5.904110072093288197e-01 6.276937757692184761e-01 6.876295581294739057e-01 7.157731962989689611e-01 6.359647134253115786e-01 6.994901877451527028e-01 7.668090940237441977e-01 7.512781987115521032e-01 7.542954115798983228e-01 7.516950202826379046e-01 7.691372624646392042e-01 7.775669063080201671e-01 7.797560058356165502e-01 7.568214390665289892e-01 7.478440616745581915e-01 7.626863415882728647e-01 7.369330894486060268e-01 7.721106030405064935e-01 7.724764453429867617e-01 7.708491954720619876e-01 7.590020942750647093e-01 7.776395632962974647e-01 7.773899547977021207e-01 7.543915094810915711e-01 7.776040314136457576e-01 7.729691516608582225e-01 7.736087946592284936e-01 7.823486072423895266e-01 7.960408819328246288e-01 7.790185974545021930e-01 7.483973267273086316e-01 7.771548448868831338e-01 7.444070452707391983e-01 7.639234673452546254e-01 7.895557298925689471e-01 7.824854659914313171e-01 7.854974593775010394e-01 7.715400317611099679e-01 7.838863396065741673e-01 7.845328761742103030e-01 7.880730482407741766e-01 7.835843855479945885e-01 7.874033777793820743e-01 7.712865301992666289e-01 7.803718589187679244e-01 7.830825382286537018e-01 7.853143949259824286e-01 7.890813891841028660e-01 7.832864896941049704e-01 7.873635256181867881e-01 7.590996486119778730e-01 7.644933289577268143e-01 7.831721090482284264e-01 7.697683062779625551e-01 7.708623589742473747e-01 7.888042195351945285e-01 7.874739637184309249e-01 7.863172446005083360e-01 7.847130933942719766e-01 7.850341132046249060e-01 7.886847956290238271e-01 7.876554195949531101e-01 7.892654650131067928e-01 7.904292991505197374e-01 7.903600382063168395e-01 7.792153901077972789e-01 7.832580657061143370e-01 7.864753581029694240e-01 7.872591628558452959e-01 7.878364070938232988e-01 7.877759940726496435e-01 7.854584156424637698e-01 7.869372392365291402e-01 7.858776432236097564e-01 7.874854501630819126e-01 7.880133689259760654e-01 7.903264355953634190e-01 7.725342136764282719e-01 7.677929125457888526e-01 7.783487569482734347e-01 7.842718430792112727e-01 7.786864913329482052e-01 7.741552748017361818e-01 7.815652488507777162e-01 7.834293923880718546e-01 7.819061331088955624e-01 7.799960528596397991e-01 7.858705324549404292e-01 7.900099475651676251e-01 7.889047152756135661e-01 7.857515401049357529e-01 7.841981234906605369e-01 7.900649580177058207e-01 7.881517661318309109e-01 7.843827649992508588e-01 7.862249506931097143e-01 7.845603594955499194e-01
1.521444034635750960e-02 1.201075010085597278e-01 3.504486307633635778e-01 5.812031843965338451e-01 4.486227079136542728e-01 5.563088372182112273e-01 7.580636490490740842e-01 7.351511985515121195e-01 7.984138759344050484e-01 7.069022632771291281e-01 1.000000000000000000e+00 8.593388552827908589e-01 7.739724628691901920e-01 7.896190284253684633e-01 8.695790323444853032e-01 8.536130394546075362e-01 7.845167219955408999e-01 7.607163223134648655e-01 8.043742859732333494e-01 7.123859530619823799e-01 7.553017451891951284e-01 8.071863575870795726e-01 8.028609262058072904e-01 7.558528775238803066e-01 8.052971072246246642e-01 8.566372334232126295e-01 8.500166278241196860e-01 8.621182285389850097e-01 8.381513844473731378e-01 8.626425428714566968e-01 8.871631968876686480e-01 8.778170926287434117e-01 8.457999319723495946e-01 8.540607388217593687e-01 8.556459085389723773e-01 8.377555320959858554e-01 8.728267500986222061e-01 8.847408355322198270e-01 8.809938424807329804e-01 8.644229426504608238e-01 8.813557903625812706e-01 8.812830312782998776e-01 8.593585366343873266e-01 8.815998426921896058e-01 8.812404330494634230e-01 8.812149362132027930e-01 8.879311619070758832e-01 8.918843263275603173e-01 8.891358054013571710e-01 8.684592809360055510e-01 8.837929932383946641e-01 8.567627071084200630e-01 8.807146246682727719e-01 8.880078110309655992e-01 8.836820638560305419e-01 8.819629064291323317e-01 8.777479718472470660e-01 8.850606740370986492e-01 8.907177923114574236e-01 8.913376363993064100e-01 8.906556732091545081e-01 8.881045742974819079e-01 8.829734584112300944e-01 8.813818574720553300e-01 8.849363678837757208e-01 8.887745114088656528e-01 8.930715979405848826e-01 8.903229558662957288e-01 8.929605820024146823e-01 8.786049261339877736e-01 8.826285464369053591e-01 8.919372666440879005e-01 8.787540570508742821e-01 8.789046470389187959e-01 8.929522351193466267e-01 8.906416021446985631e-01 8.908989677693435194e-01 8.903427345380454661e-01 8.889239176230832040e-01 8.918879748336974167e-01 8.905940515972972094e-01 8.955050811470854910e-01 8.930622729946631200e-01 8.917384194667743458e-01 8.911477477469387232e-01 8.921570188239874577e-01 8.926599069441532031e-01 8.956622544416397158e-01 8.947288528361323490e-01 8.908355056166532560e-01 8.896438276578760851e-01 8.951641372130936247e-01 8.932405635776771158e-01 8.948958996670848265e-01 8.951277689796440784e-01 8.954546651449748484e-01 8.893235286246052862e-01 8.874159324113607417e-01 8.918367084014795498e-01 8.928106635196989549e-01 8.897880617503112211e-01 8.926134192449891591e-01 8.924305981145628230e-01 8.942755550514687179e-01 8.932399680980485090e-01 8.887490854078158309e-01 8.948280490165920753e-01 8.953720586691361616e-01 8.945345336090526622e-01 8.946401529525114249e-01 8.940122379984009049e-01 8.952592780202393019e-01 8.936427493842428182e-01 8.936961003918595381e-01 8.930182131177615279e-01 8.933248861209529545e-01
1.052261331204246836e-02 1.478730879188970559e-01 3.668756068978791807e-01 6.291951724338286089e-01 4.840185548093153822e-01 5.873457958288553771e-01 8.178831707581529775e-01 7.760889543778916044e-01 8.440768435970192884e-01 7.503104820612442882e-01 8.593388552827908589e-01 1.000000000000000000e+00 8.170571370130950140e-01 8.380141525723283635e-01 9.226936795065778796e-01 9.076843915595792511e-01 8.298784567779764476e-01 8.043931474929562064e-01 8.539973450220116336e-01 7.439197625633242605e-01 8.003646600715903503e-01 8.609307475537061327e-01 8.408844507962250914e-01 7.933391962373439465e-01 8.493482060347515850e-01 8.981352690014784423e-01 8.939266396305646234e-01 9.057144219245204519e-01 8.794087236761150006e-01 9.119261070091566612e-01 9.290755731736183298e-01 9.275858960739942205e-01 8.958776414616221873e-01 9.085385169124433613e-01 9.017287938453487639e-01 8.919296160822729469e-01 9.217638746594810639e-01 9.338376044825309474e-01 9.357940857607442986e-01 9.161070860565597718e-01 9.330058600543418290e-01 9.372443250281096150e-01 9.126508887994556618e-01 9.383956988816093414e-01 9.332420672098306058e-01 9.343383378363372405e-01 9.387122641975277348e-01 9.419303598644529485e-01 9.385485810708975585e-01 9.193482962929570013e-01 9.375180746178518598e-01 9.098091016519115337e-01 9.264557881014391372e-01 9.342414263197518220e-01 9.286770103350630023e-01 9.290633921112595450e-01 9.223548134001475773e-01 9.417705974520068635e-01 9.385827579659374864e-01 9.426789450969140782e-01 9.424694320018117688e-01 9.382738865982023224e-01 9.354549893896608737e-01 9.312677177203826373e-01 9.339350997957375222e-01 9.341442041330075829e-01 9.458005494689446513e-01 9.420032748930069477e-01 9.423037541478543888e-01 9.294493168235505864e-01 9.342113624205453659e-01 9.420907010500269019e-01 9.285329924942984370e-01 9.300201604758820961e-01 9.437048869963178266e-01 9.423219019856923229e-01 9.410500983710818890e-01 9.397236287998419479e-01 9.403330294077257845e-01 9.412064295544146919e-01 9.413245138687705849e-01 9.458662239035191543e-01 9.437390356635424471e-01 9.426722625878389827e-01 9.421757562356610771e-01 9.440582904660267394e-01 9.452314213713073343e-01 9.474821521678030711e-01 9.484347644441697422e-01 9.411580010747431224e-01 9.433131414560659289e-01 9.465799813454869316e-01 9.456577493597025930e-01 9.475088366084245539e-01 9.469414670176072857e-01 9.472531634288509084e-01 9.378950009139593869e-01 9.353639937235499469e-01 9.452021749080085078e-01 9.454954754109682336e-01 9.428844124212357736e-01 9.431318395472656491e-01 9.421665876411435825e-01 9.461279009046148492e-01 9.448347826046589182e-01 9.377265862905530547e-01 9.465544554056393167e-01 9.453604952012322205e-01 9.442515399773659945e-01 9.463740522967999391e-01 9.440516317765694776e-01 9.459283913488307771e-01 9.451813723591376837e-01 9.457057325970578132e-01 9.446699576967805267e-01 9.432437685102155189e-01
3.473894272678667780e-03 1.372711461416694367e-01 3.330634266764089246e-01 5.458960357280214781e-01 4.629559574037271918e-01 5.177345874583985097e-01 7.364138094060913575e-01 7.085246511999995223e-01 7.641711270149708080e-01 6.779917151562716571e-01 7.739724628691901920e-01 8.170571370130950140e-01 1.000000000000000000e+00 7.480567056007103588e-01 8.294162348510685234e-01 8.255351333126526026e-01 7.408090765545113365e-01 7.191029807359903270e-01 7.618828389297054304e-01 6.851210240427376696e-01 7.113397319060497104e-01 7.690798730087659019e-01 7.702384368294189487e-01 7.116903657220270407e-01 7.610666921797201168e-01 8.165101877625330351e-01 8.097221548060354879e-01 8.178576876806846752e-01 7.964511758140558895e-01 8.250310164551695191e-01 8.393752627983401826e-01 8.307662248710309116e-01 7.935860841892956596e-01 8.063854885745135315e-01 8.151528323904666529e-01 7.976546456983425459e-01 8.277751689370589361e-01 8.339173666420655051e-01 8.350334084104880095e-01 8.110026984387281868e-01 8.380222900042624268e-01 8.402719541499199529e-01 8.243475920897490594e-01 8.421237300869636178e-01 8.336155007487160429e-01 8.432763183211297031e-01 8.458920207663828128e-01 8.474205517097442852e-01 8.448495832208092748e-01 8.266799181234518734e-01 8.409746980915945302e-01 8.144103384361841558e-01 8.371955170787283018e-01 8.463416996821874205e-01 8.391112142605331448e-01 8.384700582845169281e-01 8.333751589282745176e-01 8.500564667578529576e-01 8.440117396942030670e-01 8.523774271214474840e-01 8.538863074933008557e-01 8.469348374757045272e-01 8.395512350819535063e-01 8.438065741107094730e-01 8.411812783967543838e-01 8.454388935500790625e-01 8.485386449805996101e-01 8.452505572818759250e-01 8.475570585771091681e-01 8.364735659606533646e-01 8.374829166033705974e-01 8.488880763969038901e-01 8.337382768867481753e-01 8.353793061690738542e-01 8.499757786665592674e-01 8.457788174778021473e-01 8.473933015579488970e-01 8.472760693420824385e-01 8.475825780380694674e-01 8.493049799909552222e-01 8.472970770862806589e-01 8.536395674951821055e-01 8.462154915184577630e-01 8.477054698595457571e-01 8.446557890423643800e-01 8.456208972097483123e-01 8.499547154533434457e-01 8.500408078494484654e-01 8.498876300879532053e-01 8.499064366609966337e-01 8.468793618239450760e-01 8.514095033748075858e-01 8.508322047792248322e-01 8.499591290507505503e-01 8.528195348707934276e-01 8.530691996782185926e-01 8.436984420507543936e-01 8.434041802141878374e-01 8.487904263680771111e-01 8.476607713674362277e-01 8.480788937695437069e-01 8.470350733550469080e-01 8.500872681251311347e-01 8.524052020557431053e-01 8.518625246879493185e-01 8.476047638793173800e-01 8.512934193832670804e-01 8.527108795341218350e-01 8.521836585195107228e-01 8.536671228904189057e-01 8.505876261663529725e-01 8.534007593585265505e-01 8.520614723017837511e-01 8.523032737646830670e-01 8.500524900781250004e-01 8.523406568428834040e-01
