1.000000000000000000e+00 2.348484601490966051e-01 2.957182798378105715e-01 1.424035612768079911e-02 7.553437087793331284e-02 -3.578509373364948537e-02 1.350996090685326889e-01 5.043144671027173509e-02 2.993455027137273960e-01 1.085233722550732610e-01 1.939339148193801321e-01 1.549840126185789710e-03 7.342889272596473185e-03 8.361049104248723107e-02 4.161241104914656375e-02 2.635990715322271763e-02 3.244259696608775556e-01 4.542049606631748948e-01 3.570378061382914470e-01 2.440520064429597957e-01 3.415939796859370770e-01 3.012840204329085836e-01 3.971062129552133113e-01 4.258259107827635503e-01 3.442182332882012252e-01 2.937461510567432876e-01 3.041969968319925277e-01 3.414027828289797895e-01 3.695915248554524912e-01 3.695794758110389489e-01 3.020563350376174738e-01 2.650247231330437603e-01 2.941572981747375692e-01 2.930998362734794083e-01 3.480786337910037886e-01 2.447791042390140004e-01 2.861402094438771915e-01 1.886302532124007336e-01 2.012899037997356033e-01 1.442491913794008429e-01 1.240572469583323956e-01 1.115415904205906000e-01 8.783013346057755300e-02 1.015182980088328440e-01 1.548038926330580489e-01 1.563929975850170961e-01 5.295139343099034696e-02 7.566354763863998578e-02 6.567083433369631795e-02 1.442115516507648521e-01 9.874547420006958565e-02 1.229031815365568270e-01 8.396290448105664384e-02 1.283384683076638777e-01 1.402441467955505283e-01 1.420619559326288528e-01 1.216558575324725722e-01 5.584042377976686233e-02 7.987754154864767919e-02 8.488782523509234845e-02 8.759663852925599070e-02 8.501720336994657290e-02 6.489290285133214597e-02 1.093639121474653392e-01 1.938300770336616463e-01 1.175388928044580894e-01 8.553260108334348466e-02 1.723200937685807344e-01 1.805427101625973196e-01 1.434877841777247864e-01 1.143848351157708138e-01 1.441558118363249763e-01 2.090443589199909857e-01 1.787010434897456923e-01 1.178988395317421140e-01 1.322701591175027558e-01 1.522521142133393401e-01 2.032230221270450998e-01 1.421498894859204443e-01 1.822246431581644177e-01 1.737655770972095504e-01 1.351285352648973759e-01 1.347663701159788618e-01 1.923087596889259954e-01 1.412517621643564480e-01 1.596888739130674362e-01 1.505142260832747769e-01 9.633399443422735464e-02 1.065922761268320168e-01 9.781543204384698931e-02 1.058071966259388486e-01 4.813931939103098523e-02 7.810844092059915367e-02 6.980913870064051063e-02 2.287429196689208868e-02 2.869897628921004584e-02 5.727266330806144584e-02 1.154162180153140288e-01 5.238106142754715699e-02 6.617554913030558594e-02 2.927239797696136805e-02 4.379724238983226381e-02 2.990476205702900098e-02 3.634868736032782072e-02 7.617839482899350922e-02 7.293751760382788385e-02 6.038654972585954378e-02 6.514408093439036374e-02 6.834904951007748919e-02 5.308030381499500433e-02 3.449434755326875879e-02 3.703670288741549299e-02 4.403355899733125967e-02 6.419243259331160190e-02 1.052516991265991381e-01 6.076143212066704991e-02
2.348484601490966051e-01 1.000000000000000000e+00 2.149753065159137055e-01 -5.568040536699841309e-02 7.643114207651921510e-02 3.992490718970172908e-02 1.787492974746781593e-01 6.962666731933739306e-02 2.631314352476255003e-01 2.522670223333829953e-01 1.902225693709838628e-01 7.096178022357604864e-02 1.111014554019175010e-01 1.529238108322320266e-01 1.737628698327735033e-01 1.290104602333533856e-01 2.299933063955449664e-01 2.882564518806856602e-01 2.269159017976560555e-01 6.695783428812492055e-02 1.480419471635628648e-01 2.057931047066962893e-01 2.491911543711550214e-01 2.491085258971325045e-01 2.178869888682155587e-01 2.840747420529727840e-01 2.757650353832878376e-01 3.225205150396649456e-01 3.310319209719909672e-01 3.309121540041723430e-01 3.051463517345593401e-01 2.293578289588306951e-01 2.944446203377526494e-01 2.241427757473855309e-01 3.097490028091687830e-01 1.785565936644237794e-01 2.794793740035284024e-01 2.270257043801338637e-01 2.452435549903825007e-01 2.115904917346016489e-01 2.081545214664418386e-01 2.022530447138339571e-01 1.699620708529674673e-01 1.846028538062854385e-01 2.176254912706394873e-01 2.497310313454861319e-01 1.615907648215661740e-01 1.873841924612925092e-01 1.598409512642209040e-01 1.546217270907608299e-01 1.736702953506997493e-01 1.101879866484566373e-01 1.513482590625878366e-01 2.157740320440895421e-01 2.152239784770779707e-01 2.237561080472849351e-01 1.659488974934570926e-01 1.566067241802114041e-01 1.837927250767614484e-01 1.591101989488822865e-01 1.516943300992414090e-01 1.766720507616510727e-01 1.503776766976564483e-01 1.648417603054701530e-01 1.952212003370301652e-01 1.657329220107220946e-01 1.788233894672947299e-01 2.057599561861671311e-01 2.114237615419070349e-01 1.445996678955548120e-01 1.453387427555770661e-01 2.011967943904336975e-01 1.928522771491955889e-01 1.880066462851812947e-01 2.016202268441583123e-01 2.067238361495783716e-01 2.355302289631444612e-01 2.542473992245601333e-01 2.272080429726137107e-01 2.474965847082158665e-01 2.394550590207134844e-01 2.218083652654882776e-01 1.839750621770359640e-01 2.517041400704673193e-01 1.881785515677713572e-01 1.887004142994068434e-01 2.102989651114198777e-01 1.924630182738019668e-01 2.031555341198184317e-01 1.958985412181959707e-01 2.051898560546929484e-01 1.672407080601093221e-01 1.745813861746959850e-01 1.871699140501990877e-01 1.496553623234343211e-01 1.542788579067660426e-01 1.282031152755183645e-01 1.532659054745331428e-01 1.478388792778620175e-01 1.561719258440480984e-01 1.459408610963483233e-01 1.324073007861384654e-01 1.406806187573811651e-01 1.403815087769644809e-01 1.380977942825648841e-01 1.495903785341356762e-01 1.527942967288322684e-01 1.830018196515550977e-01 1.789778809815000260e-01 1.499614674071222398e-01 1.488564579909609775e-01 1.478774583493885908e-01 1.486904057909590182e-01 1.498758169577204535e-01 1.722289914545079292e-01 1.466449485731524394e-01
2.957182798378105715e-01 2.149753065159137055e-01 1.000000000000000000e+00 3.621240490371099296e-01 2.327442714628701337e-01 2.299825054735858965e-01 4.290058057255238255e-01 3.384292100533997094e-01 4.505374056567610364e-01 3.109214723323956986e-01 4.508258701233134325e-01 3.812606573166807400e-01 3.330262796665898195e-01 3.265075516440141268e-01 3.911302746212437231e-01 3.882004448778573757e-01 4.440111702084771350e-01 5.047065220538482500e-01 5.086014611500215832e-01 4.331200038596025870e-01 5.130306319279455129e-01 5.156360112066106227e-01 5.128423311968967058e-01 5.043034151209111471e-01 5.011135869416355471e-01 4.906276956057919469e-01 5.184740598164654379e-01 4.803692705483879055e-01 4.749881459856668542e-01 4.748969887115582211e-01 4.797546331766379679e-01 4.726815692878449937e-01 4.280122737814661127e-01 4.684104749904436926e-01 4.503950301763767761e-01 4.723880974516897480e-01 4.657632457681705751e-01 4.360141313793562401e-01 4.323374686284993662e-01 4.336521475029543327e-01 4.159906597077842605e-01 4.281083667854045927e-01 4.146337588519483086e-01 4.279225502512369328e-01 4.514834988689976902e-01 4.247696038439730537e-01 3.777821773784791337e-01 3.891514787836969913e-01 3.786497232068239960e-01 4.236942742065969436e-01 4.175559669049174194e-01 4.153590424104443013e-01 3.966239592455997331e-01 4.139146015918722110e-01 4.287576929811923176e-01 4.279427308605408542e-01 4.175056731724213210e-01 3.994181190150657978e-01 3.993260716822118472e-01 3.954926579270776066e-01 4.011600947273921136e-01 3.959357703939880846e-01 3.968760372934465597e-01 4.028547445320710407e-01 4.397125886245586424e-01 4.094761037628331102e-01 3.931484150199803240e-01 4.530885514355780797e-01 4.457162439096956086e-01 4.476706034706223747e-01 4.518675211540825187e-01 4.495163587426043161e-01 4.627539665231380495e-01 4.635348086862130512e-01 4.189355214570983921e-01 4.343668703298722011e-01 4.216233240220736422e-01 4.412648255635860384e-01 4.275587715715193360e-01 4.329339417464752593e-01 4.315518488717850487e-01 4.288580847178684041e-01 4.308632558221928699e-01 4.250775628933230466e-01 4.264491007100845166e-01 4.318643223954289900e-01 4.329325121670560272e-01 4.092101216473822967e-01 3.997381865173841864e-01 4.146288510196546873e-01 4.097482065021508801e-01 3.881903530098957944e-01 4.010742912398556070e-01 3.967271733863979022e-01 3.599184827754124960e-01 3.627221497622946655e-01 4.007892576151393937e-01 4.073569641963137866e-01 3.808430004518921774e-01 4.026072849125341691e-01 3.832296942516222327e-01 3.853840946268854428e-01 3.618875527557152139e-01 3.790626911935942034e-01 4.037097810942513743e-01 3.915996152436717614e-01 3.810829508643483465e-01 3.791619898606933825e-01 3.912758596242588705e-01 3.826906440092462947e-01 3.837356683333031926e-01 3.700661543807531317e-01 3.795655114226649252e-01 3.879739390508778474e-01 4.053206486055350166e-01 3.844481816114010408e-01
1.424035612768079911e-02 -5.568040536699841309e-02 3.621240490371099296e-01 1.000000000000000000e+00 3.896348702267065089e-01 4.097162295678039579e-01 5.272511827544644758e-01 5.369923689258583321e-01 4.459097043302239771e-01 3.542487213134647428e-01 5.414452783572538674e-01 6.704479986798308477e-01 5.378479042704140678e-01 4.330599600076773803e-01 5.395684492860239878e-01 5.814414115129470373e-01 4.260937237568235836e-01 2.779219421725520611e-01 4.297533118829616750e-01 4.850660729453317721e-01 4.827541627600758223e-01 5.074381755218689838e-01 3.750086133685209822e-01 3.613097343460670019e-01 4.509719065238166347e-01 4.680717333696233218e-01 5.022163719763168555e-01 3.664034474440834299e-01 3.664861632405699843e-01 3.503434206152841179e-01 4.240946532172830130e-01 4.665785494942193412e-01 3.230581325433135587e-01 4.333624066445652678e-01 3.322930054167488323e-01 5.285687010315911483e-01 4.128396835258710262e-01 4.644764115751353062e-01 4.502964982561301621e-01 4.810734285272091904e-01 5.155283259881944247e-01 5.293018619162566107e-01 5.582159522695194775e-01 5.565162350569067273e-01 5.351661455816493218e-01 4.726129537128659908e-01 5.247333296244365286e-01 5.096205475807035201e-01 5.267181112137555576e-01 5.334967625844860839e-01 5.485913721907402785e-01 5.886470368715310819e-01 5.593713900054060328e-01 4.872733566405179628e-01 4.892211431631763308e-01 4.783344690831143331e-01 5.281820333559519298e-01 5.558975145002342799e-01 4.950389194028305684e-01 5.389493014876944876e-01 5.496417123552786999e-01 5.010504750403301788e-01 5.347994952244151667e-01 5.281804133240344257e-01 5.158835821644531805e-01 5.357196449434328267e-01 5.037304481348519047e-01 4.933090465083487808e-01 4.951693109072614063e-01 5.703475012485745843e-01 5.881583262292453540e-01 5.304127859620959562e-01 5.188178030836397836e-01 5.375502977941302163e-01 5.269092987266357220e-01 5.280335383468999222e-01 4.834479132553933245e-01 4.644865668714008300e-01 5.080676696380435065e-01 4.713448317574694402e-01 4.759862165108415533e-01 5.043101604887921807e-01 5.290118108750836434e-01 4.375667010077677332e-01 5.130224201554464125e-01 5.144108148557180460e-01 5.051060346731438555e-01 5.114870761397944943e-01 4.858874567093635632e-01 5.127526273203708573e-01 4.996979189220726592e-01 5.336786373011812579e-01 5.305409210884828308e-01 5.280702015506172353e-01 5.233612756491727858e-01 5.167748288464639739e-01 5.683064511912253591e-01 5.375139443410896778e-01 5.404277991250223678e-01 5.525422113000050262e-01 5.572814662479426140e-01 5.473448786696686330e-01 5.339181642723525023e-01 5.581165281363671404e-01 5.675055642314618121e-01 5.346727686132930479e-01 5.314297433788733871e-01 4.962038469260998119e-01 5.098388517128835673e-01 5.423539566116930555e-01 5.314768527512718777e-01 5.319009756964421243e-01 5.259142851040989886e-01 5.395388852232843035e-01 5.183817005289782509e-01 5.429651614389889858e-01
7.553437087793331284e-02 7.643114207651921510e-02 2.327442714628701337e-01 3.896348702267065089e-01 1.000000000000000000e+00 3.555054745302119734e-01 5.280503543810903810e-01 5.068511752675926019e-01 4.524776487903410804e-01 3.878029508109657186e-01 4.495399395741949133e-01 5.065596108896128769e-01 5.468712137155516961e-01 3.865297357237514331e-01 5.287932658636255168e-01 5.337029857947341860e-01 4.248187561560574643e-01 2.871331346991856104e-01 3.696758001087065426e-01 3.532268102192188119e-01 3.836190139225649220e-01 4.020333691337208970e-01 3.409765113212944176e-01 3.354035774716878637e-01 3.614159187586145072e-01 4.589779630547322631e-01 4.521900168814537713e-01 4.000920909974757800e-01 3.908049530007411954e-01 3.900431585213869345e-01 4.355323486557749479e-01 4.558414195985147632e-01 3.914047942904693156e-01 4.254393511103046199e-01 3.858801644347603088e-01 4.613095987964608291e-01 4.208899132795162479e-01 4.618761709856312736e-01 4.662953206217103075e-01 4.622824661914585187e-01 5.068984066330709526e-01 5.066297505569512527e-01 5.127198240280261832e-01 5.228457818962536363e-01 4.928559054785867088e-01 4.783265171797016491e-01 5.005793272735482580e-01 4.970400083036209393e-01 4.998551490497389893e-01 4.813502492335954286e-01 5.061133894142094691e-01 4.935136861583312995e-01 5.124683532278196951e-01 4.850890156391434727e-01 4.765252394298961081e-01 4.700929659027205942e-01 4.844261716765722592e-01 5.066275905648686129e-01 4.728841682399393953e-01 5.070643312897613608e-01 5.162317894274681684e-01 4.768610168639210167e-01 4.928843070177005847e-01 5.052464503522868799e-01 4.866671774153684682e-01 4.955926450424217866e-01 4.919665861813097285e-01 4.790141081767697040e-01 4.823015118422474545e-01 5.027021498634772767e-01 5.075274611169099392e-01 4.902500673708908852e-01 4.821207043428971106e-01 4.810315327648786998e-01 5.063679449789232345e-01 5.041660249250424775e-01 4.871096520270435937e-01 4.740475273485578733e-01 4.845309864191651439e-01 4.778651599419699858e-01 4.759278898029245530e-01 4.920998309953840688e-01 4.904760515818452626e-01 4.659503433773763414e-01 4.915051762943527525e-01 4.921045437500410347e-01 4.876589203526887628e-01 4.954091080516189738e-01 4.857958293908073988e-01 4.880275261985005941e-01 4.923424217773555434e-01 5.100411298533656934e-01 5.014184682229710921e-01 5.039976480974315276e-01 4.970918418566819819e-01 4.966514065106290565e-01 4.952820793645398290e-01 4.942956912875904329e-01 5.018111883964119224e-01 5.098913223645784587e-01 5.112769948998884262e-01 4.919838985423630184e-01 5.015823705877610061e-01 5.132335480133317640e-01 5.083454424919998660e-01 4.868261903077711894e-01 4.965017344227139473e-01 4.934772410806640974e-01 4.912470811389220704e-01 5.040252821601503008e-01 4.838549675210438439e-01 5.030198161026759873e-01 4.862835440307309298e-01 5.047121357797381691e-01 4.987738515463165379e-01 5.028181691302514578e-01
-3.578509373364948537e-02 3.992490718970172908e-02 2.299825054735858965e-01 4.097162295678039579e-01 3.555054745302119734e-01 1.000000000000000000e+00 5.175219680975328140e-01 4.558054040433211496e-01 4.968284315282134322e-01 4.766572375905465675e-01 5.271254759071217766e-01 6.055095706942547062e-01 5.456930192166939975e-01 4.522790495419237722e-01 5.987410827562347215e-01 5.994959981874534716e-01 4.719398383127943464e-01 3.205535854888227898e-01 4.095255724155669186e-01 3.670622586827107514e-01 3.803478203676122771e-01 4.466285310118222607e-01 3.887842529290117533e-01 3.633926614574345404e-01 4.298173904696471759e-01 4.957337566567046605e-01 5.082145031066366281e-01 4.394023955097671186e-01 4.134256321066280826e-01 4.316480334285685005e-01 4.934376451724136192e-01 5.301775614838601935e-01 4.369797591386970770e-01 4.995428733061032522e-01 4.430428080763841869e-01 5.282427118950013822e-01 4.977971482713725027e-01 5.225759958522767645e-01 5.374120504462539527e-01 5.347680300436907785e-01 5.932670768152484841e-01 5.846110072008628977e-01 5.855570444633750871e-01 6.050228996120953218e-01 5.891621277763230413e-01 5.627313816011765280e-01 6.142277279949707181e-01 6.061082197540507144e-01 6.027746379411883515e-01 5.675068706277339725e-01 5.883560406915006036e-01 5.796509019396197671e-01 6.072783366173587494e-01 5.821191496778203023e-01 5.698343768533516984e-01 5.749759961405960240e-01 5.737456313463998869e-01 6.115955926659172315e-01 5.764753434521263653e-01 6.152901784426081377e-01 6.050793211322142984e-01 5.851031109923608975e-01 5.872348608981806661e-01 5.949409634670749236e-01 5.821279437537515422e-01 5.968980147572726658e-01 6.104131894118822732e-01 5.832680361517224021e-01 5.844136974925064898e-01 5.962168051466546492e-01 6.076718931819147240e-01 5.946786981827004714e-01 5.712569092960297912e-01 5.835784784786982593e-01 6.035188969310513185e-01 6.007930594086955400e-01 5.783985467793496538e-01 5.512310278848167044e-01 5.872920313530159975e-01 5.708786682171334004e-01 5.816017911051701850e-01 5.950350236697841133e-01 6.028753809152654908e-01 5.608454898406671774e-01 5.944113944602155142e-01 5.969194122153402837e-01 5.953031507236884456e-01 5.972467308801476804e-01 6.008704430866571577e-01 5.992461265096112877e-01 5.961813787756492511e-01 6.180320707910483824e-01 6.166240314155230218e-01 6.102601271247299897e-01 6.195367264547180230e-01 6.176941443255107300e-01 5.997329562537585534e-01 5.895725101727280482e-01 6.122910563710273202e-01 6.119755552204597659e-01 6.152324943721849682e-01 6.054442928063812346e-01 6.169829653099926370e-01 6.229468139912739399e-01 6.191755633677551440e-01 5.948537324445464236e-01 6.133477411686342196e-01 6.079857457771772333e-01 6.058231700990609481e-01 6.179761363228118975e-01 6.098564417689247286e-01 6.199938220750332851e-01 6.053376238755814320e-01 6.127688940562503461e-01 6.097220120935600285e-01 6.150770180830791301e-01
1.350996090685326889e-01 1.787492974746781593e-01 4.290058057255238255e-01 5.272511827544644758e-01 5.280503543810903810e-01 5.175219680975328140e-01 1.000000000000000000e+00 7.263401299367149289e-01 7.099385972145292323e-01 6.271151472584938213e-01 7.355924869131666988e-01 7.415333173191653859e-01 7.358411651809064757e-01 6.195430629081611906e-01 8.446861220890667932e-01 8.079093592220500941e-01 7.117653481697235884e-01 5.868252978809345155e-01 6.666386793821156287e-01 6.160438367802990589e-01 6.497937435589234978e-01 7.037318912220080769e-01 6.482641381289857563e-01 6.207863090700277420e-01 6.582143342692620136e-01 7.517563192711590458e-01 7.563024715959414390e-01 6.880404374327576678e-01 6.669052861481374883e-01 6.736286634229805559e-01 7.336269216625246337e-01 7.695785534597562316e-01 6.665959922361730516e-01 7.331621922912711087e-01 6.659040176479869011e-01 7.665903766354810189e-01 7.150777262218277475e-01 7.675591456059539519e-01 7.666764949282754982e-01 7.662996334594689429e-01 7.920227692925299046e-01 8.065755984397102729e-01 7.959571328896154485e-01 8.115647312168123850e-01 7.934615615960071144e-01 7.831148333575623788e-01 7.863567553370459651e-01 7.813718071966536671e-01 7.801968625550990133e-01 7.758145977494603773e-01 7.995184737774895245e-01 7.564530563030297250e-01 7.840791724048895572e-01 7.791500028335314187e-01 7.753875803555581037e-01 7.817955416679673863e-01 7.773685955450378993e-01 7.957570049902952247e-01 7.686168959654975374e-01 7.872200888812224129e-01 7.962703855395040220e-01 7.694274250592708642e-01 7.755199993879060560e-01 7.866393020853694740e-01 7.819439519878658151e-01 7.775603044857787305e-01 7.836583323274844970e-01 7.941938728317099461e-01 7.913906408226992761e-01 8.160558532207159432e-01 8.111136471308573181e-01 7.999092144566101181e-01 7.901063746549399358e-01 7.925733755839126093e-01 7.950241263188323471e-01 7.997688483200274812e-01 7.837616786750677411e-01 7.692587383402094137e-01 7.891056375723923821e-01 7.717566909950558385e-01 7.706815148341902288e-01 7.871684378656064185e-01 7.998589280134681401e-01 7.626827065496724067e-01 7.964612893591825893e-01 7.961680400660782198e-01 7.873552224510759201e-01 7.986210976056130617e-01 7.837603590259323294e-01 7.922306624431565414e-01 7.932928198834080513e-01 7.967521754083397578e-01 7.909591619584044331e-01 7.973206827492270721e-01 7.728253189917544397e-01 7.713634494719856516e-01 7.930642617104830538e-01 7.776430060045247394e-01 7.800074288413295642e-01 8.002289332181895531e-01 7.926032118698072004e-01 7.791412169757346851e-01 7.712966815698778511e-01 7.894770240453504728e-01 7.961233785790624573e-01 7.713279740297348530e-01 7.798886203566077757e-01 7.751163468438012627e-01 7.818366703282264574e-01 7.835784698128216430e-01 7.781441743896979624e-01 7.772337496472572216e-01 7.741556638115060229e-01 7.860043182341392987e-01 7.856862408987385082e-01 7.788397590461824116e-01
5.043144671027173509e-02 6.962666731933739306e-02 3.384292100533997094e-01 5.369923689258583321e-01 5.068511752675926019e-01 4.558054040433211496e-01 7.263401299367149289e-01 1.000000000000000000e+00 6.306894256742668903e-01 5.279581928813658065e-01 6.559606054757936011e-01 7.177893966816492055e-01 7.002899205363550816e-01 5.517041775576360108e-01 7.538889278231527546e-01 7.873966574808995977e-01 6.150978490505526475e-01 4.535139302027506591e-01 5.727352010727300158e-01 5.973784960433337066e-01 6.011982423749255844e-01 6.308338537359086118e-01 5.388855001963426261e-01 4.965626522034404799e-01 5.608858505118521354e-01 6.305375621951359033e-01 6.338933940660117505e-01 5.401621461653446366e-01 5.272945547125637011e-01 5.059512626120020728e-01 5.879868010229861719e-01 6.671523496528561914e-01 5.289939396123354287e-01 6.198518235213784644e-01 5.152615960342271650e-01 6.760149324702335871e-01 5.699067456440181090e-01 6.773064926740226532e-01 6.545386442646444758e-01 6.689837250957380022e-01 6.976559514532566508e-01 7.191437698105870302e-01 7.173436901241873054e-01 7.307252565210802242e-01 6.887145802144615248e-01 6.699806234382809089e-01 7.121994360098089505e-01 7.016930461239611061e-01 7.183540551764314719e-01 7.148023214512279067e-01 7.313944739461799571e-01 6.938203030479984657e-01 7.176453627887265929e-01 6.912412187810577091e-01 6.917956767541930674e-01 6.879631127983210082e-01 7.187686771418850817e-01 7.340964433514995946e-01 7.053851485433175750e-01 7.141746401243028730e-01 7.305387325720696934e-01 6.990223384672835660e-01 7.162386840127379362e-01 7.187034008572651400e-01 6.962413374770022312e-01 7.105707485406376200e-01 6.980311618736310120e-01 6.939283123511825746e-01 6.924133243047104758e-01 7.462125423249613698e-01 7.487922484249819322e-01 7.088535944032902103e-01 6.929746347028906683e-01 7.056195098430005919e-01 7.025438569183544146e-01 7.058315126657596084e-01 6.759170560233068725e-01 6.549189468885214804e-01 6.884616317150727971e-01 6.584832722985448639e-01 6.535751840554984149e-01 6.837424405704478625e-01 7.177056161094444997e-01 6.400506311102585055e-01 7.084327803714846050e-01 7.007309707830982060e-01 6.826248523454264694e-01 7.152541833214207667e-01 6.872734441535224281e-01 7.077594926220520666e-01 6.955584366591029966e-01 7.166167245137944342e-01 7.073140945481445341e-01 7.116078550300259931e-01 7.049465100985982113e-01 7.006785570397718876e-01 7.365014080698993881e-01 7.250502650280252759e-01 7.190327145354056260e-01 7.351356847616087320e-01 7.210946640696956900e-01 7.244752123772634222e-01 7.012527104077337370e-01 7.254920231721546653e-01 7.270038970563884595e-01 7.152671677678025253e-01 7.163811273468081442e-01 6.904161086705536965e-01 7.027059175493423071e-01 7.177914794798164744e-01 7.151699602807273237e-01 7.094548140150119808e-01 7.100563397887028616e-01 7.230519618348516531e-01 7.040412530764611487e-01 7.144284860512180035e-01
2.993455027137273960e-01 2.631314352476255003e-01 4.505374056567610364e-01 4.459097043302239771e-01 4.524776487903410804e-01 4.968284315282134322e-01 7.099385972145292323e-01 6.306894256742668903e-01 1.000000000000000000e+00 7.297654250017511224e-01 8.183352033256715563e-01 7.569736729510518902e-01 7.082672067475486166e-01 6.344231398933698474e-01 7.965228316000980691e-01 7.869754151201534542e-01 8.284012944857616079e-01 7.228197150667485804e-01 7.543376630429392549e-01 5.717419698281029916e-01 6.749435913036107015e-01 7.535480081973008337e-01 7.499744498435707563e-01 7.447316303227883294e-01 7.634215226765721507e-01 8.531017228301739364e-01 8.637342516352757293e-01 8.205621702628697056e-01 8.053312004321611095e-01 8.308195560501724364e-01 8.599679042823333841e-01 8.619720937652004533e-01 7.954268603049085007e-01 8.227321233589881544e-01 8.277891035107984852e-01 8.219063230298997436e-01 8.524621702437541471e-01 8.296153004891674287e-01 8.483145351490429809e-01 7.945362496458405754e-01 8.558727482679474585e-01 8.329040843210081535e-01 8.166455931041645133e-01 8.558200675538492064e-01 8.585383138171387429e-01 8.505036738010259834e-01 8.369810473886634128e-01 8.542139803361030737e-01 8.340667095804826792e-01 8.313873297548035612e-01 8.397027805783291443e-01 8.024759723817188606e-01 8.398187748352521353e-01 8.647864044943679440e-01 8.650486605784662997e-01 8.614343401602928552e-01 8.465967909027756200e-01 8.363720106628338424e-01 8.364747826407329390e-01 8.528186482712933891e-01 8.483897394614464682e-01 8.416339755681567780e-01 8.320711888819360968e-01 8.533833872144559463e-01 8.805995236154186001e-01 8.589761268643751890e-01 8.519309344472204559e-01 8.752970778418928122e-01 8.772917553239933941e-01 8.459153393343542549e-01 8.418645917852750626e-01 8.671712718255549790e-01 8.697634039395470973e-01 8.679157461571522791e-01 8.662075436517991944e-01 8.745208537270422466e-01 8.656983511619718019e-01 8.731152187760176098e-01 8.630275292662520359e-01 8.770534377307594998e-01 8.768752952297588221e-01 8.700680271480437655e-01 8.632661921764261947e-01 8.759475557401399382e-01 8.630583106826756890e-01 8.685789733852152805e-01 8.717989810124342487e-01 8.498742185894223589e-01 8.584514199468155082e-01 8.519125302979003722e-01 8.480302675030252368e-01 8.350004985470080854e-01 8.495029575696275703e-01 8.442174512082172289e-01 8.244738220569668430e-01 8.262224552820850443e-01 8.166834875127024773e-01 8.490012779835028889e-01 8.348694467991772949e-01 8.397601899785743784e-01 8.151392865972937329e-01 8.262145081519033374e-01 8.225125756399890298e-01 8.293424954934817128e-01 8.428339674195233222e-01 8.355351199910687754e-01 8.404718986628724187e-01 8.445626375583467071e-01 8.465422698016447089e-01 8.386283409715857839e-01 8.250013725013308763e-01 8.305168438937271524e-01 8.300832944045863915e-01 8.439530422247174535e-01 8.605042151860640143e-01 8.405961360342921740e-01
1.085233722550732610e-01 2.522670223333829953e-01 3.109214723323956986e-01 3.542487213134647428e-01 3.878029508109657186e-01 4.766572375905465675e-01 6.271151472584938213e-01 5.279581928813658065e-01 7.297654250017511224e-01 1.000000000000000000e+00 7.249265959624778821e-01 7.106295153350333793e-01 6.660564977311063117e-01 6.114239193514181547e-01 7.631933186305213113e-01 7.204972466678624121e-01 6.707967952714071203e-01 5.300946501061045701e-01 5.703144375310595926e-01 3.779913485492888414e-01 4.703439589388792030e-01 5.768809307466098435e-01 5.547607674494030583e-01 5.356200118832045165e-01 5.840121029789153706e-01 7.526748958414601898e-01 7.381231561385503959e-01 7.184655415124761024e-01 6.931247001230252947e-01 7.187723472175021611e-01 7.610991185014620575e-01 7.252760953335412042e-01 7.102881623612009587e-01 6.823773644369749425e-01 7.156806190007819479e-01 6.747538180517633766e-01 7.452257525743775091e-01 7.607211019210963210e-01 7.765112438346463142e-01 7.442619606611089456e-01 8.006788364824676263e-01 7.810867763939107755e-01 7.565202384125911950e-01 7.896815537262185103e-01 7.884332951485220065e-01 7.962060616255366430e-01 7.996582139920146437e-01 8.111023873133325068e-01 7.821394231667091468e-01 7.406435859891310480e-01 7.775325520118168132e-01 6.971209280756550664e-01 7.749057728093964315e-01 8.036907638699062328e-01 7.962584432285574332e-01 8.030990757464595564e-01 7.584833239786472614e-01 7.820562265629881216e-01 7.885800506759084172e-01 7.889083451847956896e-01 7.739535370808232617e-01 7.826447539664600495e-01 7.769079644113648930e-01 7.801202776209072987e-01 7.750675360084209320e-01 7.728476131469329546e-01 8.037432416996685980e-01 7.870471861802117441e-01 7.838529407049670272e-01 7.361824004940731303e-01 7.467753750267092094e-01 7.850397406975154757e-01 7.487152953785206622e-01 7.583346171673220892e-01 8.131628844781152443e-01 8.074489532495326971e-01 8.112934471131394432e-01 8.017834898792490783e-01 8.021195873513898844e-01 8.093515328638104522e-01 8.089213147615440525e-01 8.129603407268779502e-01 7.818015912259197453e-01 8.060973923395042817e-01 7.866371774096262426e-01 7.792867745112944666e-01 8.017867327265134625e-01 8.021429119904195382e-01 8.117734872537470947e-01 7.957469932700789172e-01 8.030887632424703604e-01 8.004386900328960275e-01 8.019137436579205636e-01 8.039294543977966168e-01 7.966504779134188086e-01 7.974553503294418144e-01 7.558686577047101229e-01 7.638275307100537148e-01 7.853074798325454520e-01 7.878216756687178579e-01 7.797908291878625775e-01 7.743338240197488176e-01 7.903669133680110148e-01 7.872775897410776436e-01 7.751839963068176687e-01 7.684084017449525073e-01 7.916041831848769084e-01 8.088263872963022960e-01 8.030148333483437817e-01 7.932040054409277285e-01 7.854896510228426276e-01 7.900828513240344408e-01 7.851651831932578984e-01 7.890368411452106656e-01 7.985155515731413578e-01 7.861071588739888538e-01
1.939339148193801321e-01 1.902225693709838628e-01 4.508258701233134325e-01 5.414452783572538674e-01 4.495399395741949133e-01 5.271254759071217766e-01 7.355924869131666988e-01 6.559606054757936011e-01 8.183352033256715563e-01 7.249265959624778821e-01 1.000000000000000000e+00 8.255195045801310139e-01 7.504750978512416681e-01 6.738998602030243923e-01 8.351176550460615022e-01 8.283607524804313949e-01 8.010095113065217598e-01 6.817540867441835850e-01 7.498047246199094351e-01 5.778230315148162877e-01 6.736962381091380347e-01 7.603700429226519786e-01 7.311346773050722003e-01 7.120899692743551945e-01 7.619816516375762516e-01 8.491166269899527164e-01 8.639736661867127854e-01 8.052203167840394915e-01 7.817302943725055187e-01 8.035116390529768449e-01 8.498295561220858829e-01 8.673017200188767317e-01 7.895898453224644564e-01 8.223656701822320558e-01 8.010964171312955351e-01 8.402447786030384780e-01 8.443005231878059069e-01 8.582227303640488358e-01 8.666120987249287255e-01 8.441055404196927681e-01 8.864873221152389515e-01 8.710399859567803382e-01 8.612222342991242563e-01 8.869835844686931869e-01 8.919327119118287683e-01 8.667438895301596835e-01 8.757971196543719028e-01 8.800832432879994727e-01 8.690349372803896077e-01 8.643857909367556047e-01 8.785040961771017898e-01 8.356823001503963511e-01 8.769494691227612826e-01 8.793021472507827063e-01 8.851722729464420736e-01 8.854609043051349104e-01 8.714047991709253926e-01 8.771661199171140177e-01 8.698532900296785941e-01 8.823924479171604274e-01 8.802974888818386745e-01 8.749721926747823231e-01 8.752600996789750010e-01 8.780184163137163544e-01 8.861028148880114585e-01 8.820558956271952189e-01 8.800758926602276766e-01 8.944955637330749276e-01 8.934818092882927942e-01 8.728095720663697765e-01 8.805277047672289692e-01 8.962893527282584927e-01 8.816635799418333086e-01 8.895500181914168802e-01 8.953661704715022429e-01 9.005107679683741484e-01 8.887401956195996044e-01 8.819303526470225751e-01 8.902771473547824721e-01 8.880047592732401851e-01 8.887401019502189081e-01 8.923573354268797830e-01 8.929756041213595674e-01 8.824775528041548522e-01 8.887002343000799387e-01 8.874842972325291957e-01 8.940508392885412325e-01 8.869779374657058568e-01 8.859606598689325763e-01 8.851579756393301857e-01 8.855450223984179248e-01 8.784830923649219470e-01 8.882338469672337311e-01 8.821749612225984194e-01 8.677638782956496044e-01 8.693917963385553449e-01 8.644564423190946867e-01 8.660922787039662119e-01 8.730088618912820175e-01 8.799361373299081635e-01 8.688320448068179713e-01 8.708468122617331053e-01 8.650769512022536967e-01 8.734348343507117862e-01 8.809601489476978076e-01 8.679314548468115564e-01 8.758132605143051919e-01 8.763029883744070103e-01 8.806140219806626313e-01 8.769063555820947320e-01 8.722430457341688870e-01 8.711913267908499847e-01 8.714412274898539756e-01 8.788583115760172371e-01 8.853332354543933524e-01 8.760636729289988933e-01
1.549840126185789710e-03 7.096178022357604864e-02 3.812606573166807400e-01 6.704479986798308477e-01 5.065596108896128769e-01 6.055095706942547062e-01 7.415333173191653859e-01 7.177893966816492055e-01 7.569736729510518902e-01 7.106295153350333793e-01 8.255195045801310139e-01 1.000000000000000000e+00 8.262262164768608974e-01 6.886833556793566791e-01 8.763301513204109217e-01 8.871057342074956109e-01 7.099536340096666009e-01 4.728948094558302340e-01 6.136825880315791570e-01 5.501999812075294427e-01 5.836245808372960697e-01 6.767130745867159236e-01 5.757501331444536685e-01 5.370562207672040511e-01 6.415310400180991302e-01 7.568227616150797754e-01 7.784874390717763104e-01 6.661809873150407180e-01 6.413599478197382631e-01 6.570194268906147661e-01 7.527464007517320477e-01 7.882357917364319899e-01 6.527159333974903443e-01 7.215476425451867737e-01 6.569986283062674293e-01 7.900520596674045493e-01 7.388383383699913542e-01 8.022102130456841840e-01 8.038826070740211494e-01 8.034610545194377229e-01 8.807009107855935381e-01 8.715517684121594222e-01 8.825224121636714436e-01 9.050195456800673721e-01 8.721805133415837519e-01 8.327353755766726540e-01 9.058956961403259456e-01 8.990152157644779596e-01 9.062591783818569890e-01 8.638994398589843193e-01 8.945329626935838441e-01 8.683639302341734645e-01 9.129387660128425175e-01 8.717776186401838823e-01 8.655650751060963710e-01 8.568780237131023991e-01 8.852441523482591501e-01 9.143066739408142185e-01 8.827101925995365361e-01 9.108717470301985752e-01 9.108812177525297260e-01 8.876470204727624491e-01 9.006265323931664790e-01 8.972038222011522457e-01 8.679513581424673774e-01 8.990979021309581931e-01 8.938535672027808632e-01 8.556211448287360799e-01 8.574682071007860840e-01 8.793435118767709557e-01 8.946176622935635425e-01 8.793526650449242643e-01 8.399149621356931661e-01 8.602342616218966453e-01 8.962890445547555540e-01 8.917680298401400307e-01 8.610582611056035729e-01 8.324317638128985175e-01 8.695955440282526760e-01 8.492011087842641359e-01 8.534182516235596649e-01 8.793251412370856057e-01 8.876656359055661305e-01 8.253471051060792263e-01 8.736548264993463375e-01 8.694671400194028399e-01 8.736186539066972401e-01 8.848985783223818347e-01 8.757799933068267650e-01 8.862523272135676145e-01 8.752744735666971865e-01 9.081364387605000976e-01 9.047747935243659612e-01 9.011955659123372930e-01 9.107801006799556287e-01 9.087110911231416344e-01 9.015798678134623323e-01 8.895186777681257650e-01 9.106047152711843617e-01 9.075760711921248003e-01 9.099241593806800532e-01 9.087646940678106855e-01 9.121465278972135104e-01 9.208202266914197187e-01 9.152761851332545939e-01 8.996055099873193628e-01 9.099451820862638485e-01 8.932086406346098073e-01 8.961787625016810477e-01 9.164466081551692067e-01 9.056080829542183519e-01 9.129547332234769774e-01 9.037623122933515774e-01 9.116988100844048981e-01 8.976124494569295287e-01 9.144760352225863587e-01
7.342889272596473185e-03 1.111014554019175010e-01 3.330262796665898195e-01 5.378479042704140678e-01 5.468712137155516961e-01 5.456930192166939975e-01 7.358411651809064757e-01 7.002899205363550816e-01 7.082672067475486166e-01 6.660564977311063117e-01 7.504750978512416681e-01 8.262262164768608974e-01 1.000000000000000000e+00 6.301404847343163862e-01 8.494530934325194016e-01 8.564494528750365987e-01 6.652113949280696881e-01 4.477724397376536825e-01 5.595458936140916828e-01 5.122995090913774474e-01 5.139617105433024191e-01 5.988098501929671746e-01 5.456851930274392304e-01 4.989815986335167652e-01 5.699979000578972999e-01 7.105184679205794884e-01 7.134982150446010918e-01 6.151541630078524170e-01 5.919971101708435546e-01 6.149785306918551520e-01 6.915169174737380020e-01 7.287770667888210374e-01 5.997170391012852653e-01 6.619388763597899850e-01 6.135740496554831225e-01 7.099813396392888887e-01 6.844267041341903779e-01 7.247076851683074139e-01 7.432713163508322118e-01 7.374363506033340121e-01 8.273517748647034598e-01 8.106657866829256598e-01 8.109728143331005334e-01 8.385351220759978963e-01 8.050032206519626143e-01 7.847255981744146736e-01 8.464399836189457904e-01 8.427088973982115316e-01 8.329781697010604224e-01 7.700705211947564965e-01 8.115656769763074374e-01 7.821520165922389856e-01 8.441383014952104080e-01 8.217924014197218741e-01 8.039249054177920462e-01 8.004202165162577209e-01 8.068679295005704022e-01 8.467536335959624516e-01 8.028086652659969236e-01 8.509399005721843823e-01 8.448200196115850380e-01 8.178930796248283785e-01 8.244504359513495917e-01 8.236253579502509359e-01 8.037874760650064454e-01 8.298880579320369044e-01 8.382655926810060887e-01 8.035653318252544697e-01 8.064323025243562704e-01 8.179159180525301664e-01 8.241119157516733074e-01 8.173022529736175823e-01 7.825220675718216334e-01 7.968786540834315035e-01 8.362556267003032895e-01 8.326945773926555106e-01 8.042457421391300265e-01 7.754352429069529817e-01 8.123590960416707807e-01 7.969347281116713200e-01 7.995134489777142583e-01 8.215280286709071289e-01 8.273068637274924031e-01 7.781467654337513862e-01 8.110297264018988539e-01 8.111313480936286346e-01 8.161358761766684955e-01 8.268779140310975606e-01 8.204964722460825755e-01 8.331763460075927163e-01 8.179716843228412859e-01 8.502818457134374563e-01 8.407423434714199617e-01 8.433662894052358361e-01 8.518324825935760236e-01 8.516426812559422244e-01 8.304314663821730225e-01 8.246339618581072228e-01 8.495113197350294687e-01 8.462433959450292864e-01 8.483466551386932286e-01 8.426759781867029231e-01 8.524712688849407360e-01 8.589199835658943849e-01 8.491421875322576751e-01 8.366623244930557757e-01 8.457632099532176317e-01 8.410093637204618666e-01 8.399883360924184084e-01 8.543283593301552736e-01 8.389111782032419029e-01 8.576953284476308559e-01 8.434679200949102285e-01 8.500663842391341651e-01 8.376500629059449032e-01 8.527443405361206930e-01
