1.000000000000000000e+00 1.194753761615506560e-01 7.758551694286794365e-02 3.771453391756029311e-02 5.452506597909366481e-02 -4.928175830292820525e-03 -5.177202919131127651e-03 5.308389493297815953e-03 1.087163921860432730e-01 3.340349236892666690e-02 3.354027997576005532e-02 2.481545814348829621e-02 6.165143126888146530e-02 4.917566601019686227e-04 2.977967951423018261e-03 1.646186083814444104e-02 9.318726926906190089e-02 1.400016375532402851e-02 6.080498086571124554e-03 5.124445382833318907e-03 2.335967484568414465e-02 2.868884739447680188e-02 2.938449193073690985e-02 6.904948186581359032e-04 1.378114151155054781e-03 5.044255629485233650e-02 2.971909943170004953e-02 -1.097871531438100821e-03 6.545012648503825692e-02 6.065147688238547302e-02 3.449719831027387579e-02 4.215967355342685116e-03 -9.340349821653014251e-03 -2.636733420536156725e-03 1.094433364026907787e-02 -3.304106630359974518e-03 1.484500876819122052e-02 -2.030239124266937714e-02 7.265410454199719642e-04 -3.548253057828987256e-02 3.072188561987797013e-03 -1.699944440185133590e-02 -1.693328399453513863e-02 3.853922923661910489e-03 5.535594450649711576e-03 -3.095478728132077233e-03 5.240969219661969873e-03 2.185741646449460354e-02 1.988954054418410819e-02 -3.076792700874597577e-03 -6.524501070764071944e-03 1.414094324641216628e-02 1.357194646708896092e-02 3.331179917325288731e-02 2.010475131755848702e-02 8.006068969106092115e-03 2.608754409230116741e-02 1.150863687337530181e-02 -3.030267731501956781e-03 3.927129244226611887e-02 1.220595845291776171e-02 1.641939172563655971e-02 1.433762693628327228e-02 2.033920405412182122e-02 4.329174611634562658e-02 4.198650681214958352e-02 1.637403424118123729e-02 3.983469335461209924e-03 6.658315791800874586e-03 -6.605626922082567061e-04 6.293240580691200278e-03 9.273112856523326245e-03 -4.830862244600925455e-03 2.023076626776098858e-03 1.685095829545264767e-02 4.806496952883363739e-03 -4.484156429342214985e-03 2.171180398281688517e-02 1.215499489425884462e-02 1.325065549586216043e-02 1.900525539677290834e-02 1.084739566597869159e-02 3.951722474936612134e-03 3.114837809594929690e-04 -1.394320293866086781e-02 -4.879838767670565194e-03 1.375743727490382406e-03 -1.041631967713758586e-02 -8.612847198237957164e-03 1.155851107783770031e-02 -1.288693151222159577e-02 -6.912337590481534497e-03 -4.610187973431927044e-03 -2.491429772325564913e-03 -3.240485491165989371e-04 9.720436266691688532e-03 -1.614534908868200946e-02 1.196883453677816816e-02 -1.815003211332623097e-04 -8.635069501822920449e-03 -1.129985921023496029e-02 -1.882914411291805644e-04 7.869337031926836729e-03 3.763168661560833787e-03 5.991815597565726230e-03 1.599346400951875274e-02 1.063708900838914763e-02 1.384745888878494147e-02 6.591559427694282207e-03 6.608866326330311430e-03 -7.679062611204752128e-03 2.198168447927621033e-02 5.269862371577735752e-03 5.669451414030075680e-03 2.594682248940964955e-02 2.652709480357682073e-02
1.194753761615506560e-01 1.000000000000000000e+00 7.032754861722090300e-02 1.237080861973664653e-01 9.740994077891247660e-02 1.142139629314258692e-01 1.445600669870359956e-01 1.474302546859040663e-01 1.860616651937930244e-01 1.903428911321111416e-01 1.623763683692052151e-01 1.432404188642306397e-01 1.762231255032463695e-01 1.429055789239847551e-01 1.591886557603801045e-01 1.673983457371697736e-01 1.571176637577984536e-01 1.226324126246840784e-01 1.302059011258304699e-01 1.364135854597621489e-01 1.286783617655174738e-01 1.393982793759837857e-01 1.572978505381727454e-01 1.190920377175547634e-01 1.276378137446899930e-01 1.766055242470664088e-01 1.579291739228607938e-01 1.639431418264093443e-01 1.771611482071449861e-01 1.770464129100828288e-01 1.722982348279508136e-01 1.701430816510371702e-01 1.655649767476957135e-01 1.489980538343370353e-01 1.538383226755916100e-01 1.459792227608260051e-01 1.515990933024681520e-01 1.494391861195067672e-01 1.527210959838380122e-01 1.518222238358087617e-01 1.618588264931366816e-01 1.537434087279648531e-01 1.418105482020695640e-01 1.613958483416606249e-01 1.579256915143712747e-01 1.522464689357287682e-01 1.600101198330420860e-01 1.705208716874737351e-01 1.658321412052816413e-01 1.337765743805124363e-01 1.459540379647728814e-01 1.277091853936229704e-01 1.544470311574369370e-01 1.782913870979892790e-01 1.700879848829193464e-01 1.699551326099945636e-01 1.645289589979239131e-01 1.612539430924979922e-01 1.530172950300143220e-01 1.736320183575489617e-01 1.579270619582117396e-01 1.648955778757681678e-01 1.571433743570168906e-01 1.587892758917312519e-01 1.651085528386656009e-01 1.662224813956620917e-01 1.659987766917935259e-01 1.575394401424500268e-01 1.676947489565476235e-01 1.633725743771299310e-01 1.550224600947978371e-01 1.609902920812145977e-01 1.470152467709021360e-01 1.538281999202323336e-01 1.657151823523629330e-01 1.634427085007033043e-01 1.629895943404194580e-01 1.710085514020574515e-01 1.661234284735936262e-01 1.648012476183831621e-01 1.594745262602379476e-01 1.647069742363268252e-01 1.634397738475663608e-01 1.642422039470055051e-01 1.470066348535000178e-01 1.545252771294476912e-01 1.598439766783592564e-01 1.601269033284768994e-01 1.560508589514797706e-01 1.734286683661505069e-01 1.591107025967811173e-01 1.607417516775370703e-01 1.608723211031655442e-01 1.585603074189110839e-01 1.614232324263713270e-01 1.692870305076379644e-01 1.550584970779400606e-01 1.565287813830698593e-01 1.627555835189961331e-01 1.555204835326396973e-01 1.559718170675710447e-01 1.613297160172270095e-01 1.602979319757024124e-01 1.590969298113640018e-01 1.570783601032637589e-01 1.692196684444168819e-01 1.653309192862168209e-01 1.724730287333104961e-01 1.740766522927022775e-01 1.650990478173391118e-01 1.621007535343718109e-01 1.703878684475438887e-01 1.657583134380431478e-01 1.601104260137815316e-01 1.625647319802044077e-01 1.674579781166622150e-01
7.758551694286794365e-02 7.032754861722090300e-02 1.000000000000000000e+00 3.138772417226231015e-01 2.231828243238856424e-01 2.340468854906875840e-01 3.308188260072756903e-01 3.166895605560552385e-01 3.501923982843995198e-01 3.161482837498168497e-01 3.613377393667957516e-01 3.641229123422411451e-01 3.388258717845533674e-01 3.398764758172165279e-01 3.768036329069276991e-01 3.658354399064540075e-01 3.681667001137318707e-01 3.304424194710376961e-01 3.547658557752127462e-01 2.713768424735944484e-01 3.293725093812491234e-01 3.784780997907072342e-01 3.699477573087467941e-01 3.222439617641273402e-01 3.699435010479574792e-01 3.890466716378566114e-01 3.896537850775659284e-01 3.776324780303668693e-01 3.701495684122982910e-01 3.852802008034836856e-01 3.922327552597888456e-01 3.723260456028639753e-01 3.576519735133666944e-01 3.696523151163724208e-01 3.661551971878548861e-01 3.778350281487001805e-01 3.779315613028321197e-01 3.631231569193796305e-01 3.841883277953780373e-01 3.715415502036881201e-01 3.868552034817986374e-01 3.738253931997424506e-01 3.644547614186052775e-01 3.787997523316409820e-01 3.927623489631607567e-01 3.811494537026020035e-01 3.750158742363678410e-01 3.783995115310515023e-01 3.670225033510913226e-01 3.510452404602943943e-01 3.588200173047826902e-01 3.684028365174818465e-01 3.796338189653425954e-01 3.696881942462492687e-01 3.572672828330038519e-01 3.777386440639096676e-01 3.637418379211462272e-01 3.744616016150915661e-01 3.564976479700505130e-01 3.779068451834173836e-01 3.670917103307571039e-01 3.684367236350160613e-01 3.642105759231159534e-01 3.766718618916036210e-01 3.837311401799054500e-01 3.756232404118606816e-01 3.834727402420536890e-01 3.779796051247584221e-01 3.818673592580745790e-01 3.628738363599623984e-01 3.789732305508329846e-01 3.857992627455318346e-01 3.793314197354051842e-01 3.815217807966198027e-01 3.883943362915660003e-01 3.880667165048240497e-01 3.869070211108978641e-01 3.887107210473438323e-01 3.853213603009202903e-01 3.853449495286584425e-01 3.937079834225485908e-01 3.926785164985548970e-01 3.854855390104565682e-01 3.828032725388239021e-01 3.793603599112094771e-01 3.860874293210588837e-01 3.874880282928749309e-01 3.801443275862798621e-01 3.833400018497836181e-01 3.838363102272188687e-01 3.841045969446889030e-01 3.809588041765064048e-01 3.840126664257532685e-01 3.835097733523818997e-01 3.751632134587618017e-01 3.792506066319936142e-01 3.713457524251797537e-01 3.674977558913622433e-01 3.743004247926284278e-01 3.767251755633531096e-01 3.773609508461890916e-01 3.698314951274584428e-01 3.797855712845901732e-01 3.798891321152557676e-01 3.828883769026382167e-01 3.785678683514047682e-01 3.761633883109512522e-01 3.813706442208960601e-01 3.783413665528334024e-01 3.760685133080498566e-01 3.739000341836812846e-01 3.797792176796386809e-01 3.736187705686878635e-01 3.777856996469528550e-01 3.825685803922617700e-01 3.796628806525212951e-01
3.771453391756029311e-02 1.237080861973664653e-01 3.138772417226231015e-01 1.000000000000000000e+00 3.758664377184362526e-01 3.768921195664017842e-01 6.026145115375839412e-01 5.915778419439299274e-01 5.756305516880514395e-01 4.889944789787748491e-01 5.871704251105727135e-01 6.554981883326526093e-01 5.607759492017451164e-01 5.420710161748897304e-01 6.300437067232651511e-01 6.293167700084587590e-01 5.923479311346316889e-01 6.028820479317262837e-01 6.032410448945767500e-01 5.860711162413689834e-01 6.391011732672611245e-01 6.298372255707355150e-01 5.452965572442460829e-01 5.600537552070431468e-01 5.829090002567212103e-01 5.737186089324466387e-01 6.014814193730663172e-01 5.567986868163705694e-01 4.984930763333302872e-01 5.544170006809644446e-01 5.881825061461576354e-01 6.127938379816172398e-01 5.170929524003907707e-01 5.903839650557974883e-01 5.694368317400968493e-01 5.953611265110473338e-01 5.703720647913944619e-01 6.068604542036808436e-01 6.088166691238899864e-01 5.921076467610396632e-01 6.104697887951398005e-01 6.202737756397476154e-01 6.191355832903723266e-01 6.310035015595839569e-01 6.199799411444507635e-01 6.034024653983791620e-01 6.079129525271635970e-01 6.067819007584258628e-01 6.174905545829120213e-01 6.238639308668726402e-01 6.208235586005124151e-01 6.298004442586960794e-01 6.253354011073987140e-01 6.023067337284552236e-01 6.002898318217227969e-01 6.128520178437905086e-01 6.311620338046637357e-01 6.190698916194710133e-01 6.170257460418678841e-01 6.177229676015020265e-01 6.156732544209857494e-01 6.187656661742163555e-01 6.243725738834853267e-01 6.175521003735239267e-01 6.195671160965332547e-01 6.261632756861207350e-01 6.129408613209469392e-01 6.161060893775684999e-01 6.040675742794328063e-01 6.400497207268258659e-01 6.356147820740815080e-01 6.182474089216430935e-01 6.071275649711520561e-01 6.195002818215372686e-01 6.050873740221347497e-01 6.086878272312076232e-01 6.044681860131583262e-01 5.742748641938040244e-01 5.912550338735446109e-01 5.897905552662431328e-01 5.962395677807071914e-01 6.036717556222818137e-01 6.182748669995798974e-01 5.914909886789030402e-01 6.040751175814479401e-01 6.052519973902853456e-01 6.040123391568938960e-01 6.142066766055558347e-01 6.119535627969544533e-01 6.144077043090319101e-01 6.028471860384159164e-01 6.114675862985629040e-01 6.070578088787390580e-01 6.132053651213350554e-01 6.045454436173560708e-01 6.075478776284621851e-01 6.220904943626864858e-01 6.303376848498127849e-01 6.197730664358895858e-01 6.160889900484655124e-01 6.176238496374317766e-01 6.269085616834851882e-01 6.160853790347979864e-01 6.206519444596086954e-01 6.290272219162782452e-01 6.275835595015614166e-01 6.172194250084450662e-01 6.038862120977704917e-01 6.064669476112027890e-01 6.141399208314120006e-01 6.178656057752938136e-01 6.142560167495587642e-01 6.155053118150668467e-01 6.253729009303494735e-01 6.154246517201390487e-01 6.241458729996480770e-01
5.452506597909366481e-02 9.740994077891247660e-02 2.231828243238856424e-01 3.758664377184362526e-01 1.000000000000000000e+00 3.164146368596064129e-01 4.706745940938933392e-01 4.685208521286015060e-01 4.893320794892204728e-01 4.154192500032423130e-01 4.628825149196955091e-01 4.837858895819259764e-01 4.687400249045545753e-01 4.374041938469757085e-01 5.048246701253951141e-01 5.092066822416568828e-01 4.637041344573609170e-01 4.514991002941460829e-01 4.606057364815925315e-01 3.928593332061525722e-01 4.380920791323125174e-01 4.835238180300078792e-01 4.864892137183617904e-01 4.276989735337746734e-01 4.549707860415493910e-01 4.984328689063319273e-01 4.873269855376494153e-01 4.864786194084355087e-01 4.683753183728799341e-01 4.919083178110137400e-01 4.994184845107438320e-01 4.881691626890992119e-01 4.670680704166610964e-01 4.870022969811438895e-01 5.003587808664592407e-01 4.814675658194633723e-01 4.932499410730860068e-01 4.853502116200693051e-01 5.002666731341005590e-01 4.873342385190675419e-01 5.045890890724687994e-01 4.984633190270192915e-01 4.870366274736283585e-01 5.101554628310100981e-01 5.090398432214784386e-01 4.991418001527673787e-01 5.035368699072260146e-01 5.071292298067585635e-01 5.026544203242809816e-01 4.798083889966910376e-01 4.884124111478193031e-01 5.051685283390913161e-01 5.174717018456163053e-01 5.053033363055406957e-01 4.948725380060737256e-01 5.071324792333419262e-01 4.955595866457653265e-01 5.076878449159998308e-01 4.853399058156426804e-01 5.165812260907722830e-01 5.066427593828699560e-01 5.011973778378494560e-01 4.992239713133859169e-01 5.062353972343868191e-01 5.091171966799894477e-01 5.187754137089392037e-01 5.065031608028452981e-01 5.070426066985371794e-01 5.117086352815667372e-01 5.017566618453764837e-01 5.026895510423076141e-01 5.082661164318358349e-01 4.989225146672290334e-01 5.015155064445009359e-01 5.151662618280795636e-01 5.069085305328020485e-01 5.091929465049880310e-01 5.023525673727853302e-01 5.065538356676363430e-01 5.120612311510470693e-01 5.102355482362721517e-01 5.077110825178848819e-01 5.039473614600376017e-01 5.090854543622267414e-01 4.985815040003750420e-01 5.084970274417099922e-01 5.106647272523131553e-01 5.046116439313810265e-01 5.071359649507612977e-01 5.107946089806747469e-01 5.083011280285365530e-01 5.081187675969782713e-01 5.074777928625958667e-01 5.097768235449777752e-01 5.082599403547110040e-01 5.079290643416213280e-01 4.992917154993908313e-01 4.973156185599913459e-01 5.038600773930544952e-01 5.036283384903154081e-01 5.062008093961215538e-01 5.018245659543449921e-01 5.155568732953671462e-01 5.088382445913394170e-01 5.123469163338542076e-01 5.083495342087540614e-01 5.060961167729632892e-01 5.101978223452799943e-01 5.101863673396480614e-01 5.096496143884126084e-01 5.061154856985244921e-01 5.139399225679649463e-01 5.044667409239266265e-01 5.062803554536446926e-01 5.126784002391479023e-01 5.113124170927983991e-01
-4.928175830292820525e-03 1.142139629314258692e-01 2.340468854906875840e-01 3.768921195664017842e-01 3.164146368596064129e-01 1.000000000000000000e+00 5.351128638215134625e-01 5.049047981426341147e-01 5.294632497349128775e-01 5.038710750952898332e-01 5.361509607239798303e-01 5.675357920595853756e-01 5.075955342101435841e-01 5.430843700004299723e-01 5.877978642675558696e-01 5.769284535514347390e-01 5.212040099126994397e-01 5.154060643041888934e-01 5.507692836451357765e-01 4.523684829558485831e-01 5.314781522212621567e-01 5.748020116538440361e-01 5.197993401789045009e-01 4.833214577619061036e-01 5.230634043318342918e-01 5.721279471307949560e-01 5.755828507994324994e-01 5.730410807456050026e-01 5.277208115868758931e-01 5.631795286111894727e-01 5.877568383653074546e-01 5.740283090120356091e-01 5.456090084747413638e-01 5.758844828129564553e-01 5.753955778583415004e-01 5.645368428172452546e-01 5.866959613642817040e-01 5.851621180296113778e-01 5.941261744040042814e-01 5.887912074305171606e-01 5.959078434375951749e-01 5.946467660835584867e-01 5.836815857357049442e-01 5.955149287642563793e-01 5.963167916203401253e-01 5.993884058217825439e-01 5.978660677857534633e-01 5.980427379935158161e-01 5.857317595401881904e-01 5.746087105640672599e-01 5.821927097891435032e-01 5.822345018527715910e-01 5.912461969205526913e-01 5.876585723702315578e-01 5.869725652827931794e-01 5.985919411888602770e-01 5.842303019409644804e-01 5.970158658603501589e-01 5.891163454257338783e-01 5.895446091566932667e-01 5.932086788999971771e-01 5.914176568141777945e-01 5.895363525308099373e-01 5.891216585992906651e-01 5.899779866650969318e-01 5.880244519420928517e-01 5.970557694583165098e-01 5.948601993840956226e-01 5.980563510495940927e-01 5.893555701019810300e-01 5.958144161793322846e-01 6.013520289661898888e-01 5.840429613195867731e-01 5.896701600926016473e-01 5.983701546044636332e-01 6.025145006934701231e-01 6.005162402350471273e-01 5.889399001680910573e-01 5.955541663726000579e-01 5.964613400666427534e-01 5.993131844780171802e-01 5.991053261461007917e-01 5.994720138099044471e-01 5.992552116786310501e-01 5.995116952369554664e-01 5.978123509249331224e-01 6.035201291475442709e-01 5.995851663135827181e-01 6.090606486294004585e-01 5.974914044035767313e-01 6.025067591466599648e-01 6.028720608393054459e-01 6.017864263460785956e-01 6.024706859191973907e-01 5.994723710162167540e-01 5.990124799670122346e-01 5.933092006317759459e-01 5.907391655337016489e-01 5.972875253509154492e-01 5.970651964154306546e-01 6.028099130195043731e-01 5.945571679732208903e-01 6.014439403670481799e-01 6.010430699774530483e-01 6.039192337680946432e-01 5.915578772494253235e-01 5.964598035415228372e-01 6.005125791337588836e-01 6.011713388179931172e-01 5.986006931731603364e-01 5.986667592424975703e-01 5.961681599107282459e-01 5.969099558389499016e-01 5.973294341038530852e-01 5.987230832181509310e-01 5.940713667379738938e-01
-5.177202919131127651e-03 1.445600669870359956e-01 3.308188260072756903e-01 6.026145115375839412e-01 4.706745940938933392e-01 5.351128638215134625e-01 1.000000000000000000e+00 7.437998860047015937e-01 7.445757306358230521e-01 6.937044827462607310e-01 7.713383284155005404e-01 8.173793114417714500e-01 7.436352990212835579e-01 7.359815617602164517e-01 8.627596398881487438e-01 8.352128984026380154e-01 7.490531218042933981e-01 7.558522559851372780e-01 7.784989378548717864e-01 7.108627667227515046e-01 7.550730822804765374e-01 8.021769080336270674e-01 7.524074303013661424e-01 7.063866243377916465e-01 7.547765969987850765e-01 7.918962273975880262e-01 7.976071837643765594e-01 8.003979868429387245e-01 7.275265316862558063e-01 7.759690493734312522e-01 8.134670366205624115e-01 8.310236285079284357e-01 7.579100128805177361e-01 8.131365854842386165e-01 8.085495292501789777e-01 8.102347213525673553e-01 8.077606536963908290e-01 8.336665294694848294e-01 8.394341743777522513e-01 8.260611046400004875e-01 8.311698877390633067e-01 8.468166982289910827e-01 8.380308406192054083e-01 8.465049879776512798e-01 8.358626054383957449e-01 8.390000542490211322e-01 8.319791318177501838e-01 8.345800110389810511e-01 8.350674231413898196e-01 8.238014672851469156e-01 8.370288400461372014e-01 8.104108355496850713e-01 8.276661449743847321e-01 8.243634970024731334e-01 8.200424752270490947e-01 8.413141030663673359e-01 8.284100963750763436e-01 8.301869186197136097e-01 8.323477472121622034e-01 8.289524658973416171e-01 8.402823605276569241e-01 8.337405198011461627e-01 8.335766185237504233e-01 8.352489093654033026e-01 8.274922568888865015e-01 8.286369546083448556e-01 8.371604684287239362e-01 8.406362008628238680e-01 8.405745552815044874e-01 8.444855940757629575e-01 8.369614996516767658e-01 8.402167646053683159e-01 8.241180387684349240e-01 8.337028066211918942e-01 8.339278967436544177e-01 8.379742396850816677e-01 8.449663900157955432e-01 8.142518086117891407e-01 8.354033919551703269e-01 8.285636259480095855e-01 8.348350865106093366e-01 8.345815557693142539e-01 8.449290975590104669e-01 8.389266561851153048e-01 8.390035432283972083e-01 8.389903009664264610e-01 8.406194493837313431e-01 8.483493227418434923e-01 8.487721253077297190e-01 8.363942550129072062e-01 8.464193657608347632e-01 8.442525631067241410e-01 8.415712115928671855e-01 8.480491651644171958e-01 8.361122660628425018e-01 8.357824035291557818e-01 8.392992411424081700e-01 8.332970380199086202e-01 8.409414104045898064e-01 8.436553618919597763e-01 8.476744941450164994e-01 8.398543819195599669e-01 8.360956332313498329e-01 8.422817198195085009e-01 8.426591916670441718e-01 8.312141416058270726e-01 8.388877755814382331e-01 8.346399327618211350e-01 8.377694934037994701e-01 8.379605864512644775e-01 8.413691771031441835e-01 8.348436141401643917e-01 8.374627257584711382e-01 8.416749303613659805e-01 8.333465397250525708e-01 8.339177420224896942e-01
5.308389493297815953e-03 1.474302546859040663e-01 3.166895605560552385e-01 5.915778419439299274e-01 4.685208521286015060e-01 5.049047981426341147e-01 7.437998860047015937e-01 1.000000000000000000e+00 7.304911413214704163e-01 6.585376447868250827e-01 7.528081709584459880e-01 7.993351840292127752e-01 7.232746166817954903e-01 7.148509643465301711e-01 8.190305872807512877e-01 8.344398828419979930e-01 7.384706099466915585e-01 7.274920959868818038e-01 7.407470159139416532e-01 6.912399963197457531e-01 7.476932002099905272e-01 7.788907499462842665e-01 6.982695255418431834e-01 6.679916975882528307e-01 7.089440811987326452e-01 7.546675343067926756e-01 7.511802901667472554e-01 7.293067817338877434e-01 6.949310904438086300e-01 7.318726856026551708e-01 7.805314336406349307e-01 8.081268437606400346e-01 7.131490625544392170e-01 7.811212844550894374e-01 7.594083219617284719e-01 7.631779793772559550e-01 7.575937962463327180e-01 8.125476484822583556e-01 8.060950862631993674e-01 7.702666395799685484e-01 7.955761962578317137e-01 8.058056297639865084e-01 8.091532641692067429e-01 8.200244713120961038e-01 7.929104531440548387e-01 8.053263019805255718e-01 8.110950262956699852e-01 8.133456549886149967e-01 8.232822898183628224e-01 8.152983096302180988e-01 8.235857884609258939e-01 7.851450917393895113e-01 8.064825530851733593e-01 8.101758923281607849e-01 8.193216969032731667e-01 8.167626137562695732e-01 8.277185474075887672e-01 8.214160953313880409e-01 8.277773703501213332e-01 8.111642408840984420e-01 8.242117224519419638e-01 8.258739208911862750e-01 8.303624963520597202e-01 8.181238056539420489e-01 8.092639682240139187e-01 8.178174982326092968e-01 8.160084277785397688e-01 8.146608520324420954e-01 8.086994517781977976e-01 8.214790937982525687e-01 8.118759149573899769e-01 8.127365381029524327e-01 7.921506610535212767e-01 7.996382611365647763e-01 8.065548941966387275e-01 8.047537653441220185e-01 7.941097809046822054e-01 7.850384728314835359e-01 7.944261233743209472e-01 7.973613693056534890e-01 7.956167931495099488e-01 8.039528017616558442e-01 8.096925942489598960e-01 7.985744973946313774e-01 8.048506236724020102e-01 8.052792270698215793e-01 8.010310870792340943e-01 8.198057170899349932e-01 8.137996919563577070e-01 8.177807219905794955e-01 7.983125991118167342e-01 8.116431452768280153e-01 8.063248294429340435e-01 8.132906295738040470e-01 8.121116875881975172e-01 8.152732656023050639e-01 8.159853236714281755e-01 8.256770551352038412e-01 8.216929253978141334e-01 8.140851137373092961e-01 8.177629126892064226e-01 8.307939194653226611e-01 8.127546313659314015e-01 8.224763378325179453e-01 8.191715118949269847e-01 8.206667758446708483e-01 8.204975062394457286e-01 8.142936137638947525e-01 8.177322715518501317e-01 8.187271905763320312e-01 8.268943518510021295e-01 8.143407036828435031e-01 8.225624399550930388e-01 8.223388500695856251e-01 8.125444023651632319e-01 8.181654260361906905e-01
1.087163921860432730e-01 1.860616651937930244e-01 3.501923982843995198e-01 5.756305516880514395e-01 4.893320794892204728e-01 5.294632497349128775e-01 7.445757306358230521e-01 7.304911413214704163e-01 1.000000000000000000e+00 7.432249368023201574e-01 8.117537645015482362e-01 8.415404652945789321e-01 7.862367193227399742e-01 7.769821034359424283e-01 8.563084735350308119e-01 8.444707662690916772e-01 8.154204546299956835e-01 7.428046635019609489e-01 7.868013319531579342e-01 6.698483436365998411e-01 7.525626045380482410e-01 8.287277759825160128e-01 7.805516391269434751e-01 7.054730976036982515e-01 7.619110543712154238e-01 8.423349240091365653e-01 8.293913646652525395e-01 8.104049162554856078e-01 8.043321463690055184e-01 8.412788133311609462e-01 8.687926076316242474e-01 8.482970059402746843e-01 7.800599497966411722e-01 8.264502754801105189e-01 8.264031114400366418e-01 8.041951703202047108e-01 8.334555209102110229e-01 8.383990345575595970e-01 8.568975319756750864e-01 8.086399662353964679e-01 8.707180439967305841e-01 8.520433811520859990e-01 8.326799926374776062e-01 8.689823111739202188e-01 8.642125580593248424e-01 8.539449270301915362e-01 8.783478529523788270e-01 8.856402188961386424e-01 8.758984405964895803e-01 8.314567605690190710e-01 8.497772198466334581e-01 8.365126565515843549e-01 8.657149833442333575e-01 8.783459298224945977e-01 8.640309681305117229e-01 8.692823493456219852e-01 8.656854038877411783e-01 8.756418904857059538e-01 8.597097089954037763e-01 8.903791910817808741e-01 8.765360946356298699e-01 8.781036643759707605e-01 8.705256759083528362e-01 8.790707829573880527e-01 8.870897138895629253e-01 8.851869999222073959e-01 8.842357207762393534e-01 8.767496854533429751e-01 8.774142064389799378e-01 8.645584648361521740e-01 8.714049549429989661e-01 8.821157933859831157e-01 8.552598654521882393e-01 8.641487143308814733e-01 8.834110916209012565e-01 8.797295903805379957e-01 8.715232346991468315e-01 8.749557018480307313e-01 8.771291893980256438e-01 8.806088040875008627e-01 8.772209341459107357e-01 8.840772118258281020e-01 8.755241845921853949e-01 8.719266573456498914e-01 8.617046543779536272e-01 8.708628029508109769e-01 8.726996033239019512e-01 8.733032810744307817e-01 8.731949944571443245e-01 8.797123842456838760e-01 8.663906170722017741e-01 8.787757694046532952e-01 8.767095923036861693e-01 8.754059491187599074e-01 8.812496885614071740e-01 8.855278694773973669e-01 8.645227738021581398e-01 8.709391563224780919e-01 8.783112629255075410e-01 8.735453850415210164e-01 8.726778484127147850e-01 8.755633133427642711e-01 8.795291194800843870e-01 8.811384755090054810e-01 8.788471571874271193e-01 8.769756888788386995e-01 8.813796983545451047e-01 8.847626163118429421e-01 8.828586588767721732e-01 8.828911236189592726e-01 8.763952095858533742e-01 8.887167739124300914e-01 8.804636081083546673e-01 8.811242895059669955e-01 8.872034960392366498e-01 8.863856454687558672e-01
3.340349236892666690e-02 1.903428911321111416e-01 3.161482837498168497e-01 4.889944789787748491e-01 4.154192500032423130e-01 5.038710750952898332e-01 6.937044827462607310e-01 6.585376447868250827e-01 7.432249368023201574e-01 1.000000000000000000e+00 7.366350349465420333e-01 7.522289080558698382e-01 7.019668693147422811e-01 7.168573297517000231e-01 7.928109807648208163e-01 7.683933638150615142e-01 7.382368619921921837e-01 6.601879321074878293e-01 7.124644275113234393e-01 5.878151447541474228e-01 6.698974981431725650e-01 7.515221640681001292e-01 7.160455727601898746e-01 6.303892757156662752e-01 6.944789479839880153e-01 7.755679569419600128e-01 7.601962886844934042e-01 7.603469323784535217e-01 7.510975108573084702e-01 7.681045280391867180e-01 7.969518686951743147e-01 7.884077329725328598e-01 7.350214400196083409e-01 7.706698116290168210e-01 7.708400081488203659e-01 7.501878737368919969e-01 7.809075475316195059e-01 7.813625195987933258e-01 7.985870394266522121e-01 7.654680206475894533e-01 8.048940042609578072e-01 7.910066817975329734e-01 7.715046840134619499e-01 7.991045674604355664e-01 8.021783856175372929e-01 7.999419446596365280e-01 8.102745634894283899e-01 8.209022898353729447e-01 8.053544660844975667e-01 7.664807183381394662e-01 7.855533079611749514e-01 7.611688192280019472e-01 7.917278211966534140e-01 8.120118501827154889e-01 7.993565691964297226e-01 8.084627051159277711e-01 7.909956887087706834e-01 8.045854619605411484e-01 7.930567283338877393e-01 8.072134741625197618e-01 8.067675851844080537e-01 8.029984929206437361e-01 7.997090294922375442e-01 8.047412989311674147e-01 8.041777396723249760e-01 8.053305829226896639e-01 8.161203289952044804e-01 8.048460349346138187e-01 8.113553194056758455e-01 7.899967074289614422e-01 7.966258307171183439e-01 8.126034084527339330e-01 7.836531695387775054e-01 7.920193974042690765e-01 8.136595595587681196e-01 8.140432635926463378e-01 8.076229235095411241e-01 8.140205360864578576e-01 8.163794461444322526e-01 8.128980739303951486e-01 8.116209198059259888e-01 8.167185032605723816e-01 8.106438653390285465e-01 8.126655893057974644e-01 7.974055837595926954e-01 8.044315225411147185e-01 8.110338431887449406e-01 8.116123080450219351e-01 8.108366796902716223e-01 8.157978337526624601e-01 8.087353266703047883e-01 8.125396948321084167e-01 8.150270550771158140e-01 8.130567302853590750e-01 8.139470817784174583e-01 8.180145378769119180e-01 7.970069174183375127e-01 7.977877789639254980e-01 8.073220229565318817e-01 8.073166948796967057e-01 8.074187098619343139e-01 8.073634450515225769e-01 8.091554952351398544e-01 8.118498069130276606e-01 8.085217857046060885e-01 8.065252710452831542e-01 8.129387683812716592e-01 8.201200929612563195e-01 8.171105967004259618e-01 8.125266624579436936e-01 8.092525313154702582e-01 8.136211917753244371e-01 8.118232082325252952e-01 8.101737816492265987e-01 8.139971676235050468e-01 8.109016214250945875e-01
3.354027997576005532e-02 1.623763683692052151e-01 3.613377393667957516e-01 5.871704251105727135e-01 4.628825149196955091e-01 5.361509607239798303e-01 7.713383284155005404e-01 7.528081709584459880e-01 8.117537645015482362e-01 7.366350349465420333e-01 1.000000000000000000e+00 8.596004815229359997e-01 7.873564331282050244e-01 7.893106512591928636e-01 8.744605620334068297e-01 8.559331872094406712e-01 7.954814660550333372e-01 7.658259112981917749e-01 8.080731314155690237e-01 6.961259916970307104e-01 7.779901095363687125e-01 8.392920697138480657e-01 7.985981454522314005e-01 7.330502433635435189e-01 7.852738542304265046e-01 8.470011986157797157e-01 8.441500769650401859e-01 8.331262755344227555e-01 7.987040800998530532e-01 8.431863945636257629e-01 8.886148768692267996e-01 8.677683695980484835e-01 7.971248968779942601e-01 8.542288550921224299e-01 8.452655905603718711e-01 8.359739380670222486e-01 8.589876246107714941e-01 8.653620015134942944e-01 8.803717193348314929e-01 8.507592799089400692e-01 8.842621993657555635e-01 8.786144248267502288e-01 8.626604059447033901e-01 8.869127726293802860e-01 8.810689970472838084e-01 8.809980778976285176e-01 8.902372294018110477e-01 8.913995185766718787e-01 8.850030411713198930e-01 8.553296566276661350e-01 8.701834664594086943e-01 8.600326532401483259e-01 8.837514918702317201e-01 8.792404842460125325e-01 8.723739186592112116e-01 8.895453339614652899e-01 8.726756827027803975e-01 8.856493092584200033e-01 8.753072918227373655e-01 8.874961511067731568e-01 8.878984814637537193e-01 8.853931427390466791e-01 8.782213262378530949e-01 8.849409299652480909e-01 8.857474933534106309e-01 8.840523811721386904e-01 8.928587995077402750e-01 8.907814983654837038e-01 8.924110197409298451e-01 8.841928783989337903e-01 8.846609383992558584e-01 8.928212139407144532e-01 8.751520616350108028e-01 8.828955968633001028e-01 8.935620694827520749e-01 8.919923689353658203e-01 8.884137601638898429e-01 8.792794309445925993e-01 8.892308068046486103e-01 8.894653272079827699e-01 8.888791528470458836e-01 8.957220591170168555e-01 8.915907416631390081e-01 8.894476243113978997e-01 8.854072739037597284e-01 8.898243436317595512e-01 8.927706880687901192e-01 8.928237409526954549e-01 8.935792962193469524e-01 8.923570194791294874e-01 8.898532033938710839e-01 8.948734878830906236e-01 8.942218664924581617e-01 8.943282697633547773e-01 8.938091844143527531e-01 8.952164175532397739e-01 8.879947943575203784e-01 8.811406918802804356e-01 8.920232233971129299e-01 8.912082590475093324e-01 8.943086250437389806e-01 8.881310314599841771e-01 8.944393482659031003e-01 8.956898496091634243e-01 8.944035868731323724e-01 8.860989609614777773e-01 8.919324310341808504e-01 8.939889250428499912e-01 8.948667231057189086e-01 8.950306458695761469e-01 8.930451518019887347e-01 8.928864885344641733e-01 8.929850615141413650e-01 8.925779551171871828e-01 8.926274380538358200e-01 8.896325716121480376e-01
2.481545814348829621e-02 1.432404188642306397e-01 3.641229123422411451e-01 6.554981883326526093e-01 4.837858895819259764e-01 5.675357920595853756e-01 8.173793114417714500e-01 7.993351840292127752e-01 8.415404652945789321e-01 7.522289080558698382e-01 8.596004815229359997e-01 1.000000000000000000e+00 8.268716523078224467e-01 8.274346837307234859e-01 9.211979621855108658e-01 9.195479004362144826e-01 8.482995078730447558e-01 8.116138134181581920e-01 8.587031669919007459e-01 7.508690026769045955e-01 8.439396117388709984e-01 9.014985166840405739e-01 8.070801089559840324e-01 7.682527473403359952e-01 8.201935126012556143e-01 8.734836228566073002e-01 8.700878842555618276e-01 8.469346597828294465e-01 8.046781387225446780e-01 8.534074076249895668e-01 9.083251400923505470e-01 9.067228977349440777e-01 8.123085796772605560e-01 8.860128455666698155e-01 8.778450903417713835e-01 8.665443215008002964e-01 8.787385927649088435e-01 9.118738345097369136e-01 9.211949801785456193e-01 8.765074658198245272e-01 9.204739669420189951e-01 9.207940254679939374e-01 9.109927379912509116e-01 9.360195740766011907e-01 9.170829346000562987e-01 9.191051690397359364e-01 9.345813220133003529e-01 9.341119267934531178e-01 9.334448439636713335e-01 9.098436735224620930e-01 9.231651400675040531e-01 9.025767466804707206e-01 9.254323150955888755e-01 9.232804563988249447e-01 9.182420143341815111e-01 9.247060552608759032e-01 9.267537892089353635e-01 9.336073835463889470e-01 9.287905248035827066e-01 9.398541483512499184e-01 9.392121681614689077e-01 9.388498758209186112e-01 9.384033885170891542e-01 9.384516368228963401e-01 9.342077472904209978e-01 9.366787432764133170e-01 9.378988336641369550e-01 9.360765764844791725e-01 9.292802824429053921e-01 9.362282376333455058e-01 9.390160748502893728e-01 9.372877157678174420e-01 9.146599440974312323e-01 9.250096985416730311e-01 9.290393456400555250e-01 9.325800621106206112e-01 9.210946779682038787e-01 9.105483742416484727e-01 9.226066965086490157e-01 9.235051526257512799e-01 9.232705950724323651e-01 9.319494586612696585e-01 9.301379431029045408e-01 9.214942392550466987e-01 9.249521426783038347e-01 9.276988222219255675e-01 9.266347632806791745e-01 9.345126804246050023e-01 9.348432625741338597e-01 9.286706301939136043e-01 9.215777329114785976e-01 9.360426719827702469e-01 9.323315545473342958e-01 9.354477292970472257e-01 9.377681358933119826e-01 9.381775436150312508e-01 9.282424004348729385e-01 9.338862026830768714e-01 9.396581323571088218e-01 9.335047299402831067e-01 9.367909510504327519e-01 9.397406123912200870e-01 9.359755231690576327e-01 9.419046576840458540e-01 9.402723189860382469e-01 9.322322984787769773e-01 9.382804091213131636e-01 9.346620584447755675e-01 9.335152369725273624e-01 9.396848355935614183e-01 9.381776409042942300e-01 9.407704598970297871e-01 9.396845326552510924e-01 9.417095552611128850e-01 9.383068053217442639e-01 9.404182965537261074e-01
6.165143126888146530e-02 1.762231255032463695e-01 3.388258717845533674e-01 5.607759492017451164e-01 4.687400249045545753e-01 5.075955342101435841e-01 7.436352990212835579e-01 7.232746166817954903e-01 7.862367193227399742e-01 7.019668693147422811e-01 7.873564331282050244e-01 8.268716523078224467e-01 1.000000000000000000e+00 7.623615961181219314e-01 8.449787071030634422e-01 8.377214633850929015e-01 7.702494005529061383e-01 7.330684125589619349e-01 7.715401397271063333e-01 6.639959457045685465e-01 7.413157887774277643e-01 8.075296922261940846e-01 7.521292470640379424e-01 6.979241280372711076e-01 7.425768005840802655e-01 8.049873575281351057e-01 7.941651781824028422e-01 7.889401393025937681e-01 7.572546352497518951e-01 7.942464139442959592e-01 8.325911417937824632e-01 8.189725115679371559e-01 7.507250331722760128e-01 8.015340223519739071e-01 8.104444366605125794e-01 7.767460683437119595e-01 8.114813345695033320e-01 8.205604885186724706e-01 8.392076713360602236e-01 7.943468854672758317e-01 8.417604363248343269e-01 8.334008287998388997e-01 8.253411147786094970e-01 8.533100316699973042e-01 8.359315930313755416e-01 8.407775085598729881e-01 8.535974364002547610e-01 8.560398048974365848e-01 8.508444326235551358e-01 8.046617342447466292e-01 8.260740886305789621e-01 8.092067979393681165e-01 8.426174826287029518e-01 8.476734252308052442e-01 8.374491426120372894e-01 8.410281187277632853e-01 8.394672399519591544e-01 8.537573404849206904e-01 8.367613267170022073e-01 8.680812006447160556e-01 8.554654703533394189e-01 8.571232276160140051e-01 8.488000890935607501e-01 8.554608885239667337e-01 8.539373670309100550e-01 8.597182280342863248e-01 8.569041104201075010e-01 8.552073539078417497e-01 8.532633566882300569e-01 8.497295870198789958e-01 8.508590404380020900e-01 8.589990203875367270e-01 8.361895455438533853e-01 8.418983480400767938e-01 8.547262821285235290e-01 8.523637952086411396e-01 8.469682673323920552e-01 8.417935831523503110e-01 8.489487954192429520e-01 8.511370090714281966e-01 8.497766872423401230e-01 8.553171776059788067e-01 8.481416260491290160e-01 8.482403703556788965e-01 8.400036294878826526e-01 8.477381164653610135e-01 8.487107681667306336e-01 8.531717150063639066e-01 8.531802119579828814e-01 8.522844486875638115e-01 8.443652938874559588e-01 8.546975154480231929e-01 8.549553612791507273e-01 8.558335795876012009e-01 8.585042014866617333e-01 8.596731445775636082e-01 8.422782978113844132e-01 8.450049156501941994e-01 8.546323606275788576e-01 8.495375783587141294e-01 8.534560100722545783e-01 8.533363617433060710e-01 8.574748011343763521e-01 8.590162816572725069e-01 8.543063713963940931e-01 8.521525225135576642e-01 8.551504318503508895e-01 8.580437412096105776e-01 8.575109617902124670e-01 8.594085677220021369e-01 8.533052130226136400e-01 8.642821516216203648e-01 8.588333356330570822e-01 8.586895516886191571e-01 8.586762758271484497e-01 8.594456946312215573e-01
