1.000000000000000000e+00 1.269349815991182018e-01 1.005320393244885369e-01 1.218672320273444902e-02 2.443747485980506465e-02 4.620030349637868042e-04 2.504336726324328175e-02 2.814483153406852067e-02 1.170843424754167000e-01 4.361192848135998779e-02 3.885182101887988543e-02 1.042882324921390672e-02 9.350958468350359506e-04 1.807254601063618474e-02 6.443010851281869532e-03 2.697314838368850345e-02 8.047179552762732946e-02 1.375761449166247596e-01 8.480855992083541350e-02 8.412477885987117154e-02 2.572657767841510235e-02 4.501922687782016624e-02 1.503926783384000321e-01 1.207187023836157197e-01 8.930517157431032416e-02 1.153349625390200500e-01 8.353945598802522965e-02 6.457179606434979013e-02 9.370322742540936056e-02 1.300591564830265445e-01 8.296323288703509602e-02 7.772738493918314451e-02 8.041950532983953293e-02 6.820225181580040485e-02 1.054082524360570317e-01 7.934073047524861644e-02 9.269181321411185115e-02 2.550084992899176450e-02 4.744462245086341484e-02 2.970608249680663920e-02 3.206745458661911657e-02 1.396676619351610617e-02 1.951875330711483683e-02 3.002096800161530021e-02 4.844320599347300138e-02 1.894035950563999204e-02 9.447114894487055117e-03 1.882887229326385414e-02 1.895304705248467350e-02 3.340869238111893874e-02 1.544801446663572261e-02 1.899681319381493413e-02 3.398729146366370746e-02 3.936972739188449727e-02 3.861862323729079588e-02 4.533726770519132254e-02 5.973052957774857563e-02 1.640743861625367297e-02 1.560016814664227230e-02 4.105510130334073804e-02 2.395752034014632381e-02 2.887116571200129544e-02 2.322829538451753537e-02 3.375036398283366712e-02 4.049651660123552988e-02 3.927593376083721860e-02 1.966543498654554911e-02 3.338924888659096368e-02 4.012496717629625981e-02 3.496956235270481245e-02 8.209090942854766967e-03 2.817234419392196723e-02 5.258913059355242725e-02 4.141549286636117544e-02 4.149279657465352461e-02 2.674263713881262425e-02 2.535158200985215479e-02 4.511694694020468993e-02 2.380328664942075317e-02 5.457114334335225886e-02 4.584843734975507096e-02 3.888924740587740292e-02 3.832990390706060568e-02 3.972327953414721280e-02 2.340095064066691211e-02 3.395650491516422759e-02 3.848711625383796631e-02 9.298688098093772086e-03 1.972424174038234224e-02 3.650153057876397850e-02 1.006315827146644394e-02 1.018089544164662956e-02 1.875118023780700943e-02 1.243791174318517601e-02 3.209921735357357166e-03 1.387596935453481312e-02 3.242073576929066503e-02 4.219659664633797908e-02 1.354086534726762006e-02 1.368976873519520999e-02 1.247468019835558384e-02 2.080427453299808424e-02 1.770219440328834812e-02 1.446488732449496828e-02 2.001362223234469731e-02 3.577907590377773367e-02 1.862966982885970457e-02 2.116526613283532463e-02 2.460228670106597362e-02 1.012777282434958528e-02 1.237154338186871420e-02 2.956781154490686556e-02 1.528801726082097863e-02 2.149963003762125208e-02 3.024598869651145064e-02 2.714686275272232968e-02
1.269349815991182018e-01 1.000000000000000000e+00 4.675350268782515334e-02 4.793332685756794553e-02 7.308311929618306613e-02 1.207323261218628124e-01 1.428343084128922413e-01 8.969993515402653605e-02 1.769698894840523451e-01 1.791828310488031983e-01 1.570281854342806260e-01 1.323247420509603145e-01 1.382797499950605136e-01 1.524201866954918716e-01 1.594654588002401285e-01 1.369595019918840584e-01 1.431949536520394917e-01 2.026452223377548101e-01 1.806977656860916104e-01 1.481525735283796830e-01 1.070861704973608691e-01 1.221278359638104244e-01 2.218226007798841382e-01 1.986818049457810820e-01 1.796328548269879033e-01 1.882990807955166879e-01 1.731110363641980843e-01 1.789671135613195019e-01 1.837230837049777521e-01 2.176355819351434295e-01 1.961313971360363895e-01 1.864430246464945096e-01 1.656167282282599018e-01 1.776477378974458121e-01 1.992085055437292918e-01 1.543617097797108095e-01 1.966617827402985796e-01 1.691363553366548589e-01 1.744530596889209140e-01 1.607720978973664616e-01 1.711638494349635997e-01 1.483078077884136536e-01 1.483817466511356264e-01 1.605365604369423105e-01 1.542814635003647572e-01 1.631070768924062775e-01 1.569743565806071273e-01 1.696388713503923784e-01 1.604952707170348991e-01 1.540910380901167887e-01 1.581755693187556489e-01 1.259055530014163982e-01 1.500269265094294757e-01 1.681910202931256870e-01 1.726469505540925709e-01 1.769233920016534400e-01 1.537151599401370416e-01 1.532564458155223908e-01 1.643195674435300180e-01 1.524202455608093809e-01 1.486984871371373751e-01 1.577008286409475601e-01 1.564553057553410009e-01 1.505785350167687664e-01 1.550029533669355641e-01 1.587774015778005976e-01 1.661261679135170310e-01 1.763243818095527049e-01 1.859638090062596949e-01 1.633640359785135110e-01 1.445663300897336301e-01 1.600441428195303606e-01 1.832585126376415352e-01 1.749234308007237837e-01 1.737936223274240410e-01 1.736078627938776597e-01 1.704311289324086376e-01 1.765414186491726656e-01 1.654392360382197225e-01 1.856084407382353474e-01 1.802912547077610284e-01 1.777087597823275578e-01 1.732178051153872023e-01 1.749639249371245930e-01 1.600739737624541359e-01 1.677942461567350496e-01 1.725509529060396396e-01 1.664208603131253905e-01 1.630182109465923568e-01 1.729956668316026680e-01 1.642247296027370684e-01 1.612628336303834620e-01 1.625172624803700727e-01 1.639457961863150237e-01 1.571239958506826240e-01 1.641569527425753294e-01 1.539519686680479171e-01 1.458992086357809026e-01 1.534264367073602808e-01 1.592946915029845867e-01 1.562013061827515203e-01 1.532782134978565303e-01 1.528641520923595676e-01 1.535803176163330896e-01 1.526158824246144907e-01 1.568413305291544990e-01 1.582070546248475484e-01 1.706705870671169079e-01 1.721589188331183184e-01 1.574636659232737379e-01 1.565742299026734174e-01 1.566543300828525942e-01 1.559503663534103635e-01 1.524530373358705670e-01 1.570306372840470366e-01 1.562523434395793887e-01
1.005320393244885369e-01 4.675350268782515334e-02 1.000000000000000000e+00 3.609687756991273866e-01 2.404266456355548254e-01 2.467491325629534160e-01 3.751205507560185226e-01 3.428752690710373807e-01 3.318792396611474071e-01 3.007807460475893646e-01 3.762030083191322261e-01 3.988439464984974703e-01 3.239886684713867426e-01 3.001759907647003622e-01 3.739618774367094445e-01 3.875818860635576457e-01 3.380182827629986675e-01 3.946007623682610821e-01 3.802520056059475739e-01 3.939658314815810414e-01 3.738367489261643639e-01 3.737100151583623853e-01 4.046844987111066771e-01 3.954393366552418354e-01 3.971550371077334218e-01 3.997246056391931535e-01 3.968832087258247210e-01 3.961405064686240318e-01 4.110840286582807535e-01 4.076290105510623207e-01 4.131569603656184975e-01 4.228823819370333137e-01 4.023564441103109068e-01 4.274459667158285181e-01 3.936622545171347687e-01 4.184882903439891555e-01 4.119257998898249729e-01 4.035157730978499169e-01 4.073713796711722068e-01 4.094488799104785137e-01 3.944531958066866406e-01 3.931467406516632734e-01 4.048454973257422651e-01 3.951962185762399327e-01 4.044443366063793510e-01 3.867066857643265410e-01 3.763526813279967076e-01 3.752529695867042880e-01 3.859196401494749962e-01 4.140060414320105298e-01 3.971155899245916721e-01 3.776692207077190777e-01 3.863878845615233981e-01 3.694044726095691011e-01 3.766080482653484940e-01 3.724792238961269764e-01 3.764917021375126516e-01 3.801940836447480487e-01 3.821370253129086070e-01 3.764671507983027299e-01 3.768124750309718718e-01 3.735969235110312980e-01 3.671253932802445719e-01 3.884733207318481485e-01 3.778434180090057826e-01 3.701396356071272042e-01 3.770260214200521487e-01 3.867049275439753964e-01 3.971261945830985018e-01 4.043735313876269388e-01 3.947285853349646878e-01 3.861329384864323755e-01 4.044156982553849811e-01 3.976368069856475729e-01 3.892545924014456094e-01 3.867195258205523012e-01 3.888207469452900633e-01 3.922966352585157690e-01 3.945492587096215420e-01 3.918996640398993425e-01 3.905109915551494559e-01 3.947489702424447633e-01 3.956378277402795574e-01 3.886150552610058706e-01 4.009909852417058995e-01 4.051162151884218909e-01 4.008075908306910073e-01 3.895738894834214761e-01 3.917352537277443703e-01 3.829321613003457969e-01 3.923121642689650912e-01 3.874436143436350011e-01 3.931426863886227085e-01 3.861101563144288540e-01 3.722514931240820668e-01 3.746832469633493701e-01 3.939483408497964634e-01 3.771456596464617950e-01 3.791977823892297428e-01 3.927894696304378708e-01 3.868673772558295920e-01 3.808687520909140312e-01 3.817285950673869888e-01 3.858372206026817186e-01 3.835638946414679507e-01 3.729394532054016165e-01 3.785766438296008785e-01 3.734260542957941187e-01 3.777476747118602152e-01 3.813059559614861427e-01 3.819460140889751609e-01 3.759015028252398749e-01 3.759503788862395557e-01 3.802861050854124958e-01 3.788329709402461498e-01 3.733195763871384187e-01
1.218672320273444902e-02 4.793332685756794553e-02 3.609687756991273866e-01 1.000000000000000000e+00 3.352956166456654841e-01 3.824585559015710179e-01 5.811406901376764411e-01 5.634634548999006842e-01 5.024702052413776432e-01 4.533540476755746895e-01 5.691322297674364927e-01 6.340643964970444912e-01 5.404959315240089879e-01 4.507860668392050241e-01 5.995477828755244598e-01 6.152134394534746198e-01 5.363078236360907525e-01 5.041774111353934940e-01 5.243913166200293574e-01 5.862295470762509675e-01 6.132340743410731321e-01 5.883543882730426500e-01 4.737231455354292131e-01 4.945034856293285541e-01 5.461807038239063772e-01 5.599587606638485315e-01 5.756325607656666010e-01 5.628814342851231611e-01 5.707077575821626336e-01 5.588022820354934250e-01 5.774103548177573764e-01 5.766268598675958756e-01 5.348089177714518971e-01 5.842114676396790163e-01 5.333783150721531641e-01 5.938969244994758423e-01 5.593080716351365167e-01 5.772383564450704885e-01 5.967161213744585080e-01 5.854635792391856830e-01 5.861246459696044520e-01 6.019229175465193871e-01 6.188890376057104570e-01 6.119883903999153718e-01 6.046912448937328266e-01 5.855893644100382822e-01 5.898311328660905684e-01 5.774813246578286430e-01 5.893055547336955025e-01 6.075423190730404599e-01 6.094708303839991848e-01 5.961586063091868226e-01 5.952230596189564960e-01 5.656311831433527004e-01 5.673378581827533962e-01 5.584216560117413186e-01 5.871401792216424109e-01 5.972987662354239946e-01 5.889007937512878987e-01 5.931422045313498037e-01 6.017704394368781351e-01 5.879405073394320391e-01 5.765357214463793234e-01 6.046479788695710011e-01 5.857737198356359754e-01 5.818918829142446514e-01 5.826895324106756702e-01 5.820014886148984212e-01 5.846687295889474445e-01 6.201740936515967029e-01 6.145330173733889456e-01 5.902357204113384270e-01 5.775059965261878370e-01 5.811037852708602625e-01 5.900757430995424713e-01 5.932822980975818172e-01 5.891186342122090025e-01 5.862352823126600887e-01 5.967554094954242716e-01 5.844883770272883972e-01 5.788771934752724446e-01 5.900968049575543439e-01 5.887806183812408500e-01 5.783503992999752263e-01 6.006490672062692049e-01 5.997790400694030799e-01 5.939605163846310987e-01 5.923484128611743449e-01 5.911176197144092370e-01 5.769004070357692804e-01 5.931635377849572288e-01 5.962650205950742466e-01 6.018094980472206146e-01 5.958766613332705520e-01 5.852021324328853247e-01 5.837271563086775528e-01 6.126661506574100358e-01 6.073508655253065935e-01 6.033721753344583050e-01 6.060346086871964966e-01 6.082935609556699985e-01 6.010697012760337632e-01 5.979616631923583281e-01 6.072552682446006322e-01 6.025494876505589348e-01 5.914669902186835415e-01 5.903625195529644820e-01 5.763066966248947542e-01 5.796613529484698768e-01 5.951299548988208121e-01 5.950092223712679651e-01 5.948558087872696243e-01 5.947214938820759578e-01 6.004509164484379546e-01 5.929859917726938434e-01 5.902890266789129203e-01
2.443747485980506465e-02 7.308311929618306613e-02 2.404266456355548254e-01 3.352956166456654841e-01 1.000000000000000000e+00 3.067507498658353371e-01 4.664509165164630877e-01 4.416751134452334693e-01 4.410024846635178797e-01 3.935433707736512576e-01 4.553737022578918103e-01 5.006999431093057673e-01 4.624860223133108739e-01 3.887032572988415313e-01 5.032114637576444727e-01 5.143929873497460337e-01 4.551760026702965090e-01 4.323171359761919796e-01 4.512225050251589820e-01 4.344482480635249444e-01 4.509737929440470472e-01 4.566123572521309515e-01 4.132930916702399760e-01 4.100160920401340059e-01 4.571915627429850026e-01 4.728857318516099251e-01 4.604079006249150452e-01 4.692006912864468138e-01 4.748069321651871011e-01 4.731199136996956378e-01 4.904077466589154000e-01 4.699904807165227738e-01 4.381238973560289129e-01 4.624454073906733576e-01 4.535365017040174918e-01 4.581879259207616850e-01 4.723553411326811835e-01 4.802505918220510428e-01 4.981783539046761300e-01 4.787511194177475615e-01 4.956704112472607449e-01 4.979558533106344664e-01 5.036843621961971662e-01 5.125667232457319367e-01 5.021779524105319803e-01 4.998871938167698814e-01 5.078785196295414472e-01 5.037028648919466001e-01 5.024555250690175834e-01 4.824550750806958499e-01 4.984218788332870353e-01 4.939797223987487107e-01 5.059456915006808053e-01 5.009753023648975123e-01 5.006678914839198802e-01 4.978568999413164331e-01 4.902284998876893507e-01 5.142565879599041434e-01 4.962758536728145153e-01 5.145054538384683518e-01 5.088210826728659653e-01 5.073917031641501652e-01 4.971718359313703206e-01 5.019540845208828594e-01 4.999786565147820716e-01 5.029445058003176872e-01 5.041551831261564809e-01 5.025066613959406903e-01 4.984164567168202775e-01 5.089423411361905236e-01 5.071147071904205106e-01 5.049822072925334027e-01 4.889189034960525482e-01 4.965979626113687928e-01 5.053775824629958002e-01 4.981898522848687283e-01 4.991263812922862031e-01 5.052802338286366268e-01 5.049637110898268499e-01 5.019071934681766933e-01 4.982305870252817237e-01 5.040520072038133792e-01 4.987199568940023919e-01 4.938338788648759525e-01 4.963987361549023758e-01 5.007146051121168506e-01 5.003472985706874931e-01 5.024657932525351534e-01 5.040956404993947038e-01 5.049457476098837549e-01 5.003719775487509569e-01 5.076848149530261978e-01 5.070241350231292632e-01 5.093993020900526858e-01 5.045817851398435305e-01 5.062948676921592561e-01 4.946700818449653037e-01 5.000701831600923297e-01 5.057800844922649697e-01 5.065997866757374624e-01 5.067198695061679858e-01 5.042778852307854276e-01 5.084573736818215339e-01 5.105045005872238528e-01 5.070242744535587986e-01 4.955560867686624738e-01 5.048719777289031319e-01 5.037849234001893217e-01 5.039436003942752151e-01 5.068582962130471214e-01 5.040445455616902048e-01 5.112284807488343130e-01 5.085040744357770537e-01 5.048507228611208708e-01 5.048689085944878530e-01 5.064571447254631043e-01
4.620030349637868042e-04 1.207323261218628124e-01 2.467491325629534160e-01 3.824585559015710179e-01 3.067507498658353371e-01 1.000000000000000000e+00 5.393594668519475777e-01 4.639485842815302963e-01 5.495113834246452278e-01 4.944864581335041143e-01 5.687234887376458881e-01 5.971699358665405466e-01 5.488476422021365542e-01 4.771887405294223949e-01 6.050886758350167982e-01 5.844660151531835268e-01 5.699482811285788708e-01 5.385092114072500546e-01 5.630883931607922888e-01 5.044428649257111097e-01 5.337117089677013704e-01 5.757129877566459220e-01 5.219083738176740761e-01 5.172346693541972629e-01 5.655831753389995997e-01 5.744350998233882510e-01 5.690526443451210392e-01 5.872205542786177457e-01 5.827048927405633627e-01 5.803327305436174477e-01 6.070557722964396996e-01 5.892028063532882554e-01 5.441019019968575954e-01 5.798792170251938494e-01 5.674706891158886046e-01 5.684686293754822595e-01 5.862222618337903368e-01 5.904149688653886896e-01 6.067965705637442531e-01 5.896253252807043266e-01 6.108047541982225548e-01 6.068973119391213311e-01 6.031701521290991908e-01 6.244826535190811656e-01 6.114082619744160008e-01 6.190058101294915183e-01 6.254077626509755294e-01 6.207468136122623603e-01 6.185990905712172028e-01 5.967515223114583378e-01 6.091562739054798836e-01 6.011933257424622035e-01 6.208761206453067283e-01 6.141780695015502944e-01 6.101542515758027196e-01 6.088442436726909657e-01 6.071940501317939498e-01 6.247541784612308247e-01 6.131584941317305137e-01 6.222423181597133146e-01 6.190970447910056906e-01 6.187928675316948235e-01 6.106569580065019931e-01 6.144707188438833789e-01 6.207602425975167204e-01 6.232022782038961761e-01 6.223373424709225388e-01 6.228817878568084776e-01 6.204843926494582051e-01 6.234390654875046067e-01 6.255835324466426650e-01 6.279306703070016704e-01 6.088589735487527355e-01 6.186623187711024485e-01 6.240097666068596949e-01 6.226834876032951716e-01 6.218534556444427208e-01 6.252278534314933411e-01 6.278087331589061737e-01 6.198366756335534911e-01 6.221744401465046925e-01 6.245644751972359021e-01 6.217508447327390053e-01 6.197698155778974538e-01 6.210504598257906572e-01 6.217529558803139844e-01 6.201838157074810454e-01 6.264608405646402423e-01 6.262467647887658417e-01 6.226261212430650449e-01 6.198162988254963812e-01 6.276509668734967518e-01 6.262598879056041623e-01 6.280616276144593835e-01 6.266666580467183945e-01 6.254744106736671583e-01 6.191523487836995132e-01 6.242169758615717656e-01 6.267772990554952850e-01 6.267372802701951517e-01 6.287654176679828844e-01 6.267831944275134015e-01 6.285905138629148681e-01 6.273104436184007149e-01 6.289071383567729212e-01 6.208253366512562765e-01 6.266371206345945355e-01 6.257143750573161967e-01 6.232906108252325161e-01 6.269889817234461926e-01 6.256227253203487937e-01 6.293814430520172643e-01 6.277553404230615808e-01 6.281755725105188093e-01 6.271709713104639539e-01 6.295399210986400984e-01
2.504336726324328175e-02 1.428343084128922413e-01 3.751205507560185226e-01 5.811406901376764411e-01 4.664509165164630877e-01 5.393594668519475777e-01 1.000000000000000000e+00 6.777654328863567113e-01 7.334288869314293802e-01 6.645619564427414083e-01 7.808803679888847160e-01 8.062430646833653736e-01 7.312781306772727641e-01 6.365688605681839585e-01 8.398060834888979587e-01 8.049914102808747307e-01 7.380210776154392249e-01 7.471869068485829102e-01 7.696698594685495998e-01 7.153761868169212779e-01 7.468116148675071342e-01 7.734163285694668488e-01 7.296837981043933219e-01 7.170073563737683342e-01 7.768019502234110307e-01 7.971470997673749670e-01 7.905075472146858573e-01 8.005499294836705415e-01 8.016922851709692432e-01 8.064556378613347842e-01 8.301323187580087470e-01 8.128825127083720847e-01 7.573852884753023984e-01 8.060076279436407809e-01 7.769863790256462677e-01 7.752485100949128016e-01 8.062981237439553750e-01 8.226797456514202134e-01 8.270754323361854121e-01 8.081923740710151849e-01 8.284535460328469325e-01 8.299367733274167769e-01 8.224708764272380401e-01 8.388278245972768943e-01 8.228196867538530856e-01 8.303822250112489201e-01 8.272568365322122697e-01 8.267308549972670617e-01 8.246120812936448274e-01 8.111569040057103885e-01 8.304772135610599681e-01 7.816038789184670543e-01 8.125784243796653206e-01 8.127041607914278210e-01 8.169521203796793474e-01 8.204352653382778193e-01 7.953548156097625110e-01 8.292453914341223475e-01 8.237289871076728387e-01 8.222858578856740985e-01 8.192967325052369354e-01 8.170014523312527643e-01 8.052181567858833766e-01 8.189031539610016619e-01 8.149049964010057767e-01 8.111494782079011756e-01 8.273450452574583336e-01 8.326606588764750017e-01 8.351165251411575285e-01 8.395093206141543973e-01 8.357817598412771165e-01 8.320850201846160532e-01 8.212412019214068160e-01 8.274080042542772961e-01 8.367411320098182559e-01 8.332715356956067465e-01 8.363919553927727790e-01 8.336929957867719176e-01 8.411596437391927195e-01 8.321328695515712859e-01 8.327925796752747578e-01 8.362545410846184968e-01 8.305288292891330748e-01 8.294034105197284346e-01 8.332378320036711861e-01 8.354059069896857537e-01 8.308405248356136585e-01 8.387945066864220811e-01 8.355774597230540834e-01 8.294156953032395529e-01 8.335142886334963030e-01 8.378839321526523332e-01 8.352299462568519850e-01 8.402119533067313739e-01 8.253390150218269383e-01 8.297792558439767152e-01 8.227909207641141975e-01 8.143747393382738675e-01 8.267337791989437523e-01 8.377261354728663401e-01 8.341261806256683453e-01 8.273177042606391085e-01 8.269419718932278229e-01 8.356055657226600930e-01 8.265837735176008172e-01 8.114472803993432182e-01 8.277131973640917684e-01 8.291289537366125506e-01 8.287737680921019034e-01 8.318519314070169646e-01 8.310649674044697788e-01 8.281396519938444278e-01 8.268200963833135519e-01 8.274649321009285297e-01 8.245862798195968679e-01 8.213021916157564606e-01
2.814483153406852067e-02 8.969993515402653605e-02 3.428752690710373807e-01 5.634634548999006842e-01 4.416751134452334693e-01 4.639485842815302963e-01 6.777654328863567113e-01 1.000000000000000000e+00 6.592592954490968937e-01 5.676404850283827130e-01 6.999343417805674594e-01 7.489613835583438517e-01 6.857273033987423272e-01 5.602311273152495996e-01 7.401465959568256370e-01 7.801734956991843717e-01 6.702268268087695491e-01 6.327043761389283816e-01 6.549346906847621774e-01 6.494584320681778822e-01 6.997180704024701381e-01 7.043652723753823786e-01 5.914347398323701599e-01 5.785119431020194769e-01 6.631549057570588213e-01 6.885740373708113538e-01 6.979782107548373471e-01 6.760398634753840286e-01 6.782632028238837485e-01 6.937189350752025474e-01 7.187267002343198374e-01 7.146740732490004522e-01 6.715192100377466167e-01 6.992552156687493747e-01 6.745184440325414643e-01 7.095373183329003464e-01 6.935318228063426238e-01 7.229358819485123266e-01 7.419791156715391800e-01 7.101468726516481089e-01 7.284943887413372066e-01 7.477720940325638388e-01 7.577931073781705162e-01 7.622004179057992879e-01 7.423735569211473706e-01 7.366393442623776489e-01 7.504603384295511770e-01 7.363255980450867932e-01 7.470614489313248674e-01 7.432344390069689499e-01 7.494165018087716179e-01 7.226891055664753649e-01 7.480059826747453844e-01 7.340241769248807557e-01 7.323704401183285251e-01 7.181824893391074438e-01 7.503729022013573280e-01 7.564868072947973365e-01 7.483783075227531389e-01 7.653633416957601465e-01 7.628075785819603549e-01 7.603395610906840130e-01 7.425955652252103079e-01 7.634255276561996428e-01 7.440754501864618176e-01 7.463741167738547899e-01 7.399850356965593789e-01 7.350232319100640233e-01 7.320220518917684993e-01 7.555495679780453999e-01 7.566126325205703163e-01 7.460619437995026360e-01 7.120560391021506508e-01 7.223354839391037396e-01 7.415480135809020545e-01 7.410084065427225974e-01 7.341320456805378036e-01 7.321652874726481963e-01 7.384049764342806021e-01 7.382829615981277849e-01 7.303569371899301110e-01 7.402383700583780035e-01 7.424966202199601017e-01 7.378008684330563671e-01 7.414350935064262238e-01 7.416647839525376540e-01 7.436369241310815115e-01 7.425532925597596590e-01 7.470079004132308409e-01 7.381493438004416152e-01 7.383568603615174863e-01 7.495704714503240718e-01 7.501540256179258792e-01 7.496880734937545476e-01 7.452757752061222041e-01 7.435426600382150086e-01 7.588904917981293963e-01 7.587834260450544432e-01 7.577310221127996348e-01 7.548725448115123360e-01 7.585289410067924676e-01 7.605937888634028976e-01 7.556348324682787831e-01 7.624274909175627890e-01 7.488439537346890384e-01 7.530667313504105786e-01 7.506927632375653969e-01 7.391385392660773102e-01 7.439292816821063692e-01 7.533706306627430127e-01 7.566450067591249384e-01 7.579766226660190620e-01 7.589277793838674624e-01 7.599998071725883042e-01 7.506478506413688523e-01 7.502350571248270761e-01
1.170843424754167000e-01 1.769698894840523451e-01 3.318792396611474071e-01 5.024702052413776432e-01 4.410024846635178797e-01 5.495113834246452278e-01 7.334288869314293802e-01 6.592592954490968937e-01 1.000000000000000000e+00 7.154818241046981830e-01 7.960068207198677248e-01 8.198744366805877926e-01 7.616735365212166098e-01 6.384499997878054778e-01 8.374006181157104267e-01 8.155592689264538064e-01 8.125775980135965249e-01 7.835656255192635644e-01 8.070137252233970937e-01 6.996282805759744816e-01 7.339128640633665324e-01 7.862223185966833450e-01 7.761150876426246015e-01 7.437095970360794173e-01 7.998220503120637703e-01 8.306744153804083153e-01 8.204801585215283355e-01 8.237562079891282973e-01 8.176768072973137347e-01 8.467183073764222856e-01 8.671049954266668580e-01 8.473901296207282385e-01 7.838759189913928616e-01 8.224745864195146527e-01 8.241744232285094229e-01 8.027427956932603470e-01 8.309112399899382106e-01 8.423116224257185536e-01 8.585188461610488986e-01 8.240309279588247104e-01 8.594932655678888533e-01 8.493388888496888889e-01 8.287396045403496725e-01 8.641224400189091437e-01 8.546548164470296749e-01 8.581741581542395858e-01 8.684554860204571902e-01 8.774638684595994498e-01 8.698317138323354847e-01 8.417573887437225233e-01 8.569711908914968701e-01 8.205201861318629497e-01 8.561114740062155670e-01 8.793523793078128481e-01 8.715533324496429479e-01 8.743001344259425656e-01 8.609377753919172926e-01 8.657470516741408995e-01 8.652386422609806838e-01 8.774471016723058847e-01 8.655526683415126765e-01 8.676263103506300922e-01 8.578118685189475290e-01 8.661864311201352695e-01 8.737843098824759069e-01 8.787094531112705775e-01 8.757439683564319788e-01 8.752356917333525832e-01 8.750556957112640699e-01 8.654146715539775547e-01 8.613833647685139594e-01 8.731631876373885381e-01 8.586265949134499476e-01 8.618514328581337036e-01 8.764099825550021317e-01 8.736116462429041052e-01 8.708480042458296433e-01 8.739524378320654430e-01 8.711886051974366829e-01 8.804275187218343346e-01 8.772010420414291243e-01 8.793487127945386339e-01 8.745489791994666140e-01 8.725585463941735176e-01 8.608930215043215650e-01 8.682488878910161745e-01 8.689718853138713728e-01 8.677093619172280281e-01 8.721003137539874439e-01 8.755414595027026792e-01 8.624845579128487261e-01 8.711056579619529394e-01 8.703139280035644409e-01 8.719153381466066000e-01 8.694500475876395518e-01 8.765319197169745280e-01 8.534963432098318092e-01 8.644935358558979432e-01 8.653310582717570476e-01 8.663438377185129768e-01 8.609055790778594730e-01 8.701257359813052705e-01 8.713399409863777922e-01 8.693089428194638035e-01 8.683241784475376202e-01 8.675141855031531790e-01 8.754630009972802496e-01 8.766586207399884589e-01 8.753269263836395142e-01 8.718978099562575412e-01 8.676371614950518785e-01 8.782304932759907867e-01 8.696212341413545044e-01 8.737335387988105495e-01 8.772572993672578257e-01 8.775467437736932386e-01
4.361192848135998779e-02 1.791828310488031983e-01 3.007807460475893646e-01 4.533540476755746895e-01 3.935433707736512576e-01 4.944864581335041143e-01 6.645619564427414083e-01 5.676404850283827130e-01 7.154818241046981830e-01 1.000000000000000000e+00 7.111773229502972304e-01 7.257021451191691952e-01 6.750408286110054501e-01 5.690431557384966199e-01 7.604494196731774736e-01 7.261005655511104662e-01 7.176300628771441481e-01 6.992122304732845128e-01 7.270580719864152552e-01 5.925795689372995723e-01 6.479267313477382606e-01 7.153460135112100771e-01 6.929120300563461621e-01 6.564376584909745738e-01 7.188113054594456042e-01 7.420466174580259144e-01 7.406165104641275754e-01 7.518495547614818530e-01 7.295500646470395312e-01 7.603811750923415991e-01 7.824033175707183485e-01 7.657278261838181832e-01 7.159414953787572866e-01 7.364744870266064503e-01 7.341148700491442192e-01 7.076608689652293949e-01 7.500897044101310085e-01 7.706635016332581412e-01 7.760721023559284948e-01 7.556143034509934520e-01 7.825065426807135127e-01 7.758733573755135504e-01 7.432089346045246403e-01 7.768918911197477684e-01 7.705021112946311979e-01 7.784619650885554742e-01 7.909064406354268106e-01 8.017097432373812005e-01 7.876369223982164769e-01 7.475351940996408651e-01 7.764924772115253671e-01 7.159919727153499780e-01 7.612462416944949517e-01 7.957491689612586905e-01 7.856048080683502022e-01 7.923616525630331475e-01 7.461318742980319607e-01 7.822319742963016465e-01 7.805865971142197379e-01 7.830801969737760659e-01 7.703777548754827675e-01 7.766987208330613512e-01 7.596933850926512743e-01 7.729063680612033860e-01 7.804407464182240295e-01 7.809061336537798104e-01 7.989346736867187770e-01 7.965821965842689867e-01 7.964317704502674733e-01 7.779361038633352265e-01 7.824652817957612472e-01 7.948143234719556860e-01 7.745952070992112581e-01 7.818467974300656875e-01 7.983122074935943280e-01 7.988484475170177790e-01 7.951149380928201893e-01 7.892503555033821838e-01 7.934868785099047361e-01 7.973608243826093567e-01 7.955935609350759385e-01 8.012070925846555003e-01 7.923598996798153493e-01 7.941353147676998292e-01 7.839619841883155305e-01 7.861384472612786833e-01 7.902087940737152483e-01 7.967581410796693575e-01 7.963905863519230577e-01 7.976011620403904434e-01 7.919999417463511326e-01 7.958968568288774525e-01 7.937466812502067537e-01 7.955688363866934010e-01 7.970047929268181397e-01 8.000678880151042005e-01 7.656834460807712128e-01 7.644612497900056258e-01 7.836408821586122730e-01 7.892194868957504994e-01 7.795728439561662171e-01 7.848009829969563311e-01 7.861228241899587132e-01 7.875107054144137031e-01 7.848839855727759440e-01 7.767378726755804763e-01 7.950082925958207314e-01 8.044336730444294759e-01 8.001108867724558982e-01 7.912448380242927959e-01 7.902875043401679234e-01 7.917492098449012694e-01 7.886364706820571113e-01 7.887512643559957404e-01 7.895982517830851810e-01 7.905313030628060567e-01
3.885182101887988543e-02 1.570281854342806260e-01 3.762030083191322261e-01 5.691322297674364927e-01 4.553737022578918103e-01 5.687234887376458881e-01 7.808803679888847160e-01 6.999343417805674594e-01 7.960068207198677248e-01 7.111773229502972304e-01 1.000000000000000000e+00 8.612711023771064678e-01 7.853761105754414329e-01 6.714959675963235730e-01 8.722202101690942344e-01 8.419572622329736244e-01 8.023710320208112812e-01 7.810426843563187393e-01 8.238303873738982430e-01 7.322826216018689660e-01 7.772449391102183025e-01 8.184193826256549453e-01 7.741940628348410458e-01 7.560468246512488388e-01 8.211352343447384516e-01 8.424600460631703758e-01 8.393432323433651643e-01 8.482428169911540028e-01 8.388851065950120311e-01 8.541936803208269868e-01 8.871079778730462939e-01 8.696261975202483896e-01 8.114230428110389415e-01 8.526551696103976674e-01 8.318717659812603360e-01 8.315862484743257177e-01 8.619907053536040031e-01 8.718609142373938692e-01 8.838725055803524633e-01 8.598589629681825386e-01 8.847057191108986807e-01 8.847490377461544320e-01 8.720841681886407626e-01 8.926505740937183964e-01 8.845196364298323344e-01 8.820232626353332606e-01 8.905292175779470076e-01 8.910680426150059397e-01 8.936428382701854245e-01 8.789439651866621794e-01 8.892706364825125886e-01 8.577121409216661441e-01 8.785149146322225322e-01 8.857798192282030358e-01 8.854015701705623131e-01 8.829122103453111992e-01 8.705147199593028517e-01 8.896584287554668569e-01 8.871430128785304792e-01 8.884448769552349967e-01 8.899260880573068855e-01 8.848521420192557718e-01 8.749175485411015973e-01 8.872413572991962871e-01 8.822542694311241718e-01 8.863280998728240156e-01 8.933915422584187693e-01 8.958641329437847522e-01 8.938188265614133154e-01 8.935952693891494603e-01 8.934630248086378179e-01 8.959833270416603934e-01 8.815245774638158505e-01 8.890767581841857448e-01 8.983730197818522445e-01 8.938506733319167008e-01 8.952750150639287030e-01 8.932027489539843268e-01 8.953841109350884064e-01 8.961737765561759161e-01 8.931649018806805396e-01 8.993388668966955102e-01 8.942945444555392420e-01 8.905267228780551214e-01 8.932080544976652714e-01 8.964341658363657039e-01 8.947244064284116671e-01 8.959946599160727443e-01 8.970351670904613828e-01 8.929918013545042887e-01 8.947193415770281488e-01 8.986695746426515141e-01 8.996349096913182075e-01 8.984653702955492927e-01 8.942594710179062600e-01 8.961825600976651707e-01 8.872147855974417130e-01 8.878807735975626780e-01 8.946242375394105606e-01 8.978455591504316269e-01 8.950476710580299589e-01 8.945060755424835142e-01 8.942273833893750190e-01 8.975808090146764062e-01 8.965636994788103165e-01 8.858238010691660280e-01 8.975310801532467853e-01 8.947878003167137884e-01 8.964547179657671450e-01 8.972192150705883273e-01 8.952172067369570385e-01 8.946340974560550441e-01 8.922208793540680194e-01 8.958375118153757422e-01 8.938457111988755699e-01 8.924078188840699477e-01
1.042882324921390672e-02 1.323247420509603145e-01 3.988439464984974703e-01 6.340643964970444912e-01 5.006999431093057673e-01 5.971699358665405466e-01 8.062430646833653736e-01 7.489613835583438517e-01 8.198744366805877926e-01 7.257021451191691952e-01 8.612711023771064678e-01 1.000000000000000000e+00 8.238337499627943483e-01 6.928628701351903230e-01 9.063605148147981794e-01 8.996304261719940687e-01 8.287304092605464190e-01 7.925545764787290670e-01 8.309333977133819271e-01 7.838316297958344281e-01 8.392180699171919445e-01 8.568174780934056933e-01 7.660149489535664769e-01 7.530242084473126596e-01 8.348255514541055300e-01 8.586063877652910792e-01 8.668149107829776767e-01 8.620479657382551508e-01 8.553404094424702508e-01 8.625680011141149128e-01 9.042870818696340240e-01 8.830832406744604235e-01 8.158302308764028288e-01 8.666385322884850861e-01 8.335765832869502789e-01 8.619018869426705587e-01 8.647112841468217459e-01 8.930124359137403545e-01 9.103344308379397454e-01 8.829447760086290842e-01 9.108676237565799250e-01 9.178212478657986617e-01 9.159387107856389321e-01 9.322155235981480770e-01 9.143770813355294180e-01 9.142795321311325552e-01 9.270557811960649097e-01 9.226333248718971980e-01 9.261495862997067841e-01 9.079782693838173158e-01 9.236022701902532051e-01 8.965360484854074663e-01 9.202639661151336137e-01 9.151703224311161788e-01 9.115740697049634633e-01 9.031333857882731797e-01 9.086481016602836469e-01 9.299838498070693849e-01 9.216830538168018228e-01 9.305387181982753830e-01 9.318861781812889378e-01 9.260732195579330917e-01 9.113794655624544161e-01 9.280446761239786735e-01 9.179606694520255905e-01 9.231467876653755011e-01 9.261300041182554121e-01 9.220367079433373636e-01 9.169785599813206067e-01 9.327944372150466235e-01 9.352940295160241391e-01 9.270789681512602298e-01 8.984278728723900098e-01 9.126840444687787102e-01 9.270728610549547888e-01 9.247971352876596107e-01 9.204482039249244352e-01 9.189690723057057919e-01 9.259886403120258791e-01 9.201170054082117300e-01 9.165398578968558807e-01 9.269597243022048572e-01 9.209891567671065760e-01 9.155130366517564289e-01 9.191302036190381886e-01 9.206333377926657624e-01 9.204787422643115891e-01 9.245463017588108068e-01 9.257023167070943526e-01 9.193283654434224461e-01 9.212826186925785477e-01 9.302800920696483455e-01 9.331001116845220045e-01 9.309098400973663257e-01 9.285470159117568123e-01 9.285904173546387641e-01 9.213830728240427481e-01 9.268825405024042619e-01 9.329071661936548798e-01 9.319338001421147988e-01 9.321095150700380305e-01 9.319265504035011416e-01 9.316779244253470260e-01 9.359098715400996360e-01 9.314571781807997608e-01 9.210329099179129786e-01 9.304214053585981858e-01 9.235813826516148239e-01 9.246372122367048085e-01 9.329513069940147396e-01 9.300004154455533412e-01 9.326114823701526779e-01 9.306416908803851751e-01 9.328575834432383251e-01 9.300205324481486402e-01 9.293010462365258739e-01
9.350958468350359506e-04 1.382797499950605136e-01 3.239886684713867426e-01 5.404959315240089879e-01 4.624860223133108739e-01 5.488476422021365542e-01 7.312781306772727641e-01 6.857273033987423272e-01 7.616735365212166098e-01 6.750408286110054501e-01 7.853761105754414329e-01 8.238337499627943483e-01 1.000000000000000000e+00 6.418948579391229314e-01 8.377361604128010786e-01 8.317925766647232821e-01 7.623800597601164686e-01 7.249823939342396883e-01 7.609742651942672520e-01 6.996424991268443971e-01 7.305272982614450239e-01 7.699609274144056936e-01 7.094204947450177823e-01 6.869870400761026730e-01 7.605401995483360711e-01 7.940871425707453080e-01 7.908714348674702466e-01 7.961981982946877423e-01 7.912199414866553093e-01 7.967560954638758242e-01 8.286027266866126118e-01 8.090283698816751468e-01 7.479748311569230923e-01 7.830401119043874925e-01 7.708145349515116429e-01 7.722817717697019191e-01 7.978924196318094575e-01 8.170533605166104829e-01 8.345664870867245400e-01 8.092975588072762738e-01 8.429676400880151688e-01 8.433386712449160161e-01 8.373323474306183511e-01 8.554584290746122255e-01 8.391721651849011199e-01 8.459078955752231677e-01 8.553911673473822974e-01 8.550979782910254068e-01 8.507660696361400987e-01 8.245740507831732513e-01 8.462163910805730049e-01 8.221726401638728143e-01 8.473545546322734934e-01 8.499082831678830274e-01 8.430010141651242961e-01 8.390158806012333326e-01 8.287257086553637686e-01 8.561114450465078241e-01 8.457676081267940793e-01 8.575327372016388061e-01 8.549459712188269833e-01 8.504258467722776160e-01 8.349810045975603057e-01 8.478927760691102877e-01 8.469959099744924780e-01 8.508705300750746270e-01 8.568821491029720017e-01 8.514208769965793122e-01 8.482957990847451724e-01 8.535545559614058364e-01 8.534694588189659648e-01 8.536871197309525705e-01 8.279039594667585433e-01 8.378778578962089441e-01 8.569056218448196649e-01 8.551718039089231116e-01 8.542688409002094918e-01 8.491694203319400946e-01 8.530581808687098810e-01 8.520080658442689137e-01 8.501330021468204157e-01 8.557202490434960840e-01 8.483209425831396144e-01 8.463395042355053022e-01 8.444269026683849377e-01 8.460932268158902758e-01 8.496389955656320492e-01 8.556979553004632200e-01 8.562239373921448626e-01 8.539553086112958713e-01 8.495633530236428310e-01 8.608175520002435688e-01 8.594165664027254570e-01 8.609045981813107096e-01 8.596549228711252155e-01 8.601621874413918345e-01 8.415512255137979070e-01 8.494114033034488864e-01 8.576129062689117344e-01 8.579689908858285641e-01 8.596651633666800851e-01 8.565996824277896105e-01 8.611650672191167866e-01 8.623947364861227483e-01 8.577772080084535844e-01 8.470902197649085030e-01 8.587871495932032362e-01 8.575304860821700847e-01 8.565159339620351808e-01 8.609833281696325225e-01 8.560106362746685571e-01 8.622475372295816953e-01 8.585117966831268266e-01 8.602743093904199334e-01 8.557617243201267598e-01 8.589870976457866236e-01
