1.000000000000000000e+00 1.031889114228141946e-01 1.299632899347826220e-01 3.751217308877992374e-02 8.369518771694580903e-03 6.153728480279353763e-02 1.677902527526177034e-03 -4.305007728299702768e-02 8.222865739061152590e-02 2.516744173939774662e-02 3.370064407757872998e-02 2.036991668144977688e-02 2.349540600977416752e-02 2.078627845874538027e-02 -5.846519241985829486e-04 -1.544453514876568349e-03 1.415328473044583438e-02 4.432498419354543445e-02 4.627082989278590019e-02 -3.215025648287431204e-02 3.132985594454894968e-02 5.213375056827440623e-02 3.667275559395877238e-02 3.712845588497713095e-02 5.086017083469236699e-02 3.953414874955286235e-02 4.039879491115959398e-02 3.865495233126073349e-02 7.607259451397771488e-02 5.036675912170861941e-02 4.302314677768218076e-02 3.727242920932312409e-02 3.455228460391453205e-02 3.270870136252566202e-02 3.371822916603876147e-02 3.391587416871755245e-02 6.117594302426392766e-02 1.870150774216785411e-02 2.234075095954496035e-02 -9.211654021049063210e-03 1.162321679027674380e-02 2.386526637712877222e-03 7.019295082436148451e-04 9.437734175127658609e-03 2.419818622983859607e-02 1.888200379432085352e-02 1.387960810637577785e-02 1.356687135589011890e-02 -1.650523765093072498e-02 -1.063002678243402289e-04 9.875434803660499902e-03 -8.530860275992417641e-03 6.197355351372143282e-04 1.361212687642762188e-02 1.369243405196756596e-03 1.331929529277268119e-02 -7.958764497103561555e-03 1.205471214279050379e-02 -9.771245757095523010e-04 1.141090237612664253e-02 -8.029765892377990419e-03 4.580457665323642985e-03 5.601997218053943878e-03 -2.537661553813543285e-03 6.182483548885687671e-03 8.306336750545787947e-03 8.963059944292155537e-03 1.758226582810211436e-02 1.907269773475046837e-02 6.069851011751815906e-03 1.754217630932402086e-02 2.574510867424608176e-02 1.450472667063063166e-02 6.762669315013525480e-03 1.077375045086740278e-02 2.125724518514452571e-02 1.610708044470472375e-02 2.429122099370236917e-02 1.259207150064805582e-02 2.347972541087037582e-02 5.334075210697009073e-03 1.568243000440018922e-02 1.395711457054073061e-02 5.280247032186094133e-03 8.531124068620766360e-03 7.598840459470767791e-03 1.351086670500789219e-02 5.636103520460403887e-03 8.049672760054343151e-03 1.562273499596217134e-02 5.503928443649910157e-03 7.609652995133771129e-03 9.053182701575533675e-03 6.933839406170556191e-03 2.210780241178840217e-03 3.934306005226113206e-03 -1.568680281313301200e-02 -1.880812503345826543e-03 -4.920096220286422970e-05 -6.596110329072918518e-04 -7.698938484928522473e-03 -5.758186847005893798e-04 -5.366027395213017470e-03 4.790422689199455228e-03 -2.476065238207545219e-03 -2.304168207631546172e-03 -1.336032493085695340e-03 1.565214372633209200e-02 9.518788412794949513e-03 8.278319691822404180e-03 6.834284974915575718e-03 6.707944958882642965e-03 2.085368889898795482e-03 2.772589490490199888e-04 6.284196872901387163e-03 2.564161302411521737e-03
1.031889114228141946e-01 1.000000000000000000e+00 7.822057720214894982e-02 1.512270437862008876e-01 1.014268688958083892e-01 1.677333258921678283e-01 1.478347704314284250e-01 1.375227549318935039e-01 2.022690026260878238e-01 2.290806390557366123e-01 1.837839660601048863e-01 1.616997552674954708e-01 1.659122068539358730e-01 1.608989090392412002e-01 1.557418502277309325e-01 1.584731662438940702e-01 1.693233509173173723e-01 1.967392228952384303e-01 2.146222297967315673e-01 1.024408026881725581e-01 1.589317234707950943e-01 2.227528341670446388e-01 2.133666633634632714e-01 2.125923499126027572e-01 2.192306590880046535e-01 2.136083959863682713e-01 2.115665800919117323e-01 2.163674829754442253e-01 2.165637438610463761e-01 2.129105811544073357e-01 2.194633964207050314e-01 2.152291306421251493e-01 2.185579207835966764e-01 2.198584178628023578e-01 2.015911423253842760e-01 2.063859129282686056e-01 2.252450549092757104e-01 2.041816668362409493e-01 2.109485669389115359e-01 1.940246224694572030e-01 1.906488746025287451e-01 1.890565073832910781e-01 1.854149646289751097e-01 1.909112771964077138e-01 2.129431196801054582e-01 1.993330960284390441e-01 1.814389635692297831e-01 1.864222877419901003e-01 1.640162409003809441e-01 1.763437887744765398e-01 1.799418602143748047e-01 1.665813504033843706e-01 1.780462189177040300e-01 1.791675487499613528e-01 1.752923571517550905e-01 1.974044919824367028e-01 1.678911706809475268e-01 1.795861178127708957e-01 1.763409771718664198e-01 1.837164748032336092e-01 1.644271683565117770e-01 1.798483912489109438e-01 1.794341744402931649e-01 1.749403951313194816e-01 1.724480683326250485e-01 1.764114380874991228e-01 1.844210031479969203e-01 1.974881257749384889e-01 2.024372619662679063e-01 1.804191713881654613e-01 1.972708313333582930e-01 2.041114416127903231e-01 1.994182880345423958e-01 1.971103867076374194e-01 1.938704066210304167e-01 2.001578991972499111e-01 2.008836746294221653e-01 2.008452492497241892e-01 2.068337987400995781e-01 2.035531975608277089e-01 1.975793322420976439e-01 1.984130935640566473e-01 1.978740705738932515e-01 1.971722447032220604e-01 1.966121897415629427e-01 1.974459431266884779e-01 2.014482090135668868e-01 1.929079871928782719e-01 1.955502376357880490e-01 1.969535967304991142e-01 1.979229577349193303e-01 1.913516793261906546e-01 1.901431883309671889e-01 1.901465001566421953e-01 1.783028229469226511e-01 1.805440626482505417e-01 1.724541020646327139e-01 1.721356264801104652e-01 1.746623162987815392e-01 1.857115055702708295e-01 1.811401105687737989e-01 1.776251260938290222e-01 1.689432343278175208e-01 1.821417397127990390e-01 1.781934506025897591e-01 1.730137000055495533e-01 1.755434758500127590e-01 1.873241185401552378e-01 1.871448804133619970e-01 1.813480021121013364e-01 1.800098743509477572e-01 1.789890341410775854e-01 1.799304283141855698e-01 1.779258565550189408e-01 1.819476478840922617e-01 1.738265410338862837e-01
1.299632899347826220e-01 7.822057720214894982e-02 1.000000000000000000e+00 4.038773152775445574e-01 5.742591646589897958e-02 2.666986599689337711e-01 2.221402411613753736e-01 1.960121154983788527e-01 3.168504067334067531e-01 2.569287300491436277e-01 3.742311943751125969e-01 3.374821626449964196e-01 2.567776643128839020e-01 2.924313191389320554e-01 2.714715144206491515e-01 2.408091531472926206e-01 2.822948953175303810e-01 4.421384428631947583e-01 4.255151944344657822e-01 3.970514517955752720e-01 4.350719265399721203e-01 4.524382200571302470e-01 4.332973374372386388e-01 4.406384176695482546e-01 4.617527541671961888e-01 3.955704190032112155e-01 4.062361278816591925e-01 3.979640230483189045e-01 4.312150829116067619e-01 4.477290870314124538e-01 4.522279054303663393e-01 3.528935995640984369e-01 3.651339748129482921e-01 3.819500640670056013e-01 3.682602066220501125e-01 3.901767346708963635e-01 4.329516425763088594e-01 3.415227743626907397e-01 3.700055326400324973e-01 3.335090608304124293e-01 3.449572105796624433e-01 3.083875775045062939e-01 3.474538912259679257e-01 3.432032616189943930e-01 3.884991786913164491e-01 3.705580366559648176e-01 3.017771079262856482e-01 3.068575322786666337e-01 2.853378730834283394e-01 3.199470842910214774e-01 3.268694788900781689e-01 3.188164009044283098e-01 3.379794553094396803e-01 3.197929352253610080e-01 3.085203787581324852e-01 3.463097013928306267e-01 3.193908205547901780e-01 3.142202667772474034e-01 3.170995479147489249e-01 3.155771958605100291e-01 2.960932972230691518e-01 3.216513546332052109e-01 3.327835735852749943e-01 3.104295945994989814e-01 3.271392235033675489e-01 3.345470092717576227e-01 3.023675403082052293e-01 3.583926253595379752e-01 3.529013596172453915e-01 3.824209519789186218e-01 3.868241118748670382e-01 3.648285362084910388e-01 3.605714217744415695e-01 3.805502633112137212e-01 3.388831582902158135e-01 3.549803619862697546e-01 3.457693228413823427e-01 3.578544218988622405e-01 3.719520108254971702e-01 3.769687261418766533e-01 3.618105284178808057e-01 3.651095562341012957e-01 3.295726379116971083e-01 3.445634338118670481e-01 3.305487902713694082e-01 3.347401477897218314e-01 3.553003894820599418e-01 3.160678401034905383e-01 3.283819761957262329e-01 3.405991392145351071e-01 3.273283853107273877e-01 3.098014894895106952e-01 3.409327508939196116e-01 3.243185812968213400e-01 2.947766353303952203e-01 2.957658057968459708e-01 3.023490582772412338e-01 3.042894026300361210e-01 2.989808916262847172e-01 3.092323412296013596e-01 3.098334988000882029e-01 3.063855951344952033e-01 2.969632533553636100e-01 3.115883468189064587e-01 3.176908463254448645e-01 3.070713183984597472e-01 2.950413519245055904e-01 3.192925865374435790e-01 3.194694995371207269e-01 3.066218484697694202e-01 3.061979104473211422e-01 3.051113542970342318e-01 3.095854081219853726e-01 3.032159917249050429e-01 3.149775750990495560e-01 3.085947840783050955e-01
3.751217308877992374e-02 1.512270437862008876e-01 4.038773152775445574e-01 1.000000000000000000e+00 1.850684928240357852e-01 4.262535694271482600e-01 4.572767720072964392e-01 4.307601220686045340e-01 5.487128238034547634e-01 4.655889412697194474e-01 5.957995807177743908e-01 6.262518907853447114e-01 4.697469728809189893e-01 5.247193594549988127e-01 5.149134392587610964e-01 5.114652479267476348e-01 5.244451063248571909e-01 5.818798123365360730e-01 5.956589650960948390e-01 5.793812265067637135e-01 5.757471277499000006e-01 6.312179002763960156e-01 6.076990408606657290e-01 6.259264197964468091e-01 6.401380468720656580e-01 6.271964516685190061e-01 6.376172964678167299e-01 6.265172785083804596e-01 6.253750135567838209e-01 6.686516844198115983e-01 6.757717568330967595e-01 5.981996738026857940e-01 5.989899932847604358e-01 6.299477363928509543e-01 6.079631922940411659e-01 6.485038857425620140e-01 6.670954785768016260e-01 5.916540631165303488e-01 6.298697176092664662e-01 5.872867926505981329e-01 6.052951429793879123e-01 5.699673695738791679e-01 6.111221997548927920e-01 6.120512482553956968e-01 6.412222503311794108e-01 6.309869803966998703e-01 5.606072127214042355e-01 5.649564940617353148e-01 5.483583809178683710e-01 5.978391045666008319e-01 5.912908688622200426e-01 5.848485793166430247e-01 6.019454085646248620e-01 5.688554704953391328e-01 5.618721075172681267e-01 5.956559606638858195e-01 5.828775034301457714e-01 5.721588808639723744e-01 5.715046823605012261e-01 5.756524110153760088e-01 5.625599184323731849e-01 5.811277737140473354e-01 5.869991513296013430e-01 5.817671049904755698e-01 5.840506960567506400e-01 5.887397086278529645e-01 5.635747360688841967e-01 6.012691340208182744e-01 6.007831715864633271e-01 6.301226869794843699e-01 6.269859643452548870e-01 6.108595831945673460e-01 6.014741733683376390e-01 6.303056071276766925e-01 6.024800696397052402e-01 6.112805519398653020e-01 6.067125427050168440e-01 6.081946515275179488e-01 6.266854117142616198e-01 6.276985772765220073e-01 6.210968457685700495e-01 6.223973510957033772e-01 5.815122274228109456e-01 5.965082808041886064e-01 5.991314849468442061e-01 6.007248996407625885e-01 6.213224407324553500e-01 5.805408896162663757e-01 5.935214336527308010e-01 5.932619061826922557e-01 5.925824884008026316e-01 5.773137239482728500e-01 6.029498091388042491e-01 5.894888443254797661e-01 5.584576262434901572e-01 5.594931981605109073e-01 5.809268620378238435e-01 5.752450866792093720e-01 5.659037740386839710e-01 5.766186815153897527e-01 5.797904215973764819e-01 5.756963796287603019e-01 5.609169817043768713e-01 5.822141354272430958e-01 5.875948573749564252e-01 5.689932255379210879e-01 5.594518489116374615e-01 5.756361044966749052e-01 5.809020326355598396e-01 5.712278167503042070e-01 5.707500209434304139e-01 5.684201951194517433e-01 5.766656333419044600e-01 5.709336981791798271e-01 5.705404453776818929e-01 5.722402833898524444e-01
8.369518771694580903e-03 1.014268688958083892e-01 5.742591646589897958e-02 1.850684928240357852e-01 1.000000000000000000e+00 2.217016853056445191e-01 4.739040348727482921e-01 4.793699145521632676e-01 3.898449850312684650e-01 4.081448661416432477e-01 3.593156785867427372e-01 4.397773832411216444e-01 4.772171173035979486e-01 4.300321747266518946e-01 5.092913397632828909e-01 5.138546555235411484e-01 4.184287909671520755e-01 1.910416195174415299e-01 2.664791341761951760e-01 1.329270276923966154e-01 1.606320412236761086e-01 2.675110082221238139e-01 2.294851782176054178e-01 2.193984184578867680e-01 2.214222602594464462e-01 3.333994701825200857e-01 3.279935798008298264e-01 3.407299793573596580e-01 2.770031140740787379e-01 2.635556595202958041e-01 3.017681589417550714e-01 4.190286972521433118e-01 3.708197209471414402e-01 3.620422367855105072e-01 3.725723422683617780e-01 3.525582860628034276e-01 3.282472804868754590e-01 4.231218240357495497e-01 4.184346699795739033e-01 4.253424989496337183e-01 4.353360980457907647e-01 4.641614777569945671e-01 4.312788930355246908e-01 4.427007264454286273e-01 4.058927983116764060e-01 4.066666762760394183e-01 4.851367211918767297e-01 4.771799192425483227e-01 4.711112373126057906e-01 4.351527367292369330e-01 4.519568533330117210e-01 4.435762349989967324e-01 4.536142995050991833e-01 4.590600530182010197e-01 4.624020381585302042e-01 4.291796233054684384e-01 4.309867478804054186e-01 4.676131131537774044e-01 4.621139388390093639e-01 4.775309867422736221e-01 4.799218377506725974e-01 4.612545918908440012e-01 4.475336880827784913e-01 4.627123746513130964e-01 4.493473050646171751e-01 4.495071213960267209e-01 4.800013678663785921e-01 4.334530595912807205e-01 4.401893272965093362e-01 3.816591041162167297e-01 4.005697817904966263e-01 4.309185646410920167e-01 4.183557147799124576e-01 4.085373634740901427e-01 4.500086678423201869e-01 4.457830110660261358e-01 4.477197097509393875e-01 4.345050162529129900e-01 4.211821010213043226e-01 4.119085398678101195e-01 4.257237376335229473e-01 4.318809562164770965e-01 4.557905385825747890e-01 4.388595620057350044e-01 4.581361619286354325e-01 4.519937185999695628e-01 4.370887375291781507e-01 4.716410596791991150e-01 4.643473427840453804e-01 4.471337256990082221e-01 4.639795929109425399e-01 4.836307404781962083e-01 4.610034694829486801e-01 4.709527518282925485e-01 4.902130343176212546e-01 4.868848829341035911e-01 4.592665736131852916e-01 4.578614553979762358e-01 4.776486483683801687e-01 4.748674796151977628e-01 4.736104118700841803e-01 4.708487780683821566e-01 4.838277499247274904e-01 4.781859011353756239e-01 4.639038868038006802e-01 4.589907311067571993e-01 4.847594299585469835e-01 4.735885789417492164e-01 4.680544265097032475e-01 4.821269295706511748e-01 4.825285159858054285e-01 4.827600977368843860e-01 4.765216287489197344e-01 4.758164804813190263e-01 4.700930412756386678e-01 4.727685316944310601e-01
6.153728480279353763e-02 1.677333258921678283e-01 2.666986599689337711e-01 4.262535694271482600e-01 2.217016853056445191e-01 1.000000000000000000e+00 4.760433449536125572e-01 4.107886257126917573e-01 5.262996993030493176e-01 4.576274093338271731e-01 5.339263883061340366e-01 5.431738737653704074e-01 4.686791856596794204e-01 5.071115332770715911e-01 5.184781213685657475e-01 4.962432199255741305e-01 5.116398251639404648e-01 5.082401677036526566e-01 5.305322418188419542e-01 5.008551131913659971e-01 4.989789284282433734e-01 5.699777182995803271e-01 5.087637859695735010e-01 5.394309151313467776e-01 5.457566457456378695e-01 5.747675756565056027e-01 5.455757548001072266e-01 5.552428260307403773e-01 5.399385204249106396e-01 5.418185264382081590e-01 5.604644190517417135e-01 5.667920533900874247e-01 5.473189565764228215e-01 5.825496547065628361e-01 5.520762579134945724e-01 5.921405078272912181e-01 5.868989059761309246e-01 5.660051826865980518e-01 5.822510361771700005e-01 5.637734447203477384e-01 5.710079813410885441e-01 5.605428996940701181e-01 5.876637655301392149e-01 5.781441513409218969e-01 5.861271015742528512e-01 5.802975576092884724e-01 5.503364596866477942e-01 5.512418694250846851e-01 5.292306057464770674e-01 5.687074335282735760e-01 5.706009023126517032e-01 5.619844488757446133e-01 5.695407268642267429e-01 5.531163002179615429e-01 5.519669653343854954e-01 5.658421062377245736e-01 5.553848200893168885e-01 5.619298173911400074e-01 5.541247633404899897e-01 5.584781899184793064e-01 5.525012361926587845e-01 5.624858940107289040e-01 5.688695542053208154e-01 5.582858272662964971e-01 5.552033103271050152e-01 5.608776262143330138e-01 5.466268106224849710e-01 5.723540712985303314e-01 5.686148036629512514e-01 5.865454553059907816e-01 5.760728643706827246e-01 5.792844883143812851e-01 5.658097191789909219e-01 5.762789587569137062e-01 5.705536719115342770e-01 5.753250457900480619e-01 5.721325291747476616e-01 5.645445886705811045e-01 5.763521897141236083e-01 5.661225675896293108e-01 5.690212480676181128e-01 5.651146384863862115e-01 5.609960548926159474e-01 5.573358060673205827e-01 5.701390332917437576e-01 5.706268174281442507e-01 5.775543920978198909e-01 5.606701486826619618e-01 5.679403979003052605e-01 5.693633564779281286e-01 5.685748566357164968e-01 5.615128044008201869e-01 5.734246457073804981e-01 5.642075803561483749e-01 5.475037525730761523e-01 5.462889268915843699e-01 5.576864271382614424e-01 5.530985785443632841e-01 5.509117044529638907e-01 5.634502130877372394e-01 5.659299294204128694e-01 5.589857658289546505e-01 5.493088560552946698e-01 5.647645859908565491e-01 5.640168396930193007e-01 5.514870221394067018e-01 5.438815465081739964e-01 5.606796315996831481e-01 5.639895367581659880e-01 5.580577898333917153e-01 5.596213708751717197e-01 5.529704231517877933e-01 5.601675803965211475e-01 5.542248876532317459e-01 5.502215583911271857e-01 5.512850556771947685e-01
1.677902527526177034e-03 1.478347704314284250e-01 2.221402411613753736e-01 4.572767720072964392e-01 4.739040348727482921e-01 4.760433449536125572e-01 1.000000000000000000e+00 7.280783565550886793e-01 6.983092654397909937e-01 6.807657932249777666e-01 6.766679700323555702e-01 7.490590160597376812e-01 7.465714297946053346e-01 7.150892531405567132e-01 8.536582435257217272e-01 8.061703320717277244e-01 7.295767836128586037e-01 5.477750450634690793e-01 6.357550427167518725e-01 4.493674102995720010e-01 4.974331754819876217e-01 6.239638426908505897e-01 5.846074744056025674e-01 5.953353646922299180e-01 5.862441369809494596e-01 7.081502437307223286e-01 6.861535227145816318e-01 7.165519883003420576e-01 6.217158557129971452e-01 6.285035177608103707e-01 6.657882879933214593e-01 7.838408144297728253e-01 7.345987657966095430e-01 7.374784622140662105e-01 7.331712260849150287e-01 7.171935801731843529e-01 7.027453560400152011e-01 7.946808262681316348e-01 7.862292070487181261e-01 8.013117687702121517e-01 7.911944540774520362e-01 8.237867107662673050e-01 8.083357208627522938e-01 8.126914368432056612e-01 7.728478686196572633e-01 7.849318144617214443e-01 8.147763970647318166e-01 8.089001260999609810e-01 8.002185387566493890e-01 7.889873813882191111e-01 8.110175164032651374e-01 7.844582215225937016e-01 7.979754208511252722e-01 7.967312642866415384e-01 8.034139798227067919e-01 7.884454588595356528e-01 7.827423622638174372e-01 8.117316053007318510e-01 8.113789765128567311e-01 8.097050095484270571e-01 8.168851859774636237e-01 8.093803501189492655e-01 8.035139863550698758e-01 8.088420935982185700e-01 7.875064810794680792e-01 7.913003192860420532e-01 8.106817494368484533e-01 7.902106676965131582e-01 7.957903651214623952e-01 7.446552149981178204e-01 7.616457068592997759e-01 7.853339536324156489e-01 7.807540049408452365e-01 7.770993796169893830e-01 8.038355750573363823e-01 7.945444819636416911e-01 8.040253761777215180e-01 7.799092445072749458e-01 7.850379248159663481e-01 7.723120196199557697e-01 7.886439548748130912e-01 7.847544729125559559e-01 8.046695471373818132e-01 7.962308046236937775e-01 8.144000153796667751e-01 8.056429986525869280e-01 7.961958227642359498e-01 8.222331628165606698e-01 8.115190575015801544e-01 8.002577631470019215e-01 8.215151669768141485e-01 8.228406510129139262e-01 8.095199745760099930e-01 8.180462396413024084e-01 8.167315421392677965e-01 8.140130394526220448e-01 8.153504368538564417e-01 7.991074370302864160e-01 8.096017377266333526e-01 8.235993627756417190e-01 8.255353309919738480e-01 8.115788681271297600e-01 8.127803071582039296e-01 8.205030800500576760e-01 8.093633823279123840e-01 8.025843874903334507e-01 8.129257081153516973e-01 8.098775816001466676e-01 8.112141298702829628e-01 8.156952597720641407e-01 8.170215668215892180e-01 8.127855977988239777e-01 8.171562717815106236e-01 8.118659188986513398e-01 8.039178696553070935e-01 8.037176530747354164e-01
-4.305007728299702768e-02 1.375227549318935039e-01 1.960121154983788527e-01 4.307601220686045340e-01 4.793699145521632676e-01 4.107886257126917573e-01 7.280783565550886793e-01 1.000000000000000000e+00 6.860818050308878924e-01 6.584348126132527623e-01 6.494187497324007685e-01 7.328971210229063837e-01 7.250246259941368621e-01 6.967164398733097785e-01 8.012273983027258240e-01 8.030354482285056994e-01 7.155341664018618486e-01 5.110053142478832022e-01 5.991501063837616492e-01 4.384358739061260946e-01 4.775295378548263248e-01 5.965541787077807134e-01 5.529363331706023121e-01 5.570220776364973592e-01 5.535198873599799230e-01 6.715521054895688957e-01 6.639321719903129582e-01 6.726188088980999957e-01 6.049301049008933839e-01 6.079211174454248745e-01 6.425013033629254355e-01 7.505809196416971529e-01 6.890211140889141994e-01 7.046690778105145769e-01 7.038502484423350136e-01 6.909997138392980354e-01 6.663092959068188659e-01 7.567251124406582097e-01 7.530807433598211142e-01 7.520966655903367215e-01 7.623461418517363253e-01 7.779098304265903430e-01 7.603100636879150942e-01 7.741193834039720167e-01 7.374383839030915766e-01 7.440420217726023688e-01 7.901927095520780986e-01 7.886983205101245620e-01 7.869447791828696470e-01 7.589964467698718797e-01 7.761616299205890135e-01 7.606704657389102842e-01 7.720188637963177891e-01 7.801264231282346584e-01 7.823694098999365298e-01 7.605864976418125201e-01 7.717050499655536688e-01 7.890058727824427187e-01 7.924232762605500913e-01 7.888223326684912218e-01 7.956753142102019893e-01 7.935442592087080804e-01 7.844422392700326485e-01 7.880804403820690363e-01 7.661704514356232343e-01 7.757838153070094611e-01 7.879231610475050385e-01 7.605734712055326474e-01 7.700335585044246756e-01 7.222107356617375462e-01 7.356281201712422391e-01 7.575236761694663645e-01 7.472437826648103965e-01 7.455694352910643419e-01 7.749910773902877192e-01 7.677115838306228790e-01 7.708332379886443375e-01 7.583933343713618047e-01 7.566330954990170277e-01 7.488328029630492155e-01 7.641138694681161025e-01 7.620160018003164781e-01 7.773993486900724337e-01 7.646785069865291717e-01 7.814432744824838517e-01 7.775106606786097441e-01 7.643950943731649961e-01 7.894371839178400130e-01 7.832853773557930666e-01 7.725085323109589508e-01 7.767022525839991642e-01 7.900473364725950631e-01 7.763762389833082089e-01 7.846003160070887938e-01 7.924440971736230743e-01 7.932508965817329782e-01 7.821605210571516142e-01 7.818290891530335074e-01 7.902746757359685459e-01 7.889345534288859652e-01 7.907033823390060556e-01 7.901425780981483626e-01 7.913638083979914750e-01 7.904412129776217100e-01 7.850565321630351701e-01 7.845720125594878303e-01 7.937730786865886401e-01 7.846355779377074402e-01 7.841824073675265350e-01 7.909381850553698357e-01 7.926631060330530110e-01 7.917133066356825122e-01 7.952459333634908090e-01 7.923136099646845842e-01 7.833922692449425407e-01 7.860251186691813441e-01
8.222865739061152590e-02 2.022690026260878238e-01 3.168504067334067531e-01 5.487128238034547634e-01 3.898449850312684650e-01 5.262996993030493176e-01 6.983092654397909937e-01 6.860818050308878924e-01 1.000000000000000000e+00 7.421644322103269076e-01 7.727865922483084793e-01 8.377330879752116211e-01 7.641705032944235976e-01 7.894020386470209649e-01 8.296249720711786901e-01 8.241863320409983373e-01 8.229978839241849364e-01 6.956847185464146710e-01 7.655239988130613238e-01 5.767350342107742112e-01 6.574448437625308728e-01 7.810580957890238540e-01 7.201796106259930053e-01 7.226336371959103388e-01 7.332029364287777629e-01 8.244707888974017740e-01 8.139079887879504538e-01 8.106482238556923514e-01 7.687514189396021935e-01 7.747932836341083762e-01 8.100978788618075077e-01 8.719373520095854424e-01 8.095140981981697736e-01 8.333615876617525009e-01 8.297335375254666356e-01 8.327130415399043306e-01 8.260145967840142323e-01 8.506686667119361944e-01 8.684952177731212197e-01 8.460118651221869568e-01 8.754410214280031743e-01 8.583993408845762563e-01 8.473053946354460741e-01 8.731395447484817662e-01 8.605180548691249154e-01 8.582768258839633679e-01 8.779763187416299575e-01 8.857629957401758070e-01 8.651609153456423229e-01 8.570466191917687215e-01 8.662778574065237436e-01 8.564524930550898585e-01 8.655350782230020190e-01 8.861366751838614109e-01 8.772869552793759462e-01 8.757839807567469048e-01 8.702627008001230235e-01 8.792006372401653946e-01 8.764803518933923510e-01 8.846125789550497442e-01 8.770952160988518820e-01 8.838674331898132008e-01 8.790590875902367651e-01 8.762641950364782328e-01 8.806175468702758247e-01 8.849231485387973883e-01 8.831484943197632775e-01 8.831018223169831982e-01 8.839895124344315791e-01 8.606609188547020839e-01 8.718500378108052784e-01 8.869414110164450804e-01 8.703664708807289374e-01 8.698082450531373633e-01 8.842004631722898411e-01 8.839820788345099656e-01 8.795869981476591715e-01 8.773377990422766004e-01 8.760024419454600642e-01 8.774808439547766570e-01 8.772877185586099857e-01 8.817160469269607059e-01 8.819423949131246498e-01 8.722494216629016472e-01 8.777177018234016970e-01 8.814040386880307443e-01 8.801651077341022811e-01 8.808556830282763261e-01 8.840193386678235621e-01 8.825734080166144357e-01 8.726228031638491034e-01 8.801990359958594690e-01 8.828395854166054546e-01 8.810645782131421022e-01 8.800360193663300246e-01 8.827173582596773427e-01 8.641598325883920184e-01 8.783985106561043033e-01 8.815134555064112476e-01 8.768398252762905631e-01 8.719513238661521504e-01 8.829701174196142865e-01 8.765514385648957019e-01 8.820379913113053361e-01 8.820701141351758867e-01 8.791880440864787705e-01 8.812850940656723475e-01 8.862869999853570935e-01 8.838258986628342306e-01 8.836878690333694886e-01 8.823709808107683683e-01 8.844539655932628364e-01 8.846923526659676851e-01 8.837835853338119607e-01 8.827586149134944993e-01 8.856144559709276942e-01
2.516744173939774662e-02 2.290806390557366123e-01 2.569287300491436277e-01 4.655889412697194474e-01 4.081448661416432477e-01 4.576274093338271731e-01 6.807657932249777666e-01 6.584348126132527623e-01 7.421644322103269076e-01 1.000000000000000000e+00 7.084889822125521874e-01 7.609829160201952991e-01 7.072872232426803407e-01 7.367304179951246201e-01 7.946045984871481505e-01 7.771580723460049800e-01 7.510483891147673452e-01 6.029263365654776718e-01 6.898970936013429922e-01 4.756716611505510395e-01 5.640144875973840399e-01 6.870654685503205794e-01 6.381108202588414713e-01 6.369750452012260533e-01 6.480337485635743189e-01 7.532821739684809614e-01 7.400066547258078442e-01 7.429445587818104269e-01 6.849242390864672680e-01 6.863039435314187697e-01 7.204641731811910477e-01 8.037870711809675939e-01 7.419900937020059706e-01 7.549193357390744374e-01 7.597513597556480036e-01 7.437683717088577895e-01 7.404190830143531077e-01 7.931151071622916104e-01 7.968198864700768436e-01 7.877212534556520263e-01 8.113607704380935148e-01 8.088030943108995841e-01 7.777852985428991284e-01 8.073972309756618504e-01 7.932587922022593663e-01 7.913593605171678202e-01 8.196177857003408285e-01 8.286398432074868481e-01 8.125442461977994135e-01 7.875757312272815280e-01 8.014320018755435315e-01 7.864229117135799196e-01 7.988452176495010049e-01 8.234617115422249167e-01 8.188949242289267350e-01 8.143038515012112066e-01 8.046205587266193060e-01 8.202806823458453911e-01 8.210371279558756896e-01 8.247929451123158229e-01 8.139362185963757712e-01 8.201200878709572484e-01 8.118026698059237489e-01 8.115030108007253995e-01 8.132984420410501736e-01 8.165563921695790928e-01 8.251376511511147038e-01 8.160622402865691516e-01 8.168787737426463913e-01 7.792394850266866069e-01 7.994537919791590008e-01 8.171443512855792735e-01 8.059970986457124509e-01 8.019927903096180088e-01 8.233118310428380049e-01 8.188682647335251419e-01 8.169192646300478255e-01 8.123231898902968373e-01 8.071646254352971006e-01 8.082003539337252462e-01 8.143515020423829354e-01 8.150032954767820748e-01 8.221688731622850410e-01 8.151785544696085184e-01 8.161036398170083972e-01 8.184458154025766596e-01 8.148938476702455302e-01 8.243620385363622516e-01 8.223998006208318445e-01 8.219749404772849211e-01 8.189969336945210898e-01 8.239323192187237854e-01 8.191100540779390204e-01 8.230497390464158736e-01 8.250858089433937836e-01 8.276079628709552827e-01 8.101185737298056688e-01 8.154950242694913864e-01 8.219203267082924036e-01 8.203709810821773196e-01 8.156693193223798488e-01 8.229976982485743831e-01 8.189562194215584956e-01 8.227045131699352032e-01 8.190504505414867298e-01 8.190435697928570846e-01 8.269967887321950650e-01 8.264917313726363179e-01 8.270744696074308067e-01 8.250961826603893101e-01 8.253322146987203123e-01 8.262426063130686726e-01 8.256472389002391665e-01 8.235546999385142675e-01 8.256687584592120599e-01 8.247762147151554979e-01
3.370064407757872998e-02 1.837839660601048863e-01 3.742311943751125969e-01 5.957995807177743908e-01 3.593156785867427372e-01 5.339263883061340366e-01 6.766679700323555702e-01 6.494187497324007685e-01 7.727865922483084793e-01 7.084889822125521874e-01 1.000000000000000000e+00 8.308275619055899286e-01 7.034736925937733476e-01 7.545665119847656532e-01 7.844118830311458401e-01 7.729522398502383096e-01 7.714396226540720658e-01 7.290851550821165761e-01 7.784861850475865985e-01 6.235584518635026718e-01 6.947967474475874594e-01 7.982603533245246075e-01 7.528803162716883879e-01 7.675470560458321767e-01 7.748685656349124651e-01 8.313955043335324868e-01 8.211983432626080992e-01 8.248553211354294756e-01 7.897011331528173139e-01 8.158917626370147946e-01 8.412557017042461283e-01 8.439861696342626507e-01 8.113322528346733620e-01 8.371601877588930041e-01 8.326497641122359017e-01 8.443810602238512875e-01 8.430356306376113329e-01 8.360886403110778797e-01 8.632793340679241201e-01 8.285430494001704282e-01 8.505784414164891949e-01 8.301126049862012080e-01 8.411548749946374803e-01 8.558524496487485145e-01 8.665761556712623381e-01 8.556917131060726156e-01 8.349515510659445416e-01 8.402642209864368272e-01 8.201083814588606691e-01 8.347626688908941217e-01 8.376905635963159957e-01 8.306960291364455795e-01 8.451328823129458101e-01 8.401919959772096158e-01 8.357595124194630021e-01 8.489206787695215972e-01 8.377771340141604295e-01 8.415185237113358419e-01 8.400687558679287292e-01 8.456732079542771396e-01 8.326209194377992562e-01 8.476841749539852922e-01 8.482989988622072763e-01 8.437027907589356168e-01 8.469545070473479820e-01 8.525675172366469212e-01 8.396028746247584662e-01 8.596311094773214645e-01 8.601284999781342311e-01 8.515126997909896467e-01 8.630824933586279668e-01 8.651605911135730187e-01 8.537307378475404995e-01 8.653873572999238872e-01 8.595957676596431840e-01 8.632972388655094642e-01 8.586496809595531854e-01 8.553698136572747135e-01 8.657108764931290557e-01 8.678198607556735222e-01 8.637446822746022157e-01 8.673303781827420567e-01 8.506277846229286510e-01 8.557505716625840586e-01 8.531425959098368761e-01 8.574200942453026331e-01 8.659276783631262298e-01 8.472843550317047390e-01 8.550843460155025388e-01 8.557257690534848527e-01 8.511945095447192022e-01 8.455995344317372986e-01 8.591109294062163615e-01 8.527266344561722500e-01 8.369445476390464655e-01 8.376668019151127798e-01 8.355349754990517575e-01 8.392347092097346417e-01 8.379478470729109230e-01 8.419137543725596640e-01 8.433986380651753434e-01 8.437538742296036842e-01 8.355113624234292713e-01 8.460855295751333882e-01 8.512161039979985189e-01 8.399216314538583417e-01 8.373118711078764154e-01 8.488289424466974875e-01 8.504663086771219183e-01 8.433307148163253775e-01 8.420558192929205044e-01 8.424473521859502378e-01 8.459227431821326748e-01 8.432593472545685254e-01 8.430801539037717784e-01 8.445262659782312165e-01
2.036991668144977688e-02 1.616997552674954708e-01 3.374821626449964196e-01 6.262518907853447114e-01 4.397773832411216444e-01 5.431738737653704074e-01 7.490590160597376812e-01 7.328971210229063837e-01 8.377330879752116211e-01 7.609829160201952991e-01 8.308275619055899286e-01 1.000000000000000000e+00 7.980559780728804231e-01 8.297331215744683242e-01 8.794306346271605346e-01 8.667457123797553953e-01 8.378511317433607886e-01 6.891797214235070301e-01 7.659103232650409376e-01 6.212411387850100830e-01 6.556244052032981218e-01 7.933363338008830867e-01 7.312180250248764279e-01 7.429245415644367689e-01 7.493874026424331980e-01 8.393359325560109108e-01 8.365141028570491910e-01 8.403616700747063017e-01 7.771766445631542730e-01 8.008991142403136809e-01 8.415147754577074757e-01 8.954015171315995447e-01 8.364411994550504659e-01 8.652287212766819335e-01 8.622434167113373071e-01 8.757917750337632645e-01 8.621116476643598814e-01 8.826031496228443629e-01 9.050060267614660203e-01 8.811159288184635674e-01 9.107457539409113956e-01 8.985319954969759326e-01 8.895609778266888590e-01 9.173398138248659572e-01 9.069632287847819718e-01 8.979550994808804809e-01 9.181906151547623018e-01 9.172915413070238388e-01 9.037878858972571150e-01 9.022476981377643979e-01 9.057500572319768795e-01 9.014872141212105783e-01 9.148837568077204940e-01 9.107563697586673612e-01 9.077330895060945481e-01 9.022126498274226636e-01 8.999317694658586220e-01 9.139956262584658653e-01 9.099387038034483233e-01 9.233403925567318371e-01 9.117392462552347254e-01 9.178033215199197237e-01 9.093716480481432995e-01 9.173602203058144333e-01 9.128819640331607976e-01 9.194203818154387253e-01 9.202276720195295967e-01 9.134078412622391729e-01 9.170433855680049096e-01 8.977898800269992208e-01 9.031258470781229342e-01 9.191712793852776509e-01 9.028386817791177466e-01 9.084797296783020393e-01 9.219077506700342761e-01 9.228654850538944299e-01 9.180614331299351560e-01 9.099362289149849348e-01 9.135460959013627091e-01 9.132136790779521451e-01 9.194379260943982279e-01 9.216690178801937305e-01 9.131142708454272894e-01 9.103211819393334236e-01 9.197446758480984919e-01 9.210413706524606114e-01 9.250239537737856566e-01 9.195168174896116708e-01 9.246789720415022895e-01 9.160677023897820792e-01 9.181948493221924190e-01 9.246288585511522884e-01 9.266195220978619140e-01 9.255692954626433266e-01 9.218134548461183186e-01 9.218560222878693367e-01 9.109835322883239606e-01 9.140182302905515144e-01 9.212889770442596049e-01 9.196862047566729537e-01 9.176486658886979786e-01 9.199185914729748337e-01 9.192222190430472395e-01 9.269417184984457547e-01 9.252618322026398001e-01 9.109645913915417337e-01 9.209287468128143361e-01 9.223127884914982255e-01 9.206306756522253387e-01 9.243116891854624706e-01 9.228891135380884458e-01 9.230129202948321732e-01 9.246165779127568651e-01 9.212494059059209706e-01 9.186870523565865421e-01 9.225062845627591823e-01
2.349540600977416752e-02 1.659122068539358730e-01 2.567776643128839020e-01 4.697469728809189893e-01 4.772171173035979486e-01 4.686791856596794204e-01 7.465714297946053346e-01 7.250246259941368621e-01 7.641705032944235976e-01 7.072872232426803407e-01 7.034736925937733476e-01 7.980559780728804231e-01 1.000000000000000000e+00 7.578820439189358771e-01 8.507800671357512723e-01 8.440979235666373759e-01 7.640600903844700920e-01 5.748693407502545316e-01 6.657889907967017296e-01 4.551839036964077101e-01 5.238737919162390622e-01 6.681005851798070827e-01 6.011082165539218813e-01 6.119945984628886171e-01 6.181918816903835268e-01 7.389192023110477958e-01 7.253354086670263934e-01 7.319386346302428903e-01 6.608320055374721225e-01 6.644743068399973085e-01 7.074719582351078895e-01 8.116448033100526205e-01 7.479586322140950871e-01 7.560536032644414872e-01 7.623478950925118847e-01 7.520715450964369220e-01 7.355829778884829251e-01 8.071754974527168836e-01 8.109088227918178626e-01 7.991049891283312778e-01 8.241962664227592272e-01 8.308563710704744976e-01 8.092202630908797989e-01 8.300012662428232213e-01 8.009486317533549560e-01 7.992286189745450020e-01 8.552231072993927707e-01 8.555372293609249112e-01 8.397946949599638389e-01 8.194998608638853765e-01 8.326472703609961723e-01 8.258124731638821769e-01 8.328523626070065689e-01 8.430596775533787390e-01 8.392372829575350801e-01 8.217446729958101104e-01 8.244860110378483542e-01 8.463638722495312461e-01 8.434509986526932401e-01 8.545342629078103158e-01 8.545202786140576601e-01 8.465782971639762566e-01 8.381875147888410149e-01 8.442167806644973460e-01 8.392124197927864904e-01 8.396515251788585488e-01 8.575614163029501302e-01 8.325153580873616566e-01 8.363344797496643501e-01 7.844384621503838195e-01 8.066461674019754780e-01 8.333625395057735474e-01 8.168341571932521417e-01 8.119780411879635729e-01 8.431432131129942276e-01 8.337766436940787784e-01 8.372594294384959612e-01 8.247534637770005395e-01 8.220521567920803241e-01 8.154756898492302453e-01 8.254081753905699870e-01 8.299768069463600018e-01 8.413663616107019960e-01 8.263703865146814209e-01 8.421800616881031099e-01 8.408557917403547410e-01 8.310053005097306489e-01 8.501742499573801126e-01 8.490388228046578112e-01 8.385774127605406525e-01 8.406495217519004415e-01 8.548949553540714508e-01 8.438419153451852672e-01 8.493854520470924818e-01 8.589135202041031647e-01 8.587926027327790202e-01 8.374611152962458949e-01 8.429437024676218471e-01 8.546364432400634925e-01 8.507043757903951509e-01 8.483325681257030126e-01 8.500671777344188662e-01 8.547081755506069634e-01 8.541181320608955962e-01 8.502951408845177417e-01 8.426447996480311842e-01 8.578340613522484892e-01 8.532865283743930052e-01 8.505164646545585461e-01 8.556333323662752566e-01 8.539957229507215697e-01 8.568226138256970215e-01 8.550008942181230864e-01 8.556176899395292468e-01 8.517730772288805152e-01 8.516040431687734724e-01
