1.000000000000000000e+00 1.481722128139223993e-01 1.305961990528941574e-01 -8.465298806329280001e-02 5.808152178220366696e-02 4.332453344571190329e-02 -1.681650814531956972e-02 3.743935810594656299e-02 1.704109525511294243e-01 8.786390632227299158e-02 8.029674855958453261e-02 -2.413124046362772820e-02 2.293485051353552628e-02 1.013705729290794756e-02 -1.989053027429349418e-02 1.327903592400984240e-02 2.037954850187085054e-01 2.457168317323860096e-01 2.144556327986480437e-01 1.751504046384450564e-01 2.699395636262661990e-01 1.738493453593255578e-01 1.620111514490025773e-01 2.019462824038873727e-01 2.022610293975199425e-01 1.659659052597476925e-01 1.509487151297861651e-01 1.377629177737846877e-01 1.766110363239243863e-01 1.995547400148661998e-01 1.769674282232716889e-01 1.009030143899535825e-01 6.826380844145964188e-02 1.213011399664103013e-01 1.145514737836422908e-01 9.476199272484860103e-02 1.261610315893677559e-01 5.510725708796020139e-02 7.151527958231738979e-02 3.716781155728729469e-02 6.618523013030408464e-02 1.209852365817934948e-02 -7.099382014339472319e-04 5.595420552039829382e-02 5.892612324963977105e-02 4.777771709118205923e-02 1.357918639739980927e-02 4.389880045516728058e-02 8.272053074379294435e-02 8.180912592624803303e-02 6.456921203982510238e-02 5.980023550604944560e-02 4.739682602352172230e-02 7.631552048767069329e-02 7.628365757153811322e-02 6.856801417022745371e-02 1.013155081549172998e-01 1.476361705263548943e-02 4.071991052165211539e-02 4.401394426910810315e-02 3.405899448047478711e-02 6.085480264371023740e-02 4.870030948128128978e-02 7.148116123964869117e-02 9.817324016632601735e-02 1.138057437703591940e-01 4.326772253782045635e-02 8.186977146676846506e-02 5.868319319211343782e-02 9.420455918307837906e-02 9.557363674873564641e-02 7.138008934980399900e-02 9.302159149588157261e-02 9.915102434814862531e-02 4.945948838510046131e-02 6.220007927725775682e-02 4.544726820286327379e-02 6.496623008356712525e-02 6.348243498262544360e-02 6.978872953591565287e-02 7.234784227491686259e-02 6.550693777293396802e-02 5.951047455677500181e-02 4.956372075566115032e-02 2.467310543931380135e-02 4.963187275126553638e-02 4.423473824762837875e-02 8.273313893650000375e-03 1.789797771494058137e-02 4.805127215237242622e-02 1.737806883789652299e-02 1.193335481975978107e-02 2.658991285312449493e-02 1.648790741638469018e-02 8.574475855584441641e-03 1.648013070161383209e-02 1.155455126837419367e-03 5.840535216557909276e-02 1.437963955444321144e-02 1.462004606362817330e-02 3.893190119777842958e-03 1.832937441366062556e-02 2.151546549410378664e-02 4.230475944120350509e-03 3.692869897205156710e-02 4.092055581442625989e-02 3.583327453832661075e-02 2.335068221143846851e-02 2.742647429700511424e-02 1.802675077660493771e-02 1.490041477652160815e-02 2.705981847240076024e-02 1.892468735994741816e-02 3.188323250015012017e-02 4.920359567294320391e-02 4.392352503512106376e-02
1.481722128139223993e-01 1.000000000000000000e+00 6.444379968203464704e-02 -1.960743492442296176e-02 6.430177668832499915e-02 8.509686374215422178e-02 9.826132183886264471e-02 1.161928341726090469e-01 1.969729953930373645e-01 1.944335398652347058e-01 1.491736491208699444e-01 9.473545811210785927e-02 1.112729425831430335e-01 1.222447817282459048e-01 1.159875563391361553e-01 1.282250905466535973e-01 1.651884773504343484e-01 1.784588332699296453e-01 1.540901167594760646e-01 1.803308790509183246e-01 1.678938318472022462e-01 1.174795702535850611e-01 2.310499757987637681e-01 1.519869521242981358e-01 1.497722913734144956e-01 1.971540192256452106e-01 1.812637095092144990e-01 1.886001181432366836e-01 2.237402594002118883e-01 2.138792058027722265e-01 2.129856835188835840e-01 1.711230434838421910e-01 1.433815549382284060e-01 1.387215067550076064e-01 1.673188319617084641e-01 1.532991409343749389e-01 1.768862737570116861e-01 1.577080962646544293e-01 1.547379270343513524e-01 1.450573439634551820e-01 1.558223260579504055e-01 1.301103081367205316e-01 1.155735848941756294e-01 1.371787542662923076e-01 1.440363426210043429e-01 1.496796311309661620e-01 1.339761255427126818e-01 1.636349894577017738e-01 1.597549535897772044e-01 1.259791211928909249e-01 1.441306774763082832e-01 1.137082710865679885e-01 1.314184617723685167e-01 1.874766212713685765e-01 1.792331198236443990e-01 1.835418332153185561e-01 1.755711668057666486e-01 1.397213234225965217e-01 1.535756273506073688e-01 1.453255629750276612e-01 1.427464837821105781e-01 1.664968406012037327e-01 1.633063446804911556e-01 1.601722778984880913e-01 1.516424831280327457e-01 1.825744951130897353e-01 1.517578795878307962e-01 1.652572088495859459e-01 1.707705055818000417e-01 1.733357629835040881e-01 1.495071611873116380e-01 1.459923894266777211e-01 1.600122084086069707e-01 1.583810505954801884e-01 1.570363302194448252e-01 1.590546821684782897e-01 1.544611986248356772e-01 1.714799988024674482e-01 1.587801264602336504e-01 1.699440657937472399e-01 1.661620396895087115e-01 1.651199872178040484e-01 1.750543265275004146e-01 1.548949839565983977e-01 1.297382210618872600e-01 1.395347042074026322e-01 1.505017945438440752e-01 1.434918955608472935e-01 1.410144037369378545e-01 1.816373011372443280e-01 1.436779524235290706e-01 1.362288645320569591e-01 1.399583375074432701e-01 1.383475866515007369e-01 1.349307445048501530e-01 1.492428132090902748e-01 1.158916184132439825e-01 1.418189087516543712e-01 1.315127360045025562e-01 1.297761032237852996e-01 1.239476261391957573e-01 1.398714046617610673e-01 1.327651256481758302e-01 1.280593572826363158e-01 1.429132307240999489e-01 1.599852612137116770e-01 1.438176275553418593e-01 1.502679992617222682e-01 1.587342564889801799e-01 1.397216114033614232e-01 1.517685689370767976e-01 1.436971886936257159e-01 1.476087260644511623e-01 1.425815541601014313e-01 1.454384660589538858e-01 1.530619741671186973e-01
1.305961990528941574e-01 6.444379968203464704e-02 1.000000000000000000e+00 2.769838632522012567e-01 1.696491665902299939e-01 2.163452728921711754e-01 2.818617626963080269e-01 3.101493313384157124e-01 3.282400148080770186e-01 2.793462450205795311e-01 3.381088474292166524e-01 3.413174886839221434e-01 2.900973268719518328e-01 3.157300797567159090e-01 3.357350948731022133e-01 3.412410923200633328e-01 3.608692219980215166e-01 3.206898751390060420e-01 3.535513054727388305e-01 2.899734444227178298e-01 3.533134215322658034e-01 3.746407136635464541e-01 3.183959019406534252e-01 3.354333251133120308e-01 3.459429556008150053e-01 3.794017471216246107e-01 3.739233464459975065e-01 3.837021459185204764e-01 3.465610910563370339e-01 3.749832480552262592e-01 3.785107279172427730e-01 3.473018516698604952e-01 3.435238296606747954e-01 3.510838303618317169e-01 3.439825060343533747e-01 3.649760107893134653e-01 3.768387512927582894e-01 3.514080904380599835e-01 3.614877294234027372e-01 3.735073618446367316e-01 3.671186568136820538e-01 3.570682576496617133e-01 3.570475875516948006e-01 3.681110707419599226e-01 3.804899287248578177e-01 3.496080831762099494e-01 3.446717506362022565e-01 3.453756850356548558e-01 3.454217229461068461e-01 3.602725642476214962e-01 3.648968935303070205e-01 3.829765941208774782e-01 3.688767750871741469e-01 3.465974872489038794e-01 3.483528057714340154e-01 3.615677147907618849e-01 3.637673112748645576e-01 3.495135237653965721e-01 3.479589582460043129e-01 3.528637967689208788e-01 3.587976188440937242e-01 3.552813958044812037e-01 3.527287394264150833e-01 3.634796014097937400e-01 3.685575673964820997e-01 3.702560438623834771e-01 3.507391837383148636e-01 3.671729416656365763e-01 3.530622035371089873e-01 3.651053266332146552e-01 3.822266030227065015e-01 3.783437507573368386e-01 3.643775836352353692e-01 3.756966773848961494e-01 3.614085702418184942e-01 3.644673335906559730e-01 3.546066360354747093e-01 3.520054681549334985e-01 3.583668845084652110e-01 3.599761567448440114e-01 3.672124600707130648e-01 3.655083419020335733e-01 3.636126541983623617e-01 3.515261070107988939e-01 3.466409477334363443e-01 3.564164388183961307e-01 3.641724094590196303e-01 3.478455928303790246e-01 3.500619869288161823e-01 3.546504450559851418e-01 3.591612479603762398e-01 3.525256959536332002e-01 3.639707655639439765e-01 3.524652616371530822e-01 3.428189495491140715e-01 3.450025166550427791e-01 3.569237900357550286e-01 3.623988363368185195e-01 3.530168386074870046e-01 3.550427383728683162e-01 3.585462511011692777e-01 3.580178909751925986e-01 3.558672036714138898e-01 3.518202284474949426e-01 3.653922748299876511e-01 3.565924109912698703e-01 3.503959507407698459e-01 3.450383381696808804e-01 3.493489794800443415e-01 3.449347952950955754e-01 3.498965124571232765e-01 3.504424146385757277e-01 3.512571643841166935e-01 3.546381657642214136e-01 3.594340345328447262e-01 3.589867801726737140e-01
-8.465298806329280001e-02 -1.960743492442296176e-02 2.769838632522012567e-01 1.000000000000000000e+00 3.356048908625191562e-01 3.666298482039976880e-01 5.446970315875963031e-01 5.127531302977794692e-01 4.532378353977997154e-01 4.373313304312350658e-01 5.207099472856570044e-01 6.149534662341999969e-01 5.251397679515750205e-01 5.327226300741313425e-01 5.826330486932885799e-01 5.790544430625532701e-01 4.561183261856713855e-01 3.213722428693944755e-01 4.025006112434431627e-01 3.165779144032623837e-01 3.497066447673031209e-01 4.806476844118192648e-01 3.687751782613504781e-01 3.953323858616560327e-01 4.330542393279371849e-01 5.133553827115903134e-01 5.249760710792724661e-01 5.235628389495983193e-01 4.008085264591464969e-01 4.342071776629184421e-01 4.772910668428640424e-01 4.996083213768839348e-01 5.130094496496725442e-01 4.984554247202276356e-01 4.709742798669132036e-01 5.259216899285591440e-01 5.155719871348077854e-01 5.404144456767641103e-01 5.333458980557052032e-01 5.917067213194165953e-01 5.793874073981505335e-01 5.963691094446409435e-01 6.013605234419368006e-01 5.853619933266053232e-01 5.841150756618318507e-01 5.640530810232248227e-01 5.660295482517569976e-01 5.431736923641584669e-01 5.338224743380131088e-01 5.497580153330197117e-01 5.581259744958362301e-01 5.855634708793822085e-01 5.778920486992661365e-01 5.204365067931260302e-01 5.148405635166660721e-01 5.385880203295526636e-01 5.211696017110961643e-01 5.796333798962691741e-01 5.408049973898658713e-01 5.650721622610096473e-01 5.590006264141405001e-01 5.328645062135367594e-01 5.354148437159218510e-01 5.438245219838447886e-01 5.482617212181335464e-01 5.164949256124712340e-01 5.585034468438787592e-01 5.416122743365706649e-01 5.317889003108438040e-01 5.216991631716108024e-01 5.652608413231116069e-01 5.708356821285560656e-01 5.272800836989713913e-01 5.481058731999622902e-01 5.672310676408803820e-01 5.640220019483743741e-01 5.627885059995612060e-01 5.179945953859772523e-01 5.468566400548183770e-01 5.349692106765678856e-01 5.508697204615348175e-01 5.548430213722964632e-01 5.516565760483467251e-01 5.414785367892402945e-01 5.671165122360005695e-01 5.595385674308511748e-01 5.675919694466362575e-01 5.694044061673303458e-01 5.697381524505702455e-01 5.461061041467680788e-01 5.911201924149814824e-01 5.848091232426436692e-01 5.909795874110963521e-01 5.825944862548175784e-01 5.727026588463006718e-01 5.622065007359339228e-01 6.080652955149897787e-01 5.635386588372586214e-01 5.754610634923479351e-01 5.837810909573585283e-01 5.969225791657362112e-01 5.785478617644355115e-01 5.881543790833626550e-01 5.880089348947840078e-01 5.789133041871108443e-01 5.532675126370488750e-01 5.637763447801011907e-01 5.584792090405243936e-01 5.562603562731601725e-01 5.692392044427498909e-01 5.667207604121479170e-01 5.677924386917424515e-01 5.650441950068079144e-01 5.659943365313819807e-01 5.644070689274154340e-01 5.592502955522962171e-01
5.808152178220366696e-02 6.430177668832499915e-02 1.696491665902299939e-01 3.356048908625191562e-01 1.000000000000000000e+00 2.810595522182549044e-01 4.216008320303114565e-01 4.657299124662737100e-01 4.115087153794290686e-01 3.876797337554125367e-01 4.346159861032871663e-01 4.628299136627789245e-01 4.479821916471102838e-01 4.287443494202385907e-01 4.674284208142203689e-01 4.876491284734481013e-01 4.141795934217070707e-01 2.969769685988375985e-01 3.482453792788001157e-01 2.481640874894912030e-01 3.122819033788909460e-01 3.965238365372287244e-01 3.573662082034585463e-01 3.275164050059689580e-01 3.592017430102361630e-01 4.604593347467782483e-01 4.618595882032679456e-01 4.455899220529930815e-01 4.171425545593929751e-01 4.175628562313796199e-01 4.558178106352974712e-01 4.324239969411728945e-01 4.275045337383233668e-01 4.194593567298299797e-01 4.160511282448324244e-01 4.362768297919829563e-01 4.514751835482171405e-01 4.583483444801210172e-01 4.524379099662526604e-01 4.865373688843619981e-01 4.772026027364986156e-01 4.889184960432487737e-01 4.810416269332502548e-01 4.838393151979889506e-01 4.878366039071748705e-01 4.753218203926719010e-01 4.822192860110905976e-01 4.724277390759278328e-01 4.661774434740928452e-01 4.652294748627880949e-01 4.748421991863484570e-01 4.726827686757184011e-01 4.852510287906886544e-01 4.628897401827631874e-01 4.598575399904054617e-01 4.674059132292697205e-01 4.550247898455961337e-01 4.824070862929361603e-01 4.735515658721534682e-01 4.836274583073151834e-01 4.779599643645364160e-01 4.649522038008422342e-01 4.589979963406420893e-01 4.746900408014937400e-01 4.748584911336058978e-01 4.625465091058126310e-01 4.736174337897766096e-01 4.615239874500224326e-01 4.566865169860885310e-01 4.411496090917080837e-01 4.710676615590081440e-01 4.786436269704463786e-01 4.403474872037754784e-01 4.623108420912629413e-01 4.900276479988046052e-01 4.820914042542691069e-01 4.801290375078570150e-01 4.687190583299740698e-01 4.725450925804387525e-01 4.721621541506655362e-01 4.717664919096865028e-01 4.827532447556237005e-01 4.660767940252412145e-01 4.690232393583889103e-01 4.695109372284899663e-01 4.700352326615414023e-01 4.824337369958243138e-01 4.729188125111736252e-01 4.786292011957827830e-01 4.697350897710432793e-01 4.830330330129396499e-01 4.833632752909581831e-01 4.885549071364349016e-01 4.828473568472085864e-01 4.803464293549475350e-01 4.776237452684501394e-01 4.795480007006626133e-01 4.693333751316425273e-01 4.786096614405860872e-01 4.818625896971254763e-01 4.828359510697612933e-01 4.743311806055922064e-01 4.873925556833326733e-01 4.842725495581179374e-01 4.820131042537669774e-01 4.665957939729243331e-01 4.748042029104911910e-01 4.764884110901332348e-01 4.745132144954560816e-01 4.801634388961817379e-01 4.769952102363841928e-01 4.822736273273200425e-01 4.732413145640840813e-01 4.774597927323550040e-01 4.799115860145144463e-01 4.776883275102093429e-01
4.332453344571190329e-02 8.509686374215422178e-02 2.163452728921711754e-01 3.666298482039976880e-01 2.810595522182549044e-01 1.000000000000000000e+00 5.033648349790278420e-01 4.831163682819164529e-01 5.277510673970464694e-01 4.866764320032735958e-01 5.298736254814930824e-01 5.517447825737464839e-01 5.214233288139514810e-01 5.364546906399334514e-01 5.710279994920702817e-01 5.762563321500828728e-01 5.061321791129798076e-01 4.329270562501401631e-01 4.832690720779229676e-01 3.904847419297635125e-01 4.319381827637320259e-01 5.087916044198205201e-01 4.901278881466071824e-01 4.701549977402040281e-01 4.813943559325106203e-01 5.736771406115015459e-01 5.660990016842106787e-01 5.644956321533202148e-01 5.271777141687711277e-01 5.342173764877602427e-01 5.636622683680240220e-01 5.502784910373191840e-01 5.274396829933428732e-01 5.409396182605693548e-01 5.332465414196096987e-01 5.427144248269418769e-01 5.637961184737187992e-01 5.836077074664319797e-01 5.741505522538042916e-01 5.822667822881471000e-01 5.873706515255149307e-01 5.905184358348291029e-01 5.842383120303554778e-01 5.926409272831240083e-01 5.908768573039417937e-01 5.880443646903331656e-01 5.874323270521089047e-01 5.888727968845650640e-01 5.796718049750299029e-01 5.656638216941803909e-01 5.871889290610341483e-01 5.554498212826580739e-01 5.876268401444795231e-01 5.829838917888710004e-01 5.818113821964785437e-01 5.886201648529677533e-01 5.718563156975542405e-01 5.914420564944519176e-01 5.840080415265970215e-01 5.905579970623071606e-01 5.847668690062708396e-01 5.845857028696285207e-01 5.795636628842769644e-01 5.836017181614391314e-01 5.788837890568643285e-01 5.796225164565711463e-01 5.925739249897326033e-01 5.978119808071959973e-01 5.858182097520927556e-01 5.833464566645423233e-01 5.986001021905731356e-01 5.984849394782127963e-01 5.856605914268065982e-01 5.929045235385186352e-01 5.976520547637781400e-01 5.944233116413575324e-01 5.964227084100124365e-01 5.809957939403508353e-01 5.929040800485242402e-01 5.849132859643249027e-01 5.981073242289510761e-01 5.964457880662491496e-01 5.910803738672009144e-01 5.845522821353187348e-01 5.836495723262066226e-01 5.893532058384723937e-01 5.992419662376745615e-01 5.958069230970551855e-01 6.006535775328747384e-01 5.924561501662477525e-01 5.978036652748776048e-01 5.982770829867193330e-01 6.005241095026351283e-01 5.997887357435536249e-01 5.922163974841869738e-01 5.926192705994778320e-01 5.878093729768781861e-01 5.795053484632550767e-01 5.932342604252717200e-01 5.968565445268446679e-01 5.954503873013908821e-01 5.911692738483320664e-01 5.917279032951381357e-01 5.949435535249514295e-01 5.954257794280873872e-01 5.843197262225445776e-01 5.904132664162037303e-01 5.886515943981616150e-01 5.950406667647242243e-01 5.946020071654123385e-01 5.952115949030994946e-01 5.941505364108837783e-01 5.919373095923524675e-01 5.891333015251062344e-01 5.894895540039606363e-01 5.876754085221231882e-01
-1.681650814531956972e-02 9.826132183886264471e-02 2.818617626963080269e-01 5.446970315875963031e-01 4.216008320303114565e-01 5.033648349790278420e-01 1.000000000000000000e+00 6.950530364112925685e-01 6.531176702945390433e-01 6.341473896778833108e-01 6.885879746210575858e-01 7.627238975800323395e-01 7.095392175150573300e-01 7.166353285135161899e-01 8.288123907185540595e-01 7.957349495682196627e-01 6.289336608647664306e-01 4.603256656819602610e-01 5.394067338834190872e-01 4.602023373126993278e-01 4.514605956159741806e-01 5.970285024947188379e-01 5.761634032570278618e-01 5.313506259504986451e-01 5.550366266554606076e-01 7.081372011515049136e-01 7.224263490611334548e-01 7.322512290656474354e-01 6.545868726173844632e-01 6.442498259288581552e-01 7.017121315863477093e-01 7.151766258487882721e-01 6.829260566827212164e-01 6.770118092976087354e-01 6.655317228848032229e-01 6.831465651562286245e-01 7.081049433590317355e-01 7.660022452830282935e-01 7.386029201823250956e-01 7.766701457992575275e-01 7.799720347328918946e-01 8.015472788539783622e-01 7.884191876132127241e-01 7.851702900518029438e-01 7.771830733608595665e-01 7.780375955020051304e-01 7.896774689371001132e-01 7.800417140769942970e-01 7.549689326703062919e-01 7.365019547940145905e-01 7.642414534477827148e-01 7.288440267599921585e-01 7.710730043048986682e-01 7.547371482365279327e-01 7.504141583075509825e-01 7.650798031582134451e-01 7.320966292405042264e-01 7.951633542910792052e-01 7.695467220942177056e-01 7.844908957390629434e-01 7.707133606899143619e-01 7.591221982050746497e-01 7.633147518487375383e-01 7.628470886693434760e-01 7.528495904001945016e-01 7.353202055315312125e-01 7.883557135904117885e-01 7.667591712881611787e-01 7.651463690722617450e-01 7.440936770276675993e-01 7.626266232716296667e-01 7.803338761907465670e-01 7.412171454959818329e-01 7.505157553214026889e-01 7.895340673153939948e-01 7.841611507694730143e-01 7.897873296207811311e-01 7.644992670772844390e-01 7.791303724916063267e-01 7.626841724384938459e-01 7.741942579190372875e-01 7.832065262244432002e-01 7.757569950562566152e-01 7.652673508002342251e-01 7.822247462210448754e-01 7.735102665768049945e-01 7.860376774315266379e-01 7.996622275257431189e-01 7.955513092428052602e-01 7.783529793940603403e-01 8.040790161940353231e-01 8.060531800417188864e-01 8.012219686140865660e-01 8.030465414539624813e-01 7.979511656992573920e-01 7.933279267641556443e-01 8.042065350325707795e-01 7.689275896095643104e-01 7.923634702939874597e-01 7.991003929853646159e-01 8.061914802130749624e-01 7.947470065383510640e-01 7.957956783300379477e-01 8.033294366206746862e-01 7.877246237346091640e-01 7.746697515973820503e-01 7.885861226632986387e-01 7.887219656829688175e-01 7.846339824384783723e-01 7.964517569651697881e-01 7.954913452842434785e-01 7.925685480633315461e-01 7.902923889233518517e-01 7.876636511745793712e-01 7.840199595423887891e-01 7.783692264050350307e-01
3.743935810594656299e-02 1.161928341726090469e-01 3.101493313384157124e-01 5.127531302977794692e-01 4.657299124662737100e-01 4.831163682819164529e-01 6.950530364112925685e-01 1.000000000000000000e+00 6.913692815910793543e-01 6.383318235000938756e-01 7.132648235674703407e-01 7.534190878687069270e-01 7.139548150341151755e-01 7.122528186433771946e-01 7.915412826725395368e-01 7.964019970948048588e-01 6.837454764080370673e-01 5.476059046072656589e-01 5.910988637438677751e-01 5.210947093571643984e-01 5.644635516236816697e-01 6.407871511112788188e-01 6.163414445996506785e-01 5.876550673818307091e-01 5.877064381967898044e-01 7.467506487025881157e-01 7.531668231493467980e-01 7.464568726333350446e-01 6.880401503542789010e-01 6.927022138946186125e-01 7.361622145768521586e-01 7.353350483648463110e-01 6.925487184531167184e-01 7.076682102781604033e-01 6.890572368709091400e-01 6.931718229794090469e-01 7.309327083738516029e-01 7.752594311783636005e-01 7.487853910601564023e-01 7.735000562382364775e-01 7.849472071321484945e-01 7.851835634872200709e-01 7.709005874651164714e-01 7.927012336887401256e-01 7.779528209925243853e-01 7.802045494999098052e-01 7.908008634674853488e-01 7.870455194985808145e-01 7.850447421547240845e-01 7.542664332229566115e-01 7.891866404298577553e-01 7.420169188930915150e-01 7.834530513839891297e-01 7.859078266309557081e-01 7.844277073196785910e-01 7.847972471432630437e-01 7.787498814235285227e-01 7.930564274934772673e-01 7.941241027953847009e-01 7.954048009614282932e-01 7.926468291647624786e-01 7.948111489540016228e-01 7.885200809015086021e-01 7.882003954149349179e-01 7.700509637050009237e-01 7.773935752950040801e-01 7.888953788739709871e-01 7.825424857449233551e-01 7.682150474253210959e-01 7.726899335636693289e-01 7.852256982072314262e-01 7.850499682814087166e-01 7.592576186095860713e-01 7.677863198743515305e-01 7.939163119842340688e-01 7.922568607637398008e-01 7.903744706719566526e-01 7.697287410205371216e-01 7.837712847004371097e-01 7.746655835479104857e-01 7.833219685127761345e-01 7.912552247231584568e-01 7.814902968815248263e-01 7.696096672500367664e-01 7.724625567697013251e-01 7.765401889599928831e-01 7.832800889709893299e-01 7.902364412234403890e-01 7.858392921960174471e-01 7.875245496092090347e-01 7.920991704166382430e-01 7.970951906910894724e-01 7.954846621244334726e-01 7.947403546404677721e-01 7.924656689076405858e-01 7.901439015065058191e-01 7.827691207518937544e-01 7.782696805051296796e-01 7.911293998289784524e-01 7.935854422470594027e-01 7.913005846123897236e-01 7.932201796324632737e-01 7.933363898591564434e-01 7.933055041120009587e-01 7.894870642267578509e-01 7.852852263605182292e-01 7.915200849570949160e-01 7.903472259646490139e-01 7.923850466391244574e-01 7.972868118560824113e-01 7.989104639474969849e-01 7.942355531349177822e-01 7.950373248740411070e-01 7.889488237412075611e-01 7.889123501305103092e-01 7.908906096868646429e-01
1.704109525511294243e-01 1.969729953930373645e-01 3.282400148080770186e-01 4.532378353977997154e-01 4.115087153794290686e-01 5.277510673970464694e-01 6.531176702945390433e-01 6.913692815910793543e-01 1.000000000000000000e+00 7.383684614134805591e-01 7.870921543439950430e-01 7.834160618175149970e-01 7.404481880150548534e-01 7.579376069676669880e-01 8.060301235247758767e-01 8.133944056189741367e-01 8.103800341390118289e-01 6.286041672871087727e-01 6.744627829598013324e-01 5.823189962004667874e-01 6.319827930427381890e-01 7.046359576884584364e-01 7.254069855781116738e-01 6.820995025076505014e-01 6.844535782643024202e-01 8.361964720300020248e-01 8.315618131696126403e-01 8.248081105354582165e-01 8.112892882635298619e-01 8.183065196729653046e-01 8.431940883506634510e-01 8.225732028071258695e-01 7.622615714340964521e-01 7.966660213904562804e-01 7.878616120153186797e-01 7.692601169314912113e-01 8.165557049439355897e-01 8.347131765763332600e-01 8.344566173171502621e-01 8.031787296985249958e-01 8.523488413482505077e-01 8.297685429091844478e-01 8.073233123018309643e-01 8.522811856312482170e-01 8.405471353942611801e-01 8.408509174873408654e-01 8.563582634934908677e-01 8.689369097044060686e-01 8.695257428132577848e-01 8.309662035298988059e-01 8.522644765079551155e-01 8.001139515251691758e-01 8.450988154490727267e-01 8.706872929434009700e-01 8.627656766331751603e-01 8.473881788558290662e-01 8.614739401081346060e-01 8.477266897206195972e-01 8.486797047747743905e-01 8.687299163824434567e-01 8.568039112498376797e-01 8.632138791663147570e-01 8.487156500593756592e-01 8.702711621613403725e-01 8.683044700024943330e-01 8.785072554252585375e-01 8.686876271456066556e-01 8.639369734999120531e-01 8.588025432956671867e-01 8.536203176285040994e-01 8.514738478910158781e-01 8.618435205778758323e-01 8.476602662211705219e-01 8.513044667760055750e-01 8.683015883998844719e-01 8.702253210421683205e-01 8.644096700277329459e-01 8.598116971973926992e-01 8.637872041438130477e-01 8.658342505203884265e-01 8.687567775136136872e-01 8.730032848907105514e-01 8.624445259593498392e-01 8.551461760477819807e-01 8.490242673760242109e-01 8.564219214541498593e-01 8.562416515965345365e-01 8.500518119586988330e-01 8.537370603313331197e-01 8.571675224645401991e-01 8.474802792514525285e-01 8.554841868248733716e-01 8.544165205765664739e-01 8.563621875233229375e-01 8.564074672706765146e-01 8.607528425054041810e-01 8.267814598127203318e-01 8.576466761285317375e-01 8.557670867189339781e-01 8.563414588831840257e-01 8.448532965104362802e-01 8.518874864032132121e-01 8.556429195114697572e-01 8.518436967153518724e-01 8.577200327515256406e-01 8.563594182426715884e-01 8.671132728599729722e-01 8.625429309141094958e-01 8.610104257257571447e-01 8.598783821536906125e-01 8.564143759453439753e-01 8.651925264047659603e-01 8.573470286642514981e-01 8.641723613344559629e-01 8.674421657112945105e-01 8.675345123842346240e-01
8.786390632227299158e-02 1.944335398652347058e-01 2.793462450205795311e-01 4.373313304312350658e-01 3.876797337554125367e-01 4.866764320032735958e-01 6.341473896778833108e-01 6.383318235000938756e-01 7.383684614134805591e-01 1.000000000000000000e+00 7.251259328281981498e-01 7.255473490223240951e-01 6.855387139897735072e-01 7.193790605110106373e-01 7.561382371117780776e-01 7.619966829273274733e-01 7.083613032723812264e-01 5.617715442291519867e-01 6.012888612243504349e-01 5.273794389386787795e-01 5.580151090663709734e-01 6.174168615805296634e-01 6.717066383535731378e-01 6.002035587049142640e-01 5.986724846229857233e-01 7.656105751782839031e-01 7.539345156202345022e-01 7.557751071822604860e-01 7.292244266472177605e-01 7.272473828849975730e-01 7.575847815969722898e-01 7.514757745169468039e-01 7.056481369684780569e-01 7.159100537920355389e-01 7.177869619715102623e-01 7.039361841764854022e-01 7.454738728706403750e-01 7.747590536825279539e-01 7.611988320458820123e-01 7.533126683453842398e-01 7.896971466947845242e-01 7.737270275195438085e-01 7.527944459084252582e-01 7.824984148316803667e-01 7.704247279167347751e-01 7.784214055214050410e-01 7.910380207088659743e-01 8.021638531515492554e-01 7.906707134182149321e-01 7.486790615771394819e-01 7.799047532122457271e-01 7.242691558155004428e-01 7.746944141366105541e-01 8.028630462252956956e-01 7.918383874518597487e-01 7.950323205035760843e-01 7.828646286122704634e-01 7.896164924362272242e-01 7.865258350945630861e-01 7.977771255679133589e-01 7.832074131409301199e-01 7.932278988247388751e-01 7.821046723636304598e-01 7.900948073267711758e-01 7.815524068117660761e-01 7.961936480579664410e-01 7.996242746363103615e-01 7.913901131970957348e-01 7.894299108861282388e-01 7.815019820832385111e-01 7.761417577986675642e-01 7.858495193054384487e-01 7.705422995959444465e-01 7.735586949618411534e-01 7.999826600380989250e-01 7.964454284841745446e-01 7.965488400049659523e-01 7.890145306775168121e-01 7.912815875553704803e-01 7.873927924227167585e-01 7.900022384925963204e-01 7.998596853273728380e-01 7.972057676330546183e-01 7.833765104993918316e-01 7.787355126947960171e-01 7.840942642773760518e-01 7.934248545189251933e-01 7.907989899102703113e-01 7.884218675215971528e-01 7.991249757010651100e-01 7.872942144523207286e-01 7.920881486396648130e-01 7.917638439503849046e-01 7.910600426753875425e-01 7.919640106743462971e-01 7.968342149779868988e-01 7.683650061035265377e-01 7.798868442582953531e-01 7.881950182458965504e-01 7.879628055325104130e-01 7.819198676790103386e-01 7.886216610246962189e-01 7.899146813579901449e-01 7.878102291853062988e-01 7.921343186568451378e-01 7.918832589520558018e-01 7.960719543723170366e-01 7.980846366340945686e-01 7.984455146422505534e-01 7.945363498568606131e-01 7.957736539934721076e-01 7.977504066467727695e-01 7.961475619452988983e-01 7.937204650136037154e-01 7.940919507642817399e-01 7.986714436452247989e-01
8.029674855958453261e-02 1.491736491208699444e-01 3.381088474292166524e-01 5.207099472856570044e-01 4.346159861032871663e-01 5.298736254814930824e-01 6.885879746210575858e-01 7.132648235674703407e-01 7.870921543439950430e-01 7.251259328281981498e-01 1.000000000000000000e+00 8.263366632358529751e-01 7.528145808080847212e-01 7.791053596148018734e-01 8.317530808701013578e-01 8.316504365412600297e-01 7.708453966757693454e-01 6.367802088874341404e-01 6.872867646148240750e-01 5.960883296396868314e-01 6.385535182392770848e-01 7.232253727368371798e-01 7.159520470406582904e-01 6.939033080444246826e-01 6.922749312793909926e-01 8.342394319294141880e-01 8.406083083823169266e-01 8.334066019458035157e-01 7.882985015461547729e-01 8.134315383292213264e-01 8.363432137235388142e-01 8.285026314614378773e-01 7.977509225225876133e-01 8.113597158547305455e-01 8.086945090880434117e-01 7.987469435549749974e-01 8.362195898181613574e-01 8.562519183741764683e-01 8.535897012212625423e-01 8.412524657394603311e-01 8.694504660584094768e-01 8.581521617817077230e-01 8.456510580784505349e-01 8.700831708227414474e-01 8.675136978029384105e-01 8.590021118581758763e-01 8.679312335746135476e-01 8.713383525096213278e-01 8.667669509133731909e-01 8.464129688026122977e-01 8.668228969842546316e-01 8.259827131896350094e-01 8.591642765448475050e-01 8.680363390793063294e-01 8.630639927693555258e-01 8.612013492652501601e-01 8.585689581062104780e-01 8.669806485256749129e-01 8.631397417294626173e-01 8.752922981575822492e-01 8.678978966108384929e-01 8.670749530999193322e-01 8.574962078248681285e-01 8.749981497973949862e-01 8.659101606139373297e-01 8.690002905475827655e-01 8.774256167920334581e-01 8.755588269039672467e-01 8.637087417136329881e-01 8.637626604455740376e-01 8.698181192940285245e-01 8.771198434611384709e-01 8.595323036916147075e-01 8.664044657727332233e-01 8.799742926790448116e-01 8.783115317553450430e-01 8.744641128174479583e-01 8.622792852509091333e-01 8.739560778785070427e-01 8.741281338918058808e-01 8.782748931524957392e-01 8.790940289449087341e-01 8.723325995795481180e-01 8.708581778873566437e-01 8.663222738716577220e-01 8.740919181203119503e-01 8.777323458878936169e-01 8.701553417988544536e-01 8.758913194578955563e-01 8.685772901584464245e-01 8.738252747058755654e-01 8.746025222765242413e-01 8.789844380891256304e-01 8.756310493695674824e-01 8.718477263005472988e-01 8.742689765645645927e-01 8.595196951231713900e-01 8.662461931597248421e-01 8.725339211426550445e-01 8.753881141571308033e-01 8.724580770058125712e-01 8.728425130354745543e-01 8.720765686955588292e-01 8.729311627977346388e-01 8.757971819152070569e-01 8.683010756593781965e-01 8.750998833353640372e-01 8.742297218591431607e-01 8.753802201956416562e-01 8.743056546917185035e-01 8.728354647431166846e-01 8.770653140471209586e-01 8.739304243203362965e-01 8.744093836828882305e-01 8.769117888169747355e-01 8.758603313057540252e-01
-2.413124046362772820e-02 9.473545811210785927e-02 3.413174886839221434e-01 6.149534662341999969e-01 4.628299136627789245e-01 5.517447825737464839e-01 7.627238975800323395e-01 7.534190878687069270e-01 7.834160618175149970e-01 7.255473490223240951e-01 8.263366632358529751e-01 1.000000000000000000e+00 8.098048613334269952e-01 8.400455938705004844e-01 9.024894929030666813e-01 8.949129524338368391e-01 7.593004103583276265e-01 5.491331972494121194e-01 6.276578985530337773e-01 5.213763848387497069e-01 5.558635887578148305e-01 7.007913475403568793e-01 6.740752227919231121e-01 6.278249372198030365e-01 6.484960987109857911e-01 8.345321810935871776e-01 8.404124250821609632e-01 8.401592057500437694e-01 7.621172228078205713e-01 7.731350330160888795e-01 8.151195714298826722e-01 8.274939207718625678e-01 8.155197712373801755e-01 7.988707600246015561e-01 8.010391296381729198e-01 8.003853977957532395e-01 8.290000494438727330e-01 8.834761140449149952e-01 8.675060578075892703e-01 8.887480767120921055e-01 9.093526298898608751e-01 9.150231130360887422e-01 9.053540242211528533e-01 9.158439100289027524e-01 9.031498108851161444e-01 8.982469796027451325e-01 9.252451710452928024e-01 9.137161367572071979e-01 9.004251854098548336e-01 8.783883598677938442e-01 9.030862846704722502e-01 8.717493847116917216e-01 9.134227885264384339e-01 8.921281636137450288e-01 8.886552542002625898e-01 8.897357538891824680e-01 8.806724191004833280e-01 9.225736333775000908e-01 9.041707325501204817e-01 9.244349219539959028e-01 9.177587552085318956e-01 9.006385553671930611e-01 8.923562710942557485e-01 9.075061031474669360e-01 8.928240935385347576e-01 8.839734956796634346e-01 9.194025008817736655e-01 8.909879117619664557e-01 8.912176703732623828e-01 8.683440425214337122e-01 8.878820074628462899e-01 9.084276918662136380e-01 8.631761946142659792e-01 8.787251335327361801e-01 9.235670487190682509e-01 9.177661418084512857e-01 9.189238489503123164e-01 8.921087498496923507e-01 9.047427834489327747e-01 9.008444492717194718e-01 9.065970704186834261e-01 9.130770551934839219e-01 9.000497370273480291e-01 9.075431867132959241e-01 9.128131216991358654e-01 9.039102898172368672e-01 9.140802155606542190e-01 9.201217900865545918e-01 9.214696419930491489e-01 9.051366121618306115e-01 9.279496922956642635e-01 9.349670240842047342e-01 9.293214758084719085e-01 9.302988269028378276e-01 9.317361680019896619e-01 9.275488521257311270e-01 9.276522111871210452e-01 9.090990179699421914e-01 9.297738900522509731e-01 9.284116843055412183e-01 9.328995928413518213e-01 9.252038432936127155e-01 9.318408803628992487e-01 9.351204613250709841e-01 9.227950260250558090e-01 9.116400354525472371e-01 9.245240773087187724e-01 9.247731989305577605e-01 9.198823752639473383e-01 9.287893091136654178e-01 9.236168389293512027e-01 9.287382355482458607e-01 9.245306033619309360e-01 9.244877534319047019e-01 9.199419675130741103e-01 9.212703113875949645e-01
2.293485051353552628e-02 1.112729425831430335e-01 2.900973268719518328e-01 5.251397679515750205e-01 4.479821916471102838e-01 5.214233288139514810e-01 7.095392175150573300e-01 7.139548150341151755e-01 7.404481880150548534e-01 6.855387139897735072e-01 7.528145808080847212e-01 8.098048613334269952e-01 1.000000000000000000e+00 7.621365565744282478e-01 8.305513340068799710e-01 8.333750636036403314e-01 7.047569608223764881e-01 5.367357427402033032e-01 6.126685376534969363e-01 5.064521773105842284e-01 5.327823051829085887e-01 6.635800044925296293e-01 6.519080024662587958e-01 6.052123563802646045e-01 6.170939602713634287e-01 7.854212330156806754e-01 7.833233475765526421e-01 7.890287831282879472e-01 7.349593614431058075e-01 7.394273388622080168e-01 7.776392815794178626e-01 7.806011962494164846e-01 7.423135138519406651e-01 7.493673974675849614e-01 7.492951812542569812e-01 7.410677052043783686e-01 7.802429930918869383e-01 8.170754311221800625e-01 8.049560144044959342e-01 8.125812357976727185e-01 8.363516238927187763e-01 8.370861855063482793e-01 8.194877379489131641e-01 8.387452530527393924e-01 8.323918646199083282e-01 8.313137108922427077e-01 8.474890573774653824e-01 8.473907955164164951e-01 8.304260525351296884e-01 8.034197387413535285e-01 8.283571930827764440e-01 7.921868596403793816e-01 8.365055904493982064e-01 8.327146328266061825e-01 8.295995103221696088e-01 8.264400427708190611e-01 8.143907427347594208e-01 8.450577184482905846e-01 8.342806009640789666e-01 8.486151812310664955e-01 8.391799499996317468e-01 8.317849002211274989e-01 8.259937371653739424e-01 8.356638597457523021e-01 8.246859283638777738e-01 8.217220302150020084e-01 8.493045009856045047e-01 8.311890379385403760e-01 8.260480116398337680e-01 8.092889606112735335e-01 8.260504930701166870e-01 8.395577494997412682e-01 8.063077459854530726e-01 8.169088955881821379e-01 8.503759183331562888e-01 8.474470179744352238e-01 8.494867530167222736e-01 8.297882243947236613e-01 8.357026962089291189e-01 8.352433565680327243e-01 8.417879482905963329e-01 8.476245205689518780e-01 8.354753006771062918e-01 8.303991553274674420e-01 8.397390570537759391e-01 8.334289226568007969e-01 8.434302303047018778e-01 8.463791279011468882e-01 8.475787863995316584e-01 8.378020262258205619e-01 8.490237824251646304e-01 8.551704448766256350e-01 8.543178838699089228e-01 8.527351148690874849e-01 8.533202372134077729e-01 8.515971532808598310e-01 8.433153389270712230e-01 8.359262420718112097e-01 8.499018991202937912e-01 8.503561991824398758e-01 8.506625671363420294e-01 8.473745333705516858e-01 8.533602973916234458e-01 8.532128036212792699e-01 8.479545899006560861e-01 8.389430745422600255e-01 8.494964723609713664e-01 8.499420021027018768e-01 8.471197536337522482e-01 8.506998994066936604e-01 8.504861491758923808e-01 8.527510434013341190e-01 8.485644958872007315e-01 8.471938055904139064e-01 8.465726742019507034e-01 8.467808969089916094e-01
