1.000000000000000000e+00 7.525991980575520712e-02 5.411127725016505463e-02 9.712819074156818500e-02 5.957020849669943281e-03 3.556846644041768927e-03 1.243766582030768342e-02 1.967973985453156868e-02 1.512526675146900201e-01 3.710075984209868644e-02 3.264886563051004609e-02 2.076576235027990935e-02 4.584295221131021170e-02 -1.998756871514864933e-02 -6.596651959424507973e-03 8.086230014046303857e-03 1.209045259095431063e-01 3.097933777048169149e-02 -6.993770922867350963e-03 -9.229726857635608961e-03 5.016526311217407025e-02 2.548855256507712858e-02 5.676266719870073398e-03 -1.005090921010032452e-02 -1.231165553728444384e-02 7.826713800360905748e-02 9.294208464100699174e-02 4.749317671374189004e-02 1.460462266996685465e-01 1.317358623653820948e-01 8.946270710352054178e-02 2.041499414612290078e-02 -3.220939079108419562e-02 1.814189174585060724e-03 2.507805910444375896e-02 1.176587834000200096e-02 6.310188901211410961e-02 -2.664660745110069423e-02 6.540355519759214267e-03 -1.035591370619775714e-01 -1.097454445393155655e-02 -2.510725244609000872e-02 -7.007494937454274153e-02 8.549509650629793373e-03 -7.537807192232012093e-03 6.338097777046049035e-03 5.819858491032638831e-03 1.748295346752046925e-02 8.821289214303452975e-03 -8.787611232649775173e-03 -3.120228351311582840e-02 2.004848383515989846e-02 1.547454297374165240e-02 2.419189078497500575e-02 3.067742378364604269e-02 1.110245050025293265e-02 3.661743283446478731e-02 2.024582949472233939e-03 -1.611172645163376493e-02 3.049592623236998742e-02 4.234065138616664552e-03 2.133274959753022823e-02 9.207111230116766382e-03 5.461855784504859868e-02 8.278171167711650957e-02 6.524246017426052480e-02 2.482492211637810087e-02 1.757039087117134857e-02 2.757508706023293829e-02 9.554530410676494862e-03 5.173207237513033525e-03 2.001468104178641405e-02 4.246884729536114060e-03 5.777522669776727349e-03 2.665683626825432820e-02 2.909156353289683514e-02 1.658820378018605393e-02 5.749610802573763835e-02 2.663441250407840022e-02 4.684891697275062050e-02 4.108790181294200150e-02 3.819824060930879228e-02 3.138320224005093639e-02 1.512442322485611258e-02 -3.885363362596505306e-04 1.276474644667880548e-02 1.794210563418038515e-02 -1.290810249454387359e-03 1.300667167432108945e-02 1.119285781654968427e-02 -2.740957257846392964e-02 2.727083232443125883e-04 6.234662647829610459e-03 1.103438084917205721e-02 6.305603132736272397e-03 8.318131486861311125e-03 4.888165148450272779e-04 8.018274914496595351e-02 1.461959725926407182e-02 -8.824749621488044843e-03 -1.664484860109888623e-02 2.570615324769312190e-02 1.575075321140436552e-02 1.238645376489358463e-02 3.944360516404920441e-02 3.370891362117937190e-02 2.745171424226537649e-02 7.546866040395236799e-03 1.336182314116694629e-02 5.128533229874139045e-03 -1.008075145268714931e-04 1.979941410636278792e-02 1.928209218670047173e-02 4.958510509945707884e-02 5.168745063781789856e-02 4.125169424423273667e-02
7.525991980575520712e-02 1.000000000000000000e+00 8.553215793419281787e-02 1.218751190623495601e-01 3.756440213789138949e-02 1.091534304501668995e-01 1.355191587098923678e-01 1.429899134567219343e-01 1.830366941297409955e-01 1.598222671779693516e-01 1.639230373896558013e-01 1.613157495482977488e-01 1.624361682172938692e-01 1.295813095546983207e-01 1.496485558174178443e-01 1.398838284798032405e-01 1.744092175894750296e-01 1.460216164075347767e-01 1.282272251769779325e-01 1.133052684744482730e-01 1.192341894669831925e-01 1.412010892102531223e-01 1.470031189377232206e-01 1.045472499784464299e-01 1.053235611290641444e-01 1.723644271475196776e-01 1.744698312365854098e-01 1.482457594730088313e-01 1.769216501659171270e-01 1.746971597824921729e-01 1.732210532029676009e-01 1.598138508349815079e-01 1.344888635903207785e-01 1.503708109918966696e-01 1.515854897378182409e-01 1.660432150659227890e-01 1.663900588855518614e-01 1.453706935865562433e-01 1.524405756518903421e-01 1.121234682459755078e-01 1.521739104046637148e-01 1.444468453174338474e-01 1.353676000925505829e-01 1.517194313592948596e-01 1.566231814757821916e-01 1.471534092140361627e-01 1.593336745342064098e-01 1.638189822819030583e-01 1.558855033415431912e-01 1.270582933076764287e-01 1.358389252328511543e-01 1.272425269593651376e-01 1.531530136682343890e-01 1.718410345749976365e-01 1.589501781754122101e-01 1.634940985315733175e-01 1.649070493510776947e-01 1.571064547904222619e-01 1.425207440144773685e-01 1.666676120552720297e-01 1.588353308596427149e-01 1.658924012209612164e-01 1.465709201312462295e-01 1.767312051269937512e-01 1.805062265234604890e-01 1.783145617324931320e-01 1.680507125573776073e-01 1.613980636660359014e-01 1.638450747968889232e-01 1.597354427847948732e-01 1.540765120620878892e-01 1.634617715648344072e-01 1.555796034277792117e-01 1.463482343818324205e-01 1.668723552342100958e-01 1.661386759969648297e-01 1.622246429847397642e-01 1.758979606845334775e-01 1.637945805562200652e-01 1.718598190167111850e-01 1.693031952106027194e-01 1.706429730160548275e-01 1.718098460268860928e-01 1.632939565465078846e-01 1.489354388897210224e-01 1.570096656030764148e-01 1.659872104939968118e-01 1.569347527747250726e-01 1.629692090333954846e-01 1.662777392770231899e-01 1.527793927183311029e-01 1.561408619301546674e-01 1.617105339519392948e-01 1.589460133061872948e-01 1.606646754341966854e-01 1.613050765516036711e-01 1.403088850377821328e-01 1.648553322679844058e-01 1.576654551584699415e-01 1.509580515202839091e-01 1.506586050715492120e-01 1.562249522951387748e-01 1.590007406725892913e-01 1.564749051905718891e-01 1.613308095792690966e-01 1.657042732150957043e-01 1.654333673772582503e-01 1.636343619552421413e-01 1.618175513535860255e-01 1.605435007202343778e-01 1.529318419309745603e-01 1.659976560160416614e-01 1.653339107010702302e-01 1.684717248396449540e-01 1.712802279494496094e-01 1.704217803564905820e-01
5.411127725016505463e-02 8.553215793419281787e-02 1.000000000000000000e+00 3.073707878950447392e-01 1.521277193543808803e-01 2.329843347096590134e-01 3.360152102531461793e-01 3.018322920152689548e-01 3.230235469857502539e-01 3.024527996623881942e-01 3.387785494629165228e-01 3.687630239093782070e-01 3.370097546726864568e-01 3.167291646350842149e-01 3.588327258820160903e-01 3.399115530605704705e-01 3.359247854823259050e-01 3.365817715343228378e-01 3.418480248532927424e-01 2.867877789390858578e-01 3.037367255012791145e-01 3.483254146183591970e-01 3.613657559484467208e-01 3.167363127337211592e-01 3.299776776211288398e-01 3.688903534123441075e-01 3.765559542522533554e-01 3.602583144955496253e-01 3.740938167424359140e-01 3.701844284054957579e-01 3.850384094028909132e-01 3.713943158599086192e-01 3.499245822980046605e-01 3.636315538832535776e-01 3.564876950683864565e-01 3.532410443645083165e-01 3.720692574756880311e-01 3.521487519181218939e-01 3.643049042158925110e-01 3.332064238594308336e-01 3.573950068737911656e-01 3.511099659567231135e-01 3.303306057255140371e-01 3.593852773146759549e-01 3.649617973319963515e-01 3.708863903975446741e-01 3.550834636910670250e-01 3.555270523293719842e-01 3.573837074361701505e-01 3.472396501430010107e-01 3.494262848869262306e-01 3.432459058385182171e-01 3.511829297524268756e-01 3.590976585048389347e-01 3.558595764118335225e-01 3.678968209836856462e-01 3.635594928691063821e-01 3.517616355122123450e-01 3.499383841749218460e-01 3.611968736490687171e-01 3.533100231781283185e-01 3.596719138892298107e-01 3.534739012090827304e-01 3.633705207638827095e-01 3.587963611890029880e-01 3.629323153450797479e-01 3.622920265453369870e-01 3.661645429035961796e-01 3.725793748997720534e-01 3.606168216868360643e-01 3.568854016774002380e-01 3.694187664933359372e-01 3.621877935087743916e-01 3.604611403420949767e-01 3.653086518554029549e-01 3.684539735649172698e-01 3.627917548486824240e-01 3.716093114592279867e-01 3.697077239308576568e-01 3.659738855443595562e-01 3.681276572776590039e-01 3.723074144630016957e-01 3.706438818424542814e-01 3.659470400864937578e-01 3.634192539460472937e-01 3.689948839977295614e-01 3.700977649287005566e-01 3.637644067060129549e-01 3.659386001068473115e-01 3.682541019917248137e-01 3.592750384673128461e-01 3.603075270481629899e-01 3.621528025440226006e-01 3.632146745473944782e-01 3.585247019279996228e-01 3.584625356793491591e-01 3.577840579801041532e-01 3.624605843572764052e-01 3.579415649216767248e-01 3.583142118537960275e-01 3.562469482313916358e-01 3.608838273698053434e-01 3.564773096616236647e-01 3.579531924948661792e-01 3.629683344453721316e-01 3.621751244873489539e-01 3.639216344095088096e-01 3.595015132041123329e-01 3.623627883313051412e-01 3.571654521206453770e-01 3.589924285853176578e-01 3.596549781375796839e-01 3.610479984975578649e-01 3.646107927120302850e-01 3.597006308716392819e-01 3.628612206624877712e-01
9.712819074156818500e-02 1.218751190623495601e-01 3.073707878950447392e-01 1.000000000000000000e+00 3.346190709486463466e-01 4.037249840155732739e-01 5.807837804804054649e-01 5.681107565174660090e-01 5.982655738720382699e-01 5.406989004091133921e-01 6.058652376987544441e-01 6.521327091025235223e-01 5.597375034592261267e-01 5.596375665001251942e-01 6.397618255845674007e-01 6.125103276540246888e-01 5.970259736399202710e-01 5.674293472003617556e-01 5.665585805283208654e-01 5.542557083222031666e-01 5.585591073269274842e-01 6.102851629572977332e-01 6.047042764725958364e-01 5.202730446535038800e-01 5.569693591199249560e-01 6.376694605828623352e-01 6.327070389240850856e-01 6.280792095646829942e-01 6.369316403998434017e-01 6.329562888768031081e-01 6.576112932228668218e-01 6.357560894280822605e-01 5.755701625244843411e-01 5.989777150337505240e-01 6.125679830937532655e-01 6.102796838847617256e-01 6.301941941177366946e-01 6.061691118700500702e-01 6.387574492975073293e-01 5.792988649244850130e-01 6.242979676850322068e-01 6.226392784477551290e-01 6.025519496987103985e-01 6.412067707567568053e-01 6.368524379309320471e-01 6.459253724943655461e-01 6.311832283440734770e-01 6.368427740246032087e-01 6.345342080373865823e-01 6.116863905214885433e-01 6.183604348105562476e-01 6.287877181387884207e-01 6.358438964941808269e-01 6.373250238118872701e-01 6.385230623742750300e-01 6.429202161552173278e-01 6.371178258226583013e-01 6.312460798039578602e-01 6.158009847810400617e-01 6.469558758954845334e-01 6.340777265700392462e-01 6.302868918081284688e-01 6.216355029953264388e-01 6.508563369679741806e-01 6.573264934284724914e-01 6.562349501437482191e-01 6.447493229067275955e-01 6.411452781225750464e-01 6.469899601573502190e-01 6.568471463346479133e-01 6.395210639098874994e-01 6.493081784822415381e-01 6.303398896460657985e-01 6.299708959741222580e-01 6.511579903511858225e-01 6.472144966503832197e-01 6.438220592247260177e-01 6.537110198633662161e-01 6.520045388702497835e-01 6.530257028258522611e-01 6.470330144997061828e-01 6.580713759136864738e-01 6.538482047820418641e-01 6.430687294543691035e-01 6.338767637017688195e-01 6.362261464805056832e-01 6.429024460154296738e-01 6.390368601161523499e-01 6.441274891681868509e-01 6.500816439942754821e-01 6.331018945411198695e-01 6.397843538289430532e-01 6.441190889488417337e-01 6.472689130308545424e-01 6.394301327909688304e-01 6.415501543560609976e-01 6.381378862362695470e-01 6.570424777000328787e-01 6.426350801458047268e-01 6.351439426888003670e-01 6.380226001727172802e-01 6.494106238389838470e-01 6.426033174278226179e-01 6.428861177060612997e-01 6.568987684375758862e-01 6.581807936781208790e-01 6.507729830365599488e-01 6.458266251570503602e-01 6.468273590681673513e-01 6.379964634151955583e-01 6.413603027331711282e-01 6.476988517884200158e-01 6.483809437897570804e-01 6.583558657333230535e-01 6.540571019453617074e-01 6.570898992732189248e-01
5.957020849669943281e-03 3.756440213789138949e-02 1.521277193543808803e-01 3.346190709486463466e-01 1.000000000000000000e+00 2.872761217224274466e-01 4.548844795093781035e-01 4.368019345779875495e-01 3.917016301645964149e-01 3.885200851255511956e-01 4.268527847263066111e-01 4.479876383556714026e-01 4.557576622542066636e-01 4.266317921990595563e-01 4.902377721866613136e-01 4.656464524510611769e-01 4.067569163815006883e-01 4.069649241945372253e-01 4.294157556584898283e-01 3.677344330515718851e-01 4.004758565039112095e-01 4.605502531593359539e-01 4.491037510478975148e-01 3.942341198125655644e-01 4.248765091656064308e-01 4.513421872846909988e-01 4.352310570211407881e-01 4.502689771993512724e-01 4.006121968011527312e-01 4.330016904014424295e-01 4.472338253307916456e-01 4.542561788329201322e-01 4.240369059683989361e-01 4.405577742690025556e-01 4.548534307980017788e-01 4.366131590075704727e-01 4.546478712672346045e-01 4.513791755053482846e-01 4.613266820902253706e-01 4.423186773704472219e-01 4.712412437717869440e-01 4.703912502610465562e-01 4.706930607354974927e-01 4.801142543242269967e-01 4.677861668883714907e-01 4.646378097278444641e-01 4.717483106107567825e-01 4.740990408269331602e-01 4.698250925860445459e-01 4.610507212085471762e-01 4.617339025420963416e-01 4.781792059673741768e-01 4.760617205410987984e-01 4.647020597786638563e-01 4.620190083534679304e-01 4.685047891601359926e-01 4.527351141343556318e-01 4.723585284803400453e-01 4.537221265752559574e-01 4.767694297334318931e-01 4.736464594690653063e-01 4.525203171606693719e-01 4.523898467473354001e-01 4.659897769457685968e-01 4.657175166490135076e-01 4.661176042233644012e-01 4.692128982652927216e-01 4.731306240577590749e-01 4.729678672377718995e-01 4.786093033382927131e-01 4.768465663602729498e-01 4.726508837562689580e-01 4.675658499883907360e-01 4.707285902004382794e-01 4.727649536117428108e-01 4.716508196952387544e-01 4.728286208179514616e-01 4.606264769064254971e-01 4.715385243516898583e-01 4.671596170199935338e-01 4.667381116549662590e-01 4.690650689713034560e-01 4.712317833405735290e-01 4.711135798158112564e-01 4.751241888992970841e-01 4.691983301564636721e-01 4.686631936394662912e-01 4.756088433448402153e-01 4.737496827173866554e-01 4.717826970748205673e-01 4.737038102462507450e-01 4.783777898578813192e-01 4.740106638661643057e-01 4.779757717574888987e-01 4.734830719675119926e-01 4.739239195605621791e-01 4.710399337094046124e-01 4.674097718128666923e-01 4.792721848771114845e-01 4.784017174819617524e-01 4.793133549421867423e-01 4.703282041867848928e-01 4.797064902444735379e-01 4.790826733002570559e-01 4.779370299596799598e-01 4.684271368406046077e-01 4.741351727127353088e-01 4.759784653467269422e-01 4.754200440806300998e-01 4.779863347566077336e-01 4.716526299193935512e-01 4.768301935296366256e-01 4.688734533068801835e-01 4.721797343726812368e-01 4.694007244725543759e-01 4.733929365012990442e-01
3.556846644041768927e-03 1.091534304501668995e-01 2.329843347096590134e-01 4.037249840155732739e-01 2.872761217224274466e-01 1.000000000000000000e+00 5.364219912770310517e-01 5.103704198268413927e-01 5.425270060374691727e-01 5.115671049017288530e-01 5.675318647507040515e-01 5.955597987213371303e-01 5.319554749774881852e-01 5.474120894962183348e-01 6.105379522399294601e-01 5.871902781434558127e-01 5.450449739691702877e-01 5.185636918177715105e-01 5.458268238713305243e-01 4.719806500748460198e-01 5.001518817920562743e-01 5.769728094837333066e-01 5.747988692188676918e-01 4.994660763420400995e-01 5.341094141272282325e-01 5.851904814923704068e-01 5.874565093588087761e-01 5.809243277807031314e-01 5.469816160299965091e-01 5.647508008669465118e-01 5.901087088301202321e-01 6.059364832503481013e-01 5.605273525979280747e-01 5.768561776042900879e-01 5.838923798985862224e-01 5.636433305770883750e-01 5.966729663969198016e-01 6.063698300666107155e-01 6.107500028790142643e-01 5.822228840176090214e-01 6.104652895111557509e-01 6.153408774418991367e-01 5.880292290365729535e-01 6.194862631495435812e-01 6.119693579334665179e-01 6.175223163993145414e-01 6.217207833343937340e-01 6.225452463809394432e-01 6.152347352936364810e-01 5.975784249285005512e-01 6.069337297405538179e-01 5.870062724201189353e-01 6.092434469045973078e-01 6.202705757678197429e-01 6.148833120629013660e-01 6.190325685726232319e-01 6.046362144231911540e-01 6.160441009473882623e-01 6.118071554068154061e-01 6.215889187988616893e-01 6.190512467088257198e-01 6.085226259053592157e-01 5.992474485108305604e-01 6.105418366729334911e-01 6.086567401768704366e-01 6.111223791544024841e-01 6.241155676004619401e-01 6.203985881266144142e-01 6.215057469546972913e-01 6.186114066938053213e-01 6.189578577561628547e-01 6.219801448387078935e-01 6.078022786741626993e-01 6.114928044816621000e-01 6.245144996026922302e-01 6.223461871433466630e-01 6.252249973637312719e-01 6.099487113981538755e-01 6.202531525367691589e-01 6.173659692867392579e-01 6.189537866973989777e-01 6.217605694261344462e-01 6.233599881691295197e-01 6.214886018047888205e-01 6.206765790260057036e-01 6.175020239739019701e-01 6.210142314075387526e-01 6.258860499513582143e-01 6.251539483278181208e-01 6.279635217497043786e-01 6.223570245306627724e-01 6.289304575696823552e-01 6.232723089812217676e-01 6.261425657126620248e-01 6.262326197718829368e-01 6.251296937344275051e-01 6.121913240301760650e-01 6.078077444145789654e-01 6.245327997484162452e-01 6.244627958842661197e-01 6.209798901490625189e-01 6.173566151207885433e-01 6.193131538026439564e-01 6.207087229099079728e-01 6.169276156593497262e-01 6.152373801281878496e-01 6.241408674200241702e-01 6.269365662772937720e-01 6.246479994740681274e-01 6.244269362151226854e-01 6.227506189638861711e-01 6.240804064724013722e-01 6.217323161282712896e-01 6.182146849796159582e-01 6.198632751924700868e-01 6.205132352791787875e-01
1.243766582030768342e-02 1.355191587098923678e-01 3.360152102531461793e-01 5.807837804804054649e-01 4.548844795093781035e-01 5.364219912770310517e-01 1.000000000000000000e+00 7.245794182532026007e-01 7.071324989276404072e-01 6.565067274592046864e-01 7.558129284019735605e-01 8.099356879240422469e-01 7.296489904981303676e-01 7.385162644504714713e-01 8.646983172074492741e-01 8.083121809543543090e-01 7.274619892395600695e-01 7.382206117229411779e-01 7.589416849631487327e-01 6.931859211355201333e-01 7.102885195547662400e-01 7.966423549269462390e-01 7.878760343204859184e-01 7.189439292783957880e-01 7.689212263085219989e-01 7.968123657252850212e-01 7.799859153985327920e-01 8.020371535117299944e-01 7.412773683502973388e-01 7.620665394101632240e-01 7.943235304581861556e-01 8.134241169377597336e-01 7.512417093374956778e-01 7.845176156375037735e-01 7.918762971135842044e-01 7.848693421128606351e-01 8.007785624514225375e-01 8.115997538319489335e-01 8.246753405418864036e-01 8.043465827668101475e-01 8.195027880963738909e-01 8.320810770116702226e-01 8.392591968649963929e-01 8.410738829300833386e-01 8.366468260278244751e-01 8.375487209643688313e-01 8.196443549506851056e-01 8.254323367224798425e-01 8.254967143194360535e-01 8.080509230486317973e-01 8.209974728653365306e-01 8.217901168892959296e-01 8.324380806571217706e-01 8.199478016014912773e-01 8.196690290118385791e-01 8.329111561395567964e-01 8.159535696202662169e-01 8.300901652194485614e-01 8.153647313241513261e-01 8.297772804605826336e-01 8.330998395513131705e-01 8.136260507073852510e-01 8.134102061527859195e-01 8.212876552915807649e-01 8.117740333343785863e-01 8.184976683569742395e-01 8.273155681624879687e-01 8.343567389045246641e-01 8.357616492384207785e-01 8.459781118049454207e-01 8.357575116575739482e-01 8.346287125875926360e-01 8.335697409873755737e-01 8.320060161850966196e-01 8.344915071064450407e-01 8.289786061256785299e-01 8.356124722711549824e-01 8.157928454126176510e-01 8.359041015911549133e-01 8.230595281750038295e-01 8.244696758701810513e-01 8.294930985671096213e-01 8.306195876907306319e-01 8.273466958034570995e-01 8.301476709372561658e-01 8.286353246207359691e-01 8.290654936394553642e-01 8.354424758837992737e-01 8.307058175867287897e-01 8.337821466645004564e-01 8.394602718163708399e-01 8.388709277791609464e-01 8.351448301196263690e-01 8.409879303099868642e-01 8.285745506479326172e-01 8.306213763849774612e-01 8.249132483982154485e-01 8.100870213660705810e-01 8.311030893450985779e-01 8.358562524570488650e-01 8.432267694330991548e-01 8.228588963470817585e-01 8.352095638903584973e-01 8.324132346286040596e-01 8.280331190509877537e-01 8.217144349508912482e-01 8.306329372987379944e-01 8.344125900781929062e-01 8.336989457850185747e-01 8.304205208106901770e-01 8.297681177520023210e-01 8.315423229742453515e-01 8.247643945687056499e-01 8.227269665099090634e-01 8.198474293767212817e-01 8.248586443000245350e-01
1.967973985453156868e-02 1.429899134567219343e-01 3.018322920152689548e-01 5.681107565174660090e-01 4.368019345779875495e-01 5.103704198268413927e-01 7.245794182532026007e-01 1.000000000000000000e+00 7.159716272028652240e-01 6.650055236567604666e-01 7.376599617442650692e-01 7.918934039841403205e-01 7.094322578085494602e-01 7.330185527989272476e-01 8.123784558710147596e-01 8.058361836792952149e-01 7.159004873788151757e-01 7.062095707472197947e-01 7.227848013146246364e-01 6.425309440793761651e-01 6.910974296536691597e-01 7.679059633547635766e-01 7.465061073790735247e-01 6.609896499986601670e-01 7.013651856642891813e-01 7.700097158671235231e-01 7.611478676935313770e-01 7.657874673725726389e-01 7.153701481107093141e-01 7.446301779861137504e-01 7.797031635981865882e-01 7.956256772517177334e-01 7.361862980352920083e-01 7.653964453983872485e-01 7.713844346941133301e-01 7.563553656813184478e-01 7.880252577148630921e-01 7.962293060954148682e-01 8.052006122169980129e-01 7.613318951255055866e-01 8.001382286841075553e-01 8.080475681993729564e-01 7.918180480528418386e-01 8.203343487143736068e-01 8.032533384926450193e-01 8.100873483117261298e-01 8.098480121997050363e-01 8.125038464618437040e-01 8.140524659994763379e-01 7.941780665544817541e-01 8.065191311359179993e-01 7.894033183013560162e-01 8.092996984128523197e-01 8.062859725934079513e-01 8.080175888329031997e-01 8.118816495317382476e-01 8.020502401638200940e-01 8.084569975483743010e-01 8.073359664563647398e-01 8.180065290512860132e-01 8.164393935896531174e-01 8.038044047030665773e-01 8.037035433756415381e-01 8.117969661608205323e-01 7.988345775291993967e-01 8.094262621277449332e-01 8.143554349898480815e-01 8.118131342502252767e-01 8.155411182679980220e-01 8.192342227286614209e-01 8.137089614976859009e-01 8.134241412145952754e-01 7.999278550035217039e-01 7.974763158420705711e-01 8.155940283886492503e-01 8.141342595063957299e-01 8.131029256482501522e-01 8.019963708010140468e-01 8.118147696952650039e-01 8.086230196638052314e-01 8.110645871693310527e-01 8.135903055603351808e-01 8.161342347244214812e-01 8.102807884303702135e-01 8.167653072054553709e-01 8.115676445255418647e-01 8.119010236083697984e-01 8.210566666226768451e-01 8.176898753592765079e-01 8.179932376517866643e-01 8.149661265101311169e-01 8.186261795885729775e-01 8.174122069045580696e-01 8.212278356661046885e-01 8.175547889324051853e-01 8.178634022696174011e-01 8.130983987205218089e-01 8.076077017300761218e-01 8.196860357171543709e-01 8.202458033942360283e-01 8.191293271458599534e-01 8.191423555187455907e-01 8.175137008343092981e-01 8.243789504760286047e-01 8.183732510187211595e-01 8.148927849604441498e-01 8.184151681550128066e-01 8.174055161178492845e-01 8.190173741231391302e-01 8.192949691008041269e-01 8.197094730143765773e-01 8.197081809723744117e-01 8.190500968923540848e-01 8.186029029430264004e-01 8.110668569788093141e-01 8.156465298915116513e-01
1.512526675146900201e-01 1.830366941297409955e-01 3.230235469857502539e-01 5.982655738720382699e-01 3.917016301645964149e-01 5.425270060374691727e-01 7.071324989276404072e-01 7.159716272028652240e-01 1.000000000000000000e+00 7.486235260104823208e-01 7.958565966773525346e-01 8.361310545422724338e-01 7.479861269920732303e-01 7.648834476900879809e-01 8.244487069847926675e-01 8.245314288301054395e-01 8.273913285774802118e-01 7.477812118482441983e-01 7.662645813361482761e-01 6.086976110830688569e-01 7.273064816810209665e-01 8.084400375107920755e-01 7.675867110694657436e-01 6.841203075069894890e-01 7.150691625270941820e-01 8.558673138964347782e-01 8.490899447007026479e-01 8.136667161935153825e-01 8.266687752333670147e-01 8.431854681478656577e-01 8.655276181776716538e-01 8.484737315215660214e-01 7.535036177232899979e-01 8.029286876265234740e-01 8.139105369077466179e-01 7.925191987298283447e-01 8.550953866093388145e-01 8.137751656483832585e-01 8.419906415883358086e-01 7.261271802372337714e-01 8.419193124042330112e-01 8.308851443173987938e-01 7.663890884277138049e-01 8.517941455960399422e-01 8.323807947923340667e-01 8.354715750619559067e-01 8.619729007531741205e-01 8.740282175648499408e-01 8.631526083670012506e-01 8.195003618514652421e-01 8.240057622081896627e-01 8.151538183935530535e-01 8.525828237410505439e-01 8.705925250458883546e-01 8.691579476698189088e-01 8.594852578404171828e-01 8.571812662591381526e-01 8.496282811400643897e-01 8.388764156721485454e-01 8.793031448089833058e-01 8.618488573096815264e-01 8.617932843085708283e-01 8.446443358326570783e-01 8.807375726672100891e-01 8.881793059414272440e-01 8.851114369969181883e-01 8.766761374948737195e-01 8.658194007044160978e-01 8.687018672143222986e-01 8.541116938508608314e-01 8.592974558450610090e-01 8.691376550147619229e-01 8.445265227207346959e-01 8.425937381741990251e-01 8.747628045129984820e-01 8.750983245238094232e-01 8.660556218955520746e-01 8.811075975470977761e-01 8.649914947304133683e-01 8.813027485176270215e-01 8.790439189164496181e-01 8.787920342981219157e-01 8.716290858524043950e-01 8.661312142982026119e-01 8.553024559405019156e-01 8.636095173518145707e-01 8.671484892510558096e-01 8.616705003691110809e-01 8.684158280061101687e-01 8.651310667271431276e-01 8.414705007309982721e-01 8.622036811922619837e-01 8.648575527318035361e-01 8.643206465938914063e-01 8.696391739135607146e-01 8.704771401327774383e-01 8.420625750074687277e-01 8.786157269731894592e-01 8.684926415191421833e-01 8.551896872531439264e-01 8.458937615240850194e-01 8.700550786187918328e-01 8.660384221966623830e-01 8.694677299799309367e-01 8.738577467321233527e-01 8.690850153505755848e-01 8.762170779495883632e-01 8.690713830121220562e-01 8.698802734316082308e-01 8.676091869456776795e-01 8.629318661198419615e-01 8.758671889456489668e-01 8.746409584700103323e-01 8.823760899594207396e-01 8.854297444952025087e-01 8.819796970852712414e-01
3.710075984209868644e-02 1.598222671779693516e-01 3.024527996623881942e-01 5.406989004091133921e-01 3.885200851255511956e-01 5.115671049017288530e-01 6.565067274592046864e-01 6.650055236567604666e-01 7.486235260104823208e-01 1.000000000000000000e+00 7.433268751967284649e-01 7.768064790746747050e-01 6.791260805965088077e-01 7.198620668559616576e-01 7.723442100108994790e-01 7.768584728209920742e-01 7.346041767722522042e-01 6.765544909831681109e-01 7.150826410688053691e-01 5.685073444943601340e-01 6.569251151152397661e-01 7.505217164295300281e-01 7.179058004830957129e-01 6.338146411306470052e-01 6.787363732277458261e-01 7.756056281683417764e-01 7.655134398560383691e-01 7.558494673696206645e-01 7.215300848231304132e-01 7.573461654023416756e-01 7.841659102795626168e-01 7.865352589197628363e-01 7.273980345230657285e-01 7.524433249155362269e-01 7.589294480885879768e-01 7.397627194799113459e-01 7.851923748373147438e-01 7.776976228466738750e-01 7.873377020186844710e-01 7.163103266040173889e-01 7.994438750869969912e-01 7.940493715389487228e-01 7.439738904838417710e-01 8.006538919218080252e-01 7.854549685032863326e-01 7.804442100035285934e-01 8.130852408809139398e-01 8.161436818969376450e-01 8.084507437164387689e-01 7.778421837676215977e-01 7.849518323228743544e-01 7.702209006413373027e-01 8.034656836514966205e-01 8.102531450943740721e-01 8.056791913496001989e-01 8.038016880550047372e-01 7.874537210561213252e-01 8.019477709922478992e-01 7.892254540508905070e-01 8.169352038307852171e-01 8.085578928586080183e-01 7.989270440051380318e-01 7.872966266218517362e-01 8.042768320275085481e-01 8.003324047088989923e-01 8.073682964006303475e-01 8.151648142627593296e-01 8.086680596295722223e-01 8.090279325878837469e-01 7.949152438611125637e-01 8.042573411184361643e-01 8.097342861668840319e-01 7.890723597387844235e-01 7.913646922563944974e-01 8.132412418069315807e-01 8.133063088857522827e-01 8.066125937854752292e-01 8.058324894539511396e-01 8.056797754483722152e-01 8.109809322178924695e-01 8.135146941845066149e-01 8.128115381197488221e-01 8.119053658516012240e-01 8.086414031589708173e-01 8.064076328593819953e-01 8.071220765612950876e-01 8.100523786693534234e-01 8.099217171958682515e-01 8.136142988301033885e-01 8.098225498400764000e-01 8.000655890454492214e-01 8.119805824286794316e-01 8.128875613218222718e-01 8.099593934195721268e-01 8.168352598344695847e-01 8.160709871472121568e-01 7.926600020372757127e-01 8.021146671699506125e-01 8.135768901279901710e-01 8.091082994688133523e-01 8.013882933415659160e-01 8.095272650525329183e-01 8.126690039261587062e-01 8.146104076949274297e-01 8.122723052679338140e-01 8.047480175458968654e-01 8.148606398479084634e-01 8.151407396974742481e-01 8.145263388147968575e-01 8.124115708356727250e-01 8.097819917478571439e-01 8.175155296470129063e-01 8.140611888579020183e-01 8.126317891284340345e-01 8.118383640651589683e-01 8.148424408239024475e-01
3.264886563051004609e-02 1.639230373896558013e-01 3.387785494629165228e-01 6.058652376987544441e-01 4.268527847263066111e-01 5.675318647507040515e-01 7.558129284019735605e-01 7.376599617442650692e-01 7.958565966773525346e-01 7.433268751967284649e-01 1.000000000000000000e+00 8.663970847426557542e-01 7.647992552630814567e-01 7.871537774212621352e-01 8.673755835614954668e-01 8.570943634189106541e-01 8.077568388814488909e-01 7.827535363974015281e-01 8.065768450167193349e-01 6.602408261659310496e-01 7.396491177458830446e-01 8.464209544455726375e-01 8.245350112366279793e-01 7.372204718703507798e-01 7.861837433283888066e-01 8.635567902821126296e-01 8.538018217311650337e-01 8.504952342825713441e-01 8.197306204267935659e-01 8.435105860098919273e-01 8.768657609417506160e-01 8.807388988579070155e-01 8.097769927486937469e-01 8.482914812978531449e-01 8.515461246474005375e-01 8.407016969013720864e-01 8.766401749490455586e-01 8.648003396335194326e-01 8.813677642177915050e-01 8.237402396909948576e-01 8.808777365615869659e-01 8.782910431538316631e-01 8.438722413949623080e-01 8.881258291440098374e-01 8.862770395822010538e-01 8.786023287277130445e-01 8.896342834702070101e-01 8.938134776011400495e-01 8.926678515913444301e-01 8.621284053342982423e-01 8.752344822156686854e-01 8.535087005900012791e-01 8.815154806751668293e-01 8.884811795433068538e-01 8.876640117855146839e-01 8.906389519788983078e-01 8.782679271367259677e-01 8.855166511064260781e-01 8.797316768918077567e-01 8.951592794622945659e-01 8.926938276595824950e-01 8.852650155914418839e-01 8.739594089681194111e-01 8.891759662703605516e-01 8.818506460322341756e-01 8.896363369561534062e-01 8.990365230733664559e-01 8.972222126443732959e-01 8.979071782723350159e-01 8.875431233767916428e-01 8.917912500982713153e-01 8.987981414057527596e-01 8.846609843674494433e-01 8.832896282221369688e-01 8.991880885383396471e-01 8.986470248427665952e-01 8.959698048796131964e-01 8.948602067514584979e-01 8.955308115237675670e-01 8.975395367624793286e-01 8.990440063456702768e-01 9.008763291832482256e-01 8.984256611029806106e-01 8.938673107778942750e-01 8.908925734921739892e-01 8.963459342555769593e-01 8.977645533557626623e-01 8.960245746412035528e-01 8.980836885927606650e-01 8.969620723170731447e-01 8.916819769322255063e-01 8.965051666850959444e-01 8.986814486215524145e-01 8.977104426259218117e-01 8.962760899088512145e-01 8.971730049654184080e-01 8.798526045467539580e-01 8.778146632535037686e-01 8.939228695749248388e-01 8.931726274072583349e-01 8.908670759686515561e-01 8.906632511050329715e-01 8.923601832415368751e-01 8.953463634888562117e-01 8.927482244709582515e-01 8.884430851339633062e-01 8.971356037342324008e-01 8.980494001750777278e-01 8.977189407003579591e-01 8.954181959652892653e-01 8.942833483890858526e-01 8.972021184583692799e-01 8.960237007663621744e-01 8.934588059013645056e-01 8.930314160809832424e-01 8.946451050156655205e-01
2.076576235027990935e-02 1.613157495482977488e-01 3.687630239093782070e-01 6.521327091025235223e-01 4.479876383556714026e-01 5.955597987213371303e-01 8.099356879240422469e-01 7.918934039841403205e-01 8.361310545422724338e-01 7.768064790746747050e-01 8.663970847426557542e-01 1.000000000000000000e+00 8.057101317808710306e-01 8.449355753175890049e-01 9.252316555485935456e-01 9.080593550629831867e-01 8.400425114611878019e-01 8.235605051668736243e-01 8.470765480450526130e-01 7.118804126330567916e-01 7.901372578914968026e-01 8.894902754248528165e-01 8.633588699601987271e-01 7.732300025004893440e-01 8.272658995521978698e-01 9.074816830673673174e-01 8.932807882443418723e-01 8.921120769605229706e-01 8.570640028440714708e-01 8.790904668468949579e-01 9.181635731694851588e-01 9.279480786470419851e-01 8.524146632218360109e-01 8.852844450807166865e-01 8.963315132789958506e-01 8.749309709965785720e-01 9.174722986642074307e-01 9.207541910918196626e-01 9.322756815909398753e-01 8.787604210384105663e-01 9.307627831084943626e-01 9.312398319783570244e-01 8.949016151531783425e-01 9.411466985980593281e-01 9.320855399635238347e-01 9.335021066180015925e-01 9.376870451138782370e-01 9.433981474292187919e-01 9.433894285493162890e-01 9.140555829999037485e-01 9.299706681266347585e-01 9.084407424105563900e-01 9.382116956456642010e-01 9.402841149973286683e-01 9.414764187089281755e-01 9.434296723663692097e-01 9.324684729213532641e-01 9.364968863498268625e-01 9.340766307946412050e-01 9.468588946005932483e-01 9.428351111890848069e-01 9.382465472913520399e-01 9.302139663263258029e-01 9.402106567546659743e-01 9.302401796600335837e-01 9.399195392579243746e-01 9.458407658654474082e-01 9.451921390459718797e-01 9.478027515234540568e-01 9.425857985672231321e-01 9.431233956994456991e-01 9.472285487769915857e-01 9.302154453769454490e-01 9.312501028591813057e-01 9.504187236074107537e-01 9.479510389385038538e-01 9.443009085316469431e-01 9.393959255229066274e-01 9.445510869509758933e-01 9.439691007139582313e-01 9.450497320879323038e-01 9.490877076935116952e-01 9.471879315015380163e-01 9.433936567873252299e-01 9.408222508509596071e-01 9.428890213797259667e-01 9.455556460785558004e-01 9.475481565493767411e-01 9.475035973977605774e-01 9.488008924552109313e-01 9.422488876576043948e-01 9.480572899582936364e-01 9.493216078655912771e-01 9.495228761521000704e-01 9.475214993294874821e-01 9.482919483065169741e-01 9.314395151296195330e-01 9.317421791975490919e-01 9.455335214908541230e-01 9.442959618860528037e-01 9.429305551311160105e-01 9.440965936581627860e-01 9.460383451409923872e-01 9.480441876625488318e-01 9.444724332658771537e-01 9.417056520371492878e-01 9.490865274108007954e-01 9.487324830707847267e-01 9.494768161298036135e-01 9.469821975322595398e-01 9.481813100010069162e-01 9.496656473169033941e-01 9.482991452703536384e-01 9.450719123484665474e-01 9.437334970501582987e-01 9.466261673196922910e-01
4.584295221131021170e-02 1.624361682172938692e-01 3.370097546726864568e-01 5.597375034592261267e-01 4.557576622542066636e-01 5.319554749774881852e-01 7.296489904981303676e-01 7.094322578085494602e-01 7.479861269920732303e-01 6.791260805965088077e-01 7.647992552630814567e-01 8.057101317808710306e-01 1.000000000000000000e+00 7.414650758854930412e-01 8.236038564627704561e-01 8.152209256698429440e-01 7.466909855120894557e-01 7.220255569902847004e-01 7.434496315842531455e-01 6.183984777118735066e-01 6.946752261069745193e-01 7.860199449338486355e-01 7.675224905651922835e-01 6.756552456846952603e-01 7.259806500254251116e-01 8.217672681088455944e-01 8.074055387748665380e-01 7.975423510426042917e-01 7.698815276241197658e-01 7.949166261421052315e-01 8.210400611476644794e-01 8.153944518035277644e-01 7.467632482560349061e-01 7.729044625429950521e-01 7.977565508945979600e-01 7.660402303399913571e-01 8.149531466156565429e-01 8.000349054033288887e-01 8.227255690528934018e-01 7.519950664811552166e-01 8.220237306626839713e-01 8.235072324339711702e-01 7.924273722111853102e-01 8.366165672688261612e-01 8.158943056366442237e-01 8.199851348451416833e-01 8.310654111860363846e-01 8.363465556259505052e-01 8.318495887255529242e-01 8.033026796013618132e-01 8.102956557381212344e-01 8.004253488450918663e-01 8.310474381971540980e-01 8.264486134610978807e-01 8.254908552926659704e-01 8.351013745456230541e-01 8.136226796293686281e-01 8.297964301952199806e-01 8.125895600515841144e-01 8.407370957414362911e-01 8.355022156793526777e-01 8.177666994859328353e-01 8.100876958079762380e-01 8.299570441443786528e-01 8.244196342421605816e-01 8.332887379280774498e-01 8.380989425118389180e-01 8.376744904490359689e-01 8.386034919492463269e-01 8.314738988303846945e-01 8.331937956239665599e-01 8.395706575316184139e-01 8.205152453051631767e-01 8.216610129042803967e-01 8.424694852770359121e-01 8.400721823034573710e-01 8.378383356814261829e-01 8.368586006999469973e-01 8.366295065577025181e-01 8.392354543477974493e-01 8.389296018196309435e-01 8.425414776188792088e-01 8.358525533974521249e-01 8.363997813202959097e-01 8.325617966260627778e-01 8.324206499991371189e-01 8.330091100743538535e-01 8.379098665611526275e-01 8.385040475776589508e-01 8.390462634408737408e-01 8.286494516719231651e-01 8.399919843431793431e-01 8.368112285593305444e-01 8.407403357589908754e-01 8.391163594799758707e-01 8.398358517122838096e-01 8.277878805891331071e-01 8.308120124831624986e-01 8.419499742239964224e-01 8.379898880812279849e-01 8.341083670799457339e-01 8.354797147546837444e-01 8.392439827997131285e-01 8.430515089809165197e-01 8.365701601775605845e-01 8.322926772037357868e-01 8.406489730345205746e-01 8.402558481222811571e-01 8.405661938275631462e-01 8.401477468297726681e-01 8.358660750682086471e-01 8.431604654918893882e-01 8.372625987694379823e-01 8.403179828957784148e-01 8.340399907240350075e-01 8.388079803004191426e-01
