1.000000000000000000e+00 5.706265595330312773e-02 8.999167457434345541e-02 -8.744060474984378939e-02 6.518370379449715465e-03 -8.591838202835053520e-03 -2.844927895688802166e-02 1.680350954357991838e-02 2.020390724962032036e-01 5.934570371361545110e-02 3.177616282299591810e-02 -4.282533186858063917e-02 -3.856054999103092351e-02 -5.532063733042435170e-03 -1.404892911780834634e-02 -2.554644838136965745e-02 1.552517072451803093e-01 2.355066344964847069e-01 1.593729435227107805e-01 2.311456322960140364e-01 2.524740986461814773e-01 1.853334868941055869e-01 2.424444302780737748e-01 2.325519992814326087e-01 1.989834442036647055e-01 1.668984108533663746e-01 1.778389366480449818e-01 1.533116948356884335e-01 2.385028179440026042e-01 1.613857639860153403e-01 1.228142941503032742e-01 1.072794746455920656e-01 1.333407180521955504e-01 1.221181542620922295e-01 1.528833048093782843e-01 6.610173542900557586e-02 9.427027135464856322e-02 4.187118674509161809e-02 4.076925419815070895e-02 -2.295610310119183123e-02 3.353222885328205338e-02 2.248319343489971200e-02 4.008320513747968758e-03 1.490726579153315093e-02 3.827444489013184792e-02 3.117977524193532579e-02 1.037748937362044550e-02 4.681090337090551556e-02 2.188860367697603032e-02 2.131848438096929990e-02 4.696716957300271778e-02 3.155494152096289390e-02 6.690316977212354410e-03 8.217070722353557455e-02 7.674704114214263295e-02 6.375481765926212241e-02 6.416036625315696407e-02 4.847556387351840967e-02 4.045209361523995073e-02 4.852045859856531779e-02 2.662157627305346969e-02 3.508366047660495951e-02 4.188082146734925515e-02 1.194211075082292524e-02 1.001715265855188941e-01 7.770168252602362158e-02 4.413837878090300787e-02 8.473989193944755915e-02 8.353301813391042496e-02 1.037342523773501501e-01 8.036280708353038538e-02 6.750971917966740177e-02 9.747781074393127576e-02 9.614657609614296607e-02 4.972080042393506316e-02 5.754636740023984925e-02 5.186828105598153410e-02 1.040618416954833259e-01 5.096351356823371204e-02 6.677981233166735420e-02 5.962618922738504440e-02 3.866401171100194295e-02 6.428262084890631889e-02 7.089750480022735668e-02 4.328760965723534027e-02 4.642033266980373496e-02 1.409296482233072904e-02 1.695068878053710565e-02 2.024255262887921306e-02 5.273949673496008961e-02 1.172514184545134057e-02 9.128583511249958177e-03 2.554322440893814355e-02 7.854995332797570784e-03 5.480638843134019549e-03 1.775394411376300316e-02 -1.250505358643310555e-02 4.334327015008861139e-02 6.349703504624373482e-03 1.143675964095549474e-02 -1.769352781672322650e-03 2.041741553645343502e-02 5.189189960882186620e-03 6.384009266354382078e-04 2.347954733123884877e-02 2.715178537011542215e-02 1.610199551681128216e-02 2.056389640515797132e-02 3.541823283580156773e-02 2.002601340411848396e-02 9.012526865972484563e-03 2.385065929282793526e-02 9.517192968348041349e-03 1.377195103044999598e-02 6.156273568729456885e-02 4.048160621597295811e-02
5.706265595330312773e-02 1.000000000000000000e+00 2.815178739870633634e-02 -2.902160001681867649e-02 9.369770275113477320e-02 5.947912662879938084e-02 7.978400024518871037e-02 8.372415619051847002e-02 1.473955098637960426e-01 1.550415087932777436e-01 1.047147929419735973e-01 8.102779973164489502e-02 1.261712118283409290e-01 7.086427575387813094e-02 1.192002890985466995e-01 1.207929093352027305e-01 1.396092430049946098e-01 1.564541760724982022e-01 1.548734937834147507e-01 1.344353470800511152e-01 9.433443465396254557e-02 1.272693341518656152e-01 1.783931062888234609e-01 1.617015739528543938e-01 1.607202390808830372e-01 1.896891487836406820e-01 1.490985635764246753e-01 1.790313529152041672e-01 1.844500205302186946e-01 1.873038596573206316e-01 1.794127345591241818e-01 1.637655696364151148e-01 1.818969948366369882e-01 1.869309588976698633e-01 1.821878934026574526e-01 1.439969424690320521e-01 1.682525312371496162e-01 1.652185062646289726e-01 1.804872848274052255e-01 1.352396717840481100e-01 1.491640239415038816e-01 1.534383971469286123e-01 1.600828446700947316e-01 1.378193623286237124e-01 1.345863129524748347e-01 1.595837019969975346e-01 1.478109908858065702e-01 1.570182794866164799e-01 1.374717634604544769e-01 1.365694794246535837e-01 1.488544976133758801e-01 1.034966385114506754e-01 1.113919199771695040e-01 1.616459085949431274e-01 1.594413349920291156e-01 1.684456454123476055e-01 1.396039025923711541e-01 1.470769995255730433e-01 1.524726921052804718e-01 1.397493584299674685e-01 1.554960304304776053e-01 1.467009089032186575e-01 1.377836618289340342e-01 1.392814975978413083e-01 1.505147845738963319e-01 1.400581572937039665e-01 1.517970507292228100e-01 1.617004333955016360e-01 1.600430622181985008e-01 1.450042263140335630e-01 1.413316809549535202e-01 1.572745754766671777e-01 1.604701954090577420e-01 1.627582199974807742e-01 1.591346231913467746e-01 1.541836714537109243e-01 1.615642822720365634e-01 1.739764767906442910e-01 1.609456064567182376e-01 1.609741004855040902e-01 1.625872727549361185e-01 1.562380704969079381e-01 1.574445942117045083e-01 1.645295661273541432e-01 1.607751007636466500e-01 1.643720106691219929e-01 1.467476414655760342e-01 1.532265106231364693e-01 1.638336931610419878e-01 1.600010145976090981e-01 1.540193646329543753e-01 1.478476086698176373e-01 1.458637058065679337e-01 1.502584325958019607e-01 1.450350836403055954e-01 1.502709270595556090e-01 1.355267027115776568e-01 1.429467657955854343e-01 1.489649938539692187e-01 1.483502298692208621e-01 1.500352340873676582e-01 1.454109600905641730e-01 1.369820553375642180e-01 1.367360557196036497e-01 1.427019954722342776e-01 1.423265385871398669e-01 1.453512500045610611e-01 1.541777712809195566e-01 1.558935827127461149e-01 1.469145713343132376e-01 1.457289782102174358e-01 1.412415519068741521e-01 1.423569520967239987e-01 1.454492310692141743e-01 1.523174933644965978e-01 1.402254367162821258e-01
8.999167457434345541e-02 2.815178739870633634e-02 1.000000000000000000e+00 3.207545619155659500e-01 1.567103395410563982e-01 2.110203764086263922e-01 3.387229227757567740e-01 2.897781736958594534e-01 3.180755418488893094e-01 2.847710279236371211e-01 3.691034369379261326e-01 3.676636931477699211e-01 2.863688314663367929e-01 2.913673866382235356e-01 3.713427227450334933e-01 3.419187407132263656e-01 3.318004624612541642e-01 3.088200881309667301e-01 3.379225083593288548e-01 2.926566786627978201e-01 3.349393076722221863e-01 3.833173764238136938e-01 3.133181309438512474e-01 2.888353421153913581e-01 3.212929803022758768e-01 3.523409704583601587e-01 3.770034761754205155e-01 3.642099379700048933e-01 3.486100721472172870e-01 3.611605382101179540e-01 3.660279317789884579e-01 3.561146439429300203e-01 3.373493113977348856e-01 3.362504251433816038e-01 3.180863360601168255e-01 3.468645506387803557e-01 3.667677126733583370e-01 3.484463284693055107e-01 3.533598704119380596e-01 3.708416713514567919e-01 3.634955234457826201e-01 3.562111189640904674e-01 3.400494914641912780e-01 3.661838665775202784e-01 3.800209616813529090e-01 3.707132141488014287e-01 3.501553176645871290e-01 3.593804575305572513e-01 3.499445259706410183e-01 3.477964700212894389e-01 3.430054738173166640e-01 3.544456436705626934e-01 3.581202923869374888e-01 3.520287990964108271e-01 3.540705460892270007e-01 3.605498658050565464e-01 3.490259729726291615e-01 3.507019559141990594e-01 3.438286449787566479e-01 3.483852612791760728e-01 3.392003087395878413e-01 3.465317928409247239e-01 3.483246072129299042e-01 3.430401606243849155e-01 3.616170033332377631e-01 3.547295369132597020e-01 3.671374972625977007e-01 3.741480032309805193e-01 3.659747233437957714e-01 3.810809006433390489e-01 3.927263500849373368e-01 3.765133372827383362e-01 3.634748993875103196e-01 3.662163712146959127e-01 3.700859829580034344e-01 3.755272647017073306e-01 3.627375857944914461e-01 3.659560990991487794e-01 3.714596871851089110e-01 3.737823675118445710e-01 3.599074854796566192e-01 3.623940942429883516e-01 3.727968475542979276e-01 3.725039201383019138e-01 3.627427411627738851e-01 3.577652076428997074e-01 3.713310524047054306e-01 3.649968578817209264e-01 3.604074917526617905e-01 3.682060617338894226e-01 3.698360708495536109e-01 3.700398250554943758e-01 3.735846929164327035e-01 3.680161667256575120e-01 3.559404789295581018e-01 3.600993817040264999e-01 3.529490032082074347e-01 3.471389732786143711e-01 3.516604289126318839e-01 3.585236783190656196e-01 3.587196162704530678e-01 3.561409026531002775e-01 3.611613450595886343e-01 3.622088122767077589e-01 3.621736278086098992e-01 3.550667165722207197e-01 3.554708208740269826e-01 3.579551032576686054e-01 3.575340887416944557e-01 3.571970458140211191e-01 3.590945245817144249e-01 3.570235605453799810e-01 3.558319481528590678e-01 3.538604065648946473e-01 3.649863257773447445e-01 3.584207711981957645e-01
-8.744060474984378939e-02 -2.902160001681867649e-02 3.207545619155659500e-01 1.000000000000000000e+00 3.005303689267125322e-01 3.942849923238701537e-01 5.602749302190982439e-01 5.439212245979015981e-01 4.219591297134571151e-01 3.685279357289898972e-01 5.512696663549571108e-01 6.468693411969271834e-01 5.278452366742579782e-01 4.230384758978856796e-01 5.808248144244730904e-01 5.809267192930308576e-01 4.344318584253279436e-01 1.683853677072968402e-01 3.090325211428106011e-01 2.349970980763297912e-01 2.796212121765330738e-01 3.880492195156107216e-01 2.342709739445412442e-01 2.116873266100559314e-01 2.483739135649007668e-01 4.188698332141061464e-01 4.591710373269874967e-01 4.000453264840142520e-01 2.938385444854042516e-01 3.877889271199935761e-01 4.663729257422008501e-01 4.413562933659034293e-01 3.682684622244238315e-01 3.958556654781251183e-01 3.504591477869969385e-01 4.937121864158962592e-01 4.506900959777849769e-01 4.886135229339943487e-01 4.814238323860292601e-01 5.260400998220998714e-01 5.472370316527823686e-01 5.456778035710598829e-01 5.325762145971560946e-01 5.729913254564146241e-01 5.563100391569610892e-01 5.288819245437954564e-01 5.486245005624641458e-01 5.247426761271072326e-01 5.517981049835034568e-01 5.324365657897282000e-01 5.267890047937189291e-01 5.954386388444812273e-01 5.888689116778134114e-01 4.853875932864956666e-01 4.847748982472916968e-01 4.715263802621299516e-01 5.262197020215887422e-01 5.215189573805537604e-01 5.026155920879579186e-01 5.446625836616386662e-01 5.334512566120312993e-01 5.255677673723950782e-01 5.304146118856171155e-01 5.564484325540071108e-01 5.116867353052485523e-01 5.233181396840191901e-01 5.252617522545113271e-01 4.744510351650914060e-01 4.724530829666999665e-01 4.925706729849916865e-01 5.220245840202020204e-01 5.090255479318058773e-01 4.553968469699233301e-01 4.596597967651798733e-01 5.355210587468274275e-01 5.305566943217938647e-01 5.088421271994695294e-01 4.677049806138669497e-01 5.165696046408936315e-01 5.090085450133299272e-01 5.036625755317625242e-01 5.329073993653639096e-01 5.075358160695730980e-01 4.887504219340060851e-01 5.164579535344019368e-01 5.038745845558438852e-01 5.462953087496343896e-01 5.375441869115017424e-01 5.237647897388574281e-01 5.131012666011635082e-01 5.392119082404998043e-01 5.560435851605590729e-01 5.548089522430380560e-01 5.541378379957383471e-01 5.539353807579949773e-01 5.416679758224733909e-01 5.796068426628275816e-01 5.511165594283893299e-01 5.581392743609262519e-01 5.575315574145396358e-01 5.666686736946170422e-01 5.534025075074974209e-01 5.718485261637610284e-01 5.744819152514112348e-01 5.704398190049575490e-01 5.587410707889699513e-01 5.573838239541503148e-01 5.336067247493603283e-01 5.274174421160551240e-01 5.528654816100670999e-01 5.496703436753612726e-01 5.562561280488937943e-01 5.545917937195840031e-01 5.547178089402616807e-01 5.312736263973831807e-01 5.523794164785039706e-01
6.518370379449715465e-03 9.369770275113477320e-02 1.567103395410563982e-01 3.005303689267125322e-01 1.000000000000000000e+00 2.886591343716295999e-01 4.293377467864903374e-01 4.457184417508316399e-01 3.845754173002992604e-01 3.481813179744613351e-01 4.166815018119748859e-01 4.592709086676257657e-01 4.611589700647495960e-01 3.410890597117965939e-01 4.640008301781478051e-01 4.728624426300833128e-01 3.688462978203227438e-01 2.172590530807403109e-01 2.756462428010886812e-01 2.319369056533635842e-01 2.313145386091086664e-01 2.941298152615387518e-01 2.668187514001176264e-01 2.342509683651502472e-01 2.419599874037269838e-01 3.875411448966123440e-01 3.906380645139351238e-01 3.706182835649233787e-01 3.353145154026058727e-01 3.717928359191255416e-01 4.210653731708035585e-01 4.033637379134236700e-01 3.641758299589235581e-01 3.884939679006326196e-01 3.622850563375156763e-01 4.160267430199922067e-01 4.040973957475468836e-01 4.251086853970333368e-01 4.323023749131544302e-01 4.076075488913981082e-01 4.571876784182275499e-01 4.611866724833565412e-01 4.611221512769578812e-01 4.708738170929628319e-01 4.452536607719975170e-01 4.515266144390854830e-01 4.767748112493206958e-01 4.609700724164619845e-01 4.609906966090077107e-01 4.402100983411996182e-01 4.561972057523855928e-01 4.563723716440216127e-01 4.722542567812323955e-01 4.515859387139790626e-01 4.410590834575397468e-01 4.337348504622240419e-01 4.548483828125651218e-01 4.581822303914833139e-01 4.477009112050854278e-01 4.833176044554053918e-01 4.732659976321476614e-01 4.672934432007037620e-01 4.581588981458198928e-01 4.750688551224863665e-01 4.457768718496830651e-01 4.611299743331944145e-01 4.538945789836444922e-01 4.201605027447035678e-01 4.259239653993679431e-01 4.244667764885164396e-01 4.262198547122972303e-01 4.341989857891842552e-01 4.003815693841485390e-01 4.055593322914613497e-01 4.533631102855689154e-01 4.533890602039260531e-01 4.487030499409985218e-01 4.358167897382039246e-01 4.466040495227097118e-01 4.574845882329294233e-01 4.513130227132509109e-01 4.619673783399428357e-01 4.366544856723512114e-01 4.427497809417350050e-01 4.507770375946719144e-01 4.468202309989062204e-01 4.563447575359930730e-01 4.578820538504256854e-01 4.606690090909904556e-01 4.382495812826082138e-01 4.495952755030681591e-01 4.661865104027276829e-01 4.560343942066331091e-01 4.658610761681125090e-01 4.714387380286785834e-01 4.653692084332175516e-01 4.618895086542746942e-01 4.648955389606012067e-01 4.697136977394487101e-01 4.649968810203541913e-01 4.728129539195046749e-01 4.670775109594731966e-01 4.747114759437784381e-01 4.743738643384295406e-01 4.689645467124158862e-01 4.629457659065642772e-01 4.668869964368777548e-01 4.597062464992057174e-01 4.565465333945130655e-01 4.686952773363095015e-01 4.579145891546378411e-01 4.747976583874524148e-01 4.686136695625443549e-01 4.732917321227143592e-01 4.600685759365693572e-01 4.670407488726698308e-01
-8.591838202835053520e-03 5.947912662879938084e-02 2.110203764086263922e-01 3.942849923238701537e-01 2.886591343716295999e-01 1.000000000000000000e+00 5.287583764162044897e-01 4.723084247027760085e-01 4.740050589413247750e-01 4.505623384074330939e-01 5.267949810158080171e-01 5.527162657173269045e-01 5.097977798700489283e-01 4.484995243395703546e-01 5.677118987574771847e-01 5.500412660655703556e-01 4.701342174267800766e-01 3.221905857177903010e-01 3.994785593152779257e-01 3.211217724069609369e-01 3.246495869026848058e-01 4.274859040231454577e-01 3.803627979240491452e-01 3.408617348420159288e-01 3.754744277488908377e-01 4.979505136643916918e-01 4.957731558033560693e-01 4.734108259972550359e-01 3.966346680751658971e-01 4.614784944964109847e-01 5.210602181676609046e-01 5.162985800383920187e-01 4.493752556962650191e-01 4.872641059476492398e-01 4.291253220522802669e-01 5.293407025299200486e-01 5.156490780292087850e-01 5.334658397916699490e-01 5.374527066784401397e-01 5.510617797634315140e-01 5.723540641780786586e-01 5.693783506649665593e-01 5.476823066023077669e-01 5.782139538026190850e-01 5.847139473445235325e-01 5.606061315274902812e-01 5.792561767033390652e-01 5.704564876808183582e-01 5.632063790451118379e-01 5.396058485317608566e-01 5.493472133573725769e-01 5.609725289423789230e-01 5.729626441501510792e-01 5.496292868023788802e-01 5.419511455862139337e-01 5.528517786801900868e-01 5.483267371037410243e-01 5.677121960732574024e-01 5.509100409664705600e-01 5.747688570156501697e-01 5.546335796120344108e-01 5.633342835529631110e-01 5.542013808857082502e-01 5.729223846828089828e-01 5.575400093613261943e-01 5.541115649117759334e-01 5.703279880765169674e-01 5.464034907699312216e-01 5.449095028224217874e-01 5.385079594745453280e-01 5.525542670022801639e-01 5.600361826207218563e-01 5.259885540829312145e-01 5.319637474509817388e-01 5.698292316482856945e-01 5.659469294875266732e-01 5.585391069435803324e-01 5.310767567420220381e-01 5.579858697293823555e-01 5.553197032591655757e-01 5.607859337071212646e-01 5.735235459355668697e-01 5.606775293447032738e-01 5.437863866084562403e-01 5.593388005629200688e-01 5.578030165984695365e-01 5.792570916975534612e-01 5.718165739876891474e-01 5.704157590363367891e-01 5.644191757356084027e-01 5.757916055972228664e-01 5.817437363510026271e-01 5.807021170903308160e-01 5.798868861982849898e-01 5.835752464403893836e-01 5.806793274820425399e-01 5.722446207871949575e-01 5.561290262009604968e-01 5.773901048785531342e-01 5.758156595583898696e-01 5.795952385814089336e-01 5.714239719436233766e-01 5.834167491765251956e-01 5.881453814134127711e-01 5.769860895524802080e-01 5.703301168973485824e-01 5.739475871622149450e-01 5.747795371264705633e-01 5.686444671172938836e-01 5.807915076248653108e-01 5.780419293335994357e-01 5.816168392742846471e-01 5.784793169096088539e-01 5.764522225783142995e-01 5.710235720257594849e-01 5.745079232252842116e-01
-2.844927895688802166e-02 7.978400024518871037e-02 3.387229227757567740e-01 5.602749302190982439e-01 4.293377467864903374e-01 5.287583764162044897e-01 1.000000000000000000e+00 7.128259399544876196e-01 6.653157494381358728e-01 6.479508687266960498e-01 7.418428273848879373e-01 7.982771552141505467e-01 7.139029271918743147e-01 6.252929627385510614e-01 8.371305610412178577e-01 8.039516798909538409e-01 6.623706984915092022e-01 4.260356170929499586e-01 5.557925962131755604e-01 4.406099481247536809e-01 4.301391163406709794e-01 5.989158184272166396e-01 5.177664346262323969e-01 4.522176120438551883e-01 5.044336552465589207e-01 7.078659159459909089e-01 7.022799876614640446e-01 6.952723015899002768e-01 5.951846733766377184e-01 6.706821593946022952e-01 7.445934267501913562e-01 7.287280634771459153e-01 6.611059096902832666e-01 6.874623964331487702e-01 6.248364438340472393e-01 7.364960849334867277e-01 7.117622496550747302e-01 7.882485915803666421e-01 7.690946540317639135e-01 7.865147650761161735e-01 8.075185026961477774e-01 8.191232638941041699e-01 7.934369399856104899e-01 8.259513979449230048e-01 8.098532028896040513e-01 8.065836635216365735e-01 8.185834523211207303e-01 8.098662156906920595e-01 8.124096312554669463e-01 7.851593921668262865e-01 7.967007748546297563e-01 7.926818182763534226e-01 8.203881239898391797e-01 7.829882148327862446e-01 7.812885084605605268e-01 7.791026617949347033e-01 7.908586357529459043e-01 8.137127656774649775e-01 7.974378396125406665e-01 8.118761981935497252e-01 7.983467658673716327e-01 8.080424659651661567e-01 7.987042511506341480e-01 8.132911353635926544e-01 7.855404772726114482e-01 7.943252927708581712e-01 8.084497391035999625e-01 7.678253855140185768e-01 7.634412535807750810e-01 7.588228342147488314e-01 7.766540982160530238e-01 7.874980264830735432e-01 7.323181488273341477e-01 7.414055909145528256e-01 8.066374606520149149e-01 8.053302780663273985e-01 7.984993130289764762e-01 7.626489313910976842e-01 8.028333277673359580e-01 7.988389761434575576e-01 7.926323157487448201e-01 8.114489629301475659e-01 7.918228443271314587e-01 7.753380716841883347e-01 7.905888786661856571e-01 7.847228035494149267e-01 8.071442126237180492e-01 8.211651010268209427e-01 8.123442945157982598e-01 7.997397817477530646e-01 8.162874998578157903e-01 8.272310874500791167e-01 8.214420334377067201e-01 8.258675946580724681e-01 8.232592630608335238e-01 8.203299679957308799e-01 8.168609098526505852e-01 7.954014183270203819e-01 8.204349405422707298e-01 8.196605813320614331e-01 8.260386107462260874e-01 8.203525650983799489e-01 8.240944973699689813e-01 8.321876244792106858e-01 8.173331884104542144e-01 8.121041818405811963e-01 8.193055466135311660e-01 8.144449009459733269e-01 8.108855459857224890e-01 8.228896587910545790e-01 8.258109513746618724e-01 8.221704290666792536e-01 8.242588227707632331e-01 8.225451862743975440e-01 8.068072636406473652e-01 8.149809781569862244e-01
1.680350954357991838e-02 8.372415619051847002e-02 2.897781736958594534e-01 5.439212245979015981e-01 4.457184417508316399e-01 4.723084247027760085e-01 7.128259399544876196e-01 1.000000000000000000e+00 6.633197730626014810e-01 6.033389495888458187e-01 7.188084994986632115e-01 7.676594638289663264e-01 7.071064476768103013e-01 5.757050064546576085e-01 7.724703644814312486e-01 7.881948557350316742e-01 6.608224202876411546e-01 4.122763113453196127e-01 5.237624802279172709e-01 4.289656836700870834e-01 4.370615944253235519e-01 5.581754663837430464e-01 4.963043853260866722e-01 4.414207970056567842e-01 4.718036521068419975e-01 6.799929830439483958e-01 6.755962828397242825e-01 6.499909561570202943e-01 5.740061162971413777e-01 6.438408696611852555e-01 7.172912429168533111e-01 6.923531394448104725e-01 6.136518093377988370e-01 6.568411871118531309e-01 5.959833162064984702e-01 6.933653020635081043e-01 6.764396713808430439e-01 7.321322586195587734e-01 7.262974925289883421e-01 7.151759714437569970e-01 7.706661991712910886e-01 7.745909629879689229e-01 7.571869006084426257e-01 7.874741114323692281e-01 7.611131374449415787e-01 7.626227574952818555e-01 7.868939537089582048e-01 7.746683875540496533e-01 7.817501025613500243e-01 7.424347683058653002e-01 7.659100071879838545e-01 7.706021501796147533e-01 7.906843197083155417e-01 7.551018798540346522e-01 7.516445075054137837e-01 7.291757743999043306e-01 7.655630535447387475e-01 7.769163242301728722e-01 7.621850161164872572e-01 7.880735488022194701e-01 7.792563538403238788e-01 7.781016573668544378e-01 7.724730783123704425e-01 7.827202593347988291e-01 7.566629521512563405e-01 7.727803512083361026e-01 7.669344230230692450e-01 7.270622197976867040e-01 7.261587310413265550e-01 7.262171821346561362e-01 7.412713010583682482e-01 7.447232764478872724e-01 6.986581890585517041e-01 7.067618577225538434e-01 7.699991476641565580e-01 7.657665196465208712e-01 7.588374713517894721e-01 7.325843250230661408e-01 7.588864846788474505e-01 7.548700179515149822e-01 7.527988018212965482e-01 7.733252876122079789e-01 7.515208993809826543e-01 7.365099508749736179e-01 7.521648869242367752e-01 7.475100354383508172e-01 7.626029339720074018e-01 7.764017124327690089e-01 7.691050031676426313e-01 7.555150507131818127e-01 7.655813296100412169e-01 7.835673928760451545e-01 7.794954295772424935e-01 7.829035527173475728e-01 7.858420966461988622e-01 7.807914018530095479e-01 7.811527020870909777e-01 7.723142623763060710e-01 7.866819471630449589e-01 7.826320071862692407e-01 7.874276472217429657e-01 7.847414057422409384e-01 7.882352505723312364e-01 7.944007489116893250e-01 7.870028927875282188e-01 7.829748416335471362e-01 7.858685259160247405e-01 7.757482536420654551e-01 7.741332366951027000e-01 7.871304704892574389e-01 7.844586079106161680e-01 7.907694080107473544e-01 7.877972895697485933e-01 7.877264115857224303e-01 7.720399873100916022e-01 7.861493842895780348e-01
2.020390724962032036e-01 1.473955098637960426e-01 3.180755418488893094e-01 4.219591297134571151e-01 3.845754173002992604e-01 4.740050589413247750e-01 6.653157494381358728e-01 6.633197730626014810e-01 1.000000000000000000e+00 7.166832828112638110e-01 7.707300336511804240e-01 7.595175652677351730e-01 6.987092901921183596e-01 5.992080519318638832e-01 7.983363796448835759e-01 7.976340580430036908e-01 7.803095140743714353e-01 6.393017594990495489e-01 7.093876917785593150e-01 6.129851906967269670e-01 6.047477759745518711e-01 7.178240982662105196e-01 7.144505181385816250e-01 6.608184129827017195e-01 6.751678571037994514e-01 8.363076099435799993e-01 8.217969904693098737e-01 8.193266915731012290e-01 7.771226721701783857e-01 8.024005513503017495e-01 8.432730375442741844e-01 8.265833119704839582e-01 7.641490511859599932e-01 7.979116665596193148e-01 7.533707833203914239e-01 7.804434664768320484e-01 8.132015672048312771e-01 8.220090446823604680e-01 8.140719017660656975e-01 7.699403133152898926e-01 8.508048991332700650e-01 8.330684672124227808e-01 8.136257501866169806e-01 8.393577760674953980e-01 8.338979794729095563e-01 8.378083615101914461e-01 8.484474059014245340e-01 8.609266188050249680e-01 8.365239150607247653e-01 7.964245344392245629e-01 8.458432957107541172e-01 8.020101043448359945e-01 8.289642443057555488e-01 8.613474842015546029e-01 8.522203721161916157e-01 8.469954317772773189e-01 8.342428683132825373e-01 8.527236448975676897e-01 8.432053428591332889e-01 8.582947828188643991e-01 8.410455696070249232e-01 8.462675212469978892e-01 8.354340232927350840e-01 8.290126912786534019e-01 8.627109766664918800e-01 8.554740597324885787e-01 8.555124699984704151e-01 8.468302269291972939e-01 8.457789175598894316e-01 8.424942428680758377e-01 8.345234950560850296e-01 8.495978595109026088e-01 8.321922436698926395e-01 8.347256098170413585e-01 8.578644665478670772e-01 8.582435819687581624e-01 8.537775609206684768e-01 8.597813440293153864e-01 8.481745705926263534e-01 8.511979489026516577e-01 8.547104254953170610e-01 8.561753045369284720e-01 8.498637376249010833e-01 8.446787747565580595e-01 8.392850631298516273e-01 8.444511675158411501e-01 8.351907465816914566e-01 8.453353007574124778e-01 8.442321551380022049e-01 8.486415497625954263e-01 8.399772700510487189e-01 8.441746369867868527e-01 8.482565426578971834e-01 8.435135568593129518e-01 8.459194373839775682e-01 8.508311916040101064e-01 8.134047457254389712e-01 8.261559092398965687e-01 8.416004714867715286e-01 8.420137003317674784e-01 8.395258127984590590e-01 8.465390548821828398e-01 8.414219930786330792e-01 8.405267774371489864e-01 8.388009663499785828e-01 8.365767143516088522e-01 8.420237329968649487e-01 8.530792409325063108e-01 8.544684366534773812e-01 8.523968997640057887e-01 8.439261893698629668e-01 8.528232750201363288e-01 8.431343902385440847e-01 8.416209567374980383e-01 8.594232331921889401e-01 8.492690901947463900e-01
5.934570371361545110e-02 1.550415087932777436e-01 2.847710279236371211e-01 3.685279357289898972e-01 3.481813179744613351e-01 4.505623384074330939e-01 6.479508687266960498e-01 6.033389495888458187e-01 7.166832828112638110e-01 1.000000000000000000e+00 6.989652454846621010e-01 6.904921763274066704e-01 6.455190937196727541e-01 5.734133156270898590e-01 7.615837776493328271e-01 7.319664806822384628e-01 6.802071026474667548e-01 5.664371415785448560e-01 6.350903072188690546e-01 5.216859710565684427e-01 4.834292271449493472e-01 6.219975366191687893e-01 6.360367442880465738e-01 5.812280095352541087e-01 6.013479609801508641e-01 7.581410113115110150e-01 7.277815573802872695e-01 7.469248766029972231e-01 6.754502607808835490e-01 7.232995304500137168e-01 7.655416313665792671e-01 7.617384352922725865e-01 7.022591007653454787e-01 7.394661510764923840e-01 6.803004577574686129e-01 7.134525501342927623e-01 7.402416900747641471e-01 7.741955098776048816e-01 7.712602247213466988e-01 7.367814922732053295e-01 7.897487954378252795e-01 7.804337806452288362e-01 7.629079131667401148e-01 7.768239981660720606e-01 7.742330774709347274e-01 7.831278859737682563e-01 7.909817255288364990e-01 8.042716672755076956e-01 7.786566902795515333e-01 7.450149202739334564e-01 7.780169243278005631e-01 7.129288027639977265e-01 7.600653953503173632e-01 7.961648165488429685e-01 7.865311554718350529e-01 7.923709229556678002e-01 7.696434901700127673e-01 7.902519857460367225e-01 7.844319040373906038e-01 7.875693719240394186e-01 7.799795050461596491e-01 7.852219271546662105e-01 7.693199713371284831e-01 7.729969328943419038e-01 7.791162882861171202e-01 7.807002633275023085e-01 7.973741492458968905e-01 7.863156211973990617e-01 7.827707673364444618e-01 7.611160786997779315e-01 7.622792454636684312e-01 7.880537558953157884e-01 7.638535300120766758e-01 7.692975915408774013e-01 7.950321048528139478e-01 7.913622732285359174e-01 7.916561906128741777e-01 7.847242779532921375e-01 7.901779059484755896e-01 7.879187460463102921e-01 7.922920706154066295e-01 7.974539204420134642e-01 7.914891227351127378e-01 7.826919164745734792e-01 7.821471298195551425e-01 7.875589247008468741e-01 7.797943647578940984e-01 7.943409807456759397e-01 7.948842431428376765e-01 7.940009973226812567e-01 7.896968694950439183e-01 7.915464240078226021e-01 7.901479458535095590e-01 7.924554950728335267e-01 7.914943401622330788e-01 7.973474163532365822e-01 7.646964437909699042e-01 7.626718629592456056e-01 7.862972545355312315e-01 7.864336760980724650e-01 7.857124473351921878e-01 7.870627938513294897e-01 7.801518604803844292e-01 7.854893335579643532e-01 7.739180314168756514e-01 7.784932669906305946e-01 7.870743867985775521e-01 7.998948331815092239e-01 7.974864445769003218e-01 7.925708767002437316e-01 7.932839258624956313e-01 7.908827846977044551e-01 7.887183604782556090e-01 7.863126849259480800e-01 7.928889386212270018e-01 7.826027308077901923e-01
3.177616282299591810e-02 1.047147929419735973e-01 3.691034369379261326e-01 5.512696663549571108e-01 4.166815018119748859e-01 5.267949810158080171e-01 7.418428273848879373e-01 7.188084994986632115e-01 7.707300336511804240e-01 6.989652454846621010e-01 1.000000000000000000e+00 8.479265208305568624e-01 7.516793446832518155e-01 6.579734134694877890e-01 8.586605870775069205e-01 8.442707057762763867e-01 7.749352422614699254e-01 6.025216560363364504e-01 7.014052695490816669e-01 5.841071618581561431e-01 5.950034666690521279e-01 7.278106543210505208e-01 6.733039940575493709e-01 6.289756498590338696e-01 6.570972165023521994e-01 8.207487767688382840e-01 8.177535758660006149e-01 7.958115797365927779e-01 7.251878047652615678e-01 7.893259165562246382e-01 8.430216511068128193e-01 8.369637390050190806e-01 7.554092060824675325e-01 8.038721213819950417e-01 7.439277754060712455e-01 8.193259840859442589e-01 8.255343168999855763e-01 8.489862479712767529e-01 8.484037001491110397e-01 8.283355577615520993e-01 8.762183872834239384e-01 8.704096005764345723e-01 8.556825807559083064e-01 8.876187276172653462e-01 8.773382395948775558e-01 8.737142850667986016e-01 8.814534805740079637e-01 8.857597670671931711e-01 8.743310822270841109e-01 8.377713804540314335e-01 8.692536856183262772e-01 8.503328310775455368e-01 8.734933941825233639e-01 8.740114440055301026e-01 8.658543857233343966e-01 8.692404563796698458e-01 8.656495676659903271e-01 8.775819359900195460e-01 8.654093380293060855e-01 8.858856136238926204e-01 8.765419352212394655e-01 8.772718057244670575e-01 8.740623408936463168e-01 8.758827241233094751e-01 8.779974801087061520e-01 8.795781907609067085e-01 8.866289846454132872e-01 8.707905519577159303e-01 8.682382091709384131e-01 8.676170174721319350e-01 8.744638003502127610e-01 8.805003393586993132e-01 8.534804364780136376e-01 8.557086295289162425e-01 8.918644129706150281e-01 8.878462595418159520e-01 8.808099496821166774e-01 8.664629124574643182e-01 8.799886952034032817e-01 8.750508105035916806e-01 8.795252369023952577e-01 8.885841238077022419e-01 8.811301212171106512e-01 8.690415303994194485e-01 8.749708756386582742e-01 8.753849816495435920e-01 8.850026007593612132e-01 8.868375282648806035e-01 8.817842318246172928e-01 8.836479444117261162e-01 8.846954201400140105e-01 8.911393312407653866e-01 8.921833846629267928e-01 8.918471971406343179e-01 8.898585946047620210e-01 8.905628536369921688e-01 8.719345488898766483e-01 8.656453557986366620e-01 8.855210029748500355e-01 8.849897843642112738e-01 8.862231716851357577e-01 8.891960654683362941e-01 8.886250557841535169e-01 8.923487720050617966e-01 8.878626127334563467e-01 8.844916922599055376e-01 8.864776213248390935e-01 8.891429662465317740e-01 8.890724138600287763e-01 8.911199485158320943e-01 8.892846647975798380e-01 8.928756175894954072e-01 8.886545547493469588e-01 8.866204579028532651e-01 8.876995324972519752e-01 8.896591397844029192e-01
-4.282533186858063917e-02 8.102779973164489502e-02 3.676636931477699211e-01 6.468693411969271834e-01 4.592709086676257657e-01 5.527162657173269045e-01 7.982771552141505467e-01 7.676594638289663264e-01 7.595175652677351730e-01 6.904921763274066704e-01 8.479265208305568624e-01 1.000000000000000000e+00 8.035786740226943392e-01 6.777277086096027414e-01 8.955907475230648895e-01 8.855395762255414693e-01 7.561798807151605128e-01 5.139423319008318281e-01 6.409994674747184762e-01 5.373643503265359556e-01 5.378966573968362308e-01 6.795855376643918921e-01 5.971901498109717377e-01 5.396406459756741825e-01 5.785260628841272235e-01 7.822752085753889029e-01 7.981292611007859694e-01 7.649322049243589827e-01 6.678301838815562386e-01 7.616629241519367044e-01 8.341299747984114443e-01 8.212450155814300379e-01 7.259077075467323947e-01 7.745063906350621030e-01 7.101804660312618367e-01 8.208344197644419360e-01 8.176538728614862750e-01 8.486001653617188945e-01 8.476202105389869512e-01 8.423264791061546575e-01 8.935686828490966294e-01 8.882240842488330346e-01 8.710668526659511857e-01 9.144931346508393677e-01 8.925124736919090029e-01 8.878996996493225824e-01 9.073034692976890137e-01 8.984104190676319712e-01 9.000840897629845960e-01 8.609705743980713422e-01 8.773032526726559643e-01 8.810824990598259410e-01 9.095155737033890908e-01 8.747042932520356917e-01 8.669928508838350423e-01 8.615404552779497571e-01 8.780291931504079495e-01 8.884765918943535734e-01 8.746973651282257123e-01 9.054602618058895658e-01 8.947574731494133404e-01 8.936066169808003501e-01 8.884882354333552001e-01 9.004367764694843901e-01 8.760718577566920517e-01 8.922596175267468732e-01 8.971056712450574677e-01 8.592708123473534743e-01 8.587638379975612857e-01 8.631243155187729998e-01 8.735818800890978730e-01 8.777088496213988345e-01 8.311345188789507343e-01 8.355136105241101063e-01 8.984528746990515513e-01 8.959916304037466306e-01 8.859252281803143836e-01 8.565962863909206693e-01 8.839980244154606037e-01 8.831361781332802696e-01 8.836945422007824735e-01 9.035847037770784462e-01 8.812173920788890502e-01 8.696098791383787274e-01 8.825724955137438377e-01 8.804244969273531396e-01 9.033188708312221982e-01 8.991824803270783706e-01 8.966605220697126954e-01 8.819218559289672132e-01 8.979739875964840579e-01 9.120564364991676776e-01 9.105140190663036925e-01 9.126236850871271011e-01 9.146933388846425483e-01 9.108365340684396738e-01 9.026698977718132788e-01 8.887847977529629295e-01 9.119163937329921588e-01 9.067448942438337545e-01 9.124059902514241038e-01 9.093939618645585643e-01 9.179104153826190826e-01 9.203688293410747789e-01 9.118127896193933823e-01 9.036266668367386456e-01 9.112891477957739683e-01 9.055699534199573852e-01 8.981537223770598155e-01 9.124067483463729200e-01 9.084414358094106134e-01 9.153150533996862181e-01 9.123628769816568562e-01 9.111339148897836804e-01 8.979283276292232552e-01 9.094321982667583626e-01
-3.856054999103092351e-02 1.261712118283409290e-01 2.863688314663367929e-01 5.278452366742579782e-01 4.611589700647495960e-01 5.097977798700489283e-01 7.139029271918743147e-01 7.071064476768103013e-01 6.987092901921183596e-01 6.455190937196727541e-01 7.516793446832518155e-01 8.035786740226943392e-01 1.000000000000000000e+00 5.945690954065626643e-01 8.061053671453703995e-01 8.149446058915947866e-01 6.969958774724567263e-01 4.607307540348455910e-01 5.914440240886691402e-01 4.518610599244288206e-01 4.356955205342646353e-01 6.002573996520186306e-01 5.509343333850762470e-01 5.044158571798215140e-01 5.401772385899101803e-01 7.128001329896631599e-01 7.118023401538382533e-01 6.914333620878013731e-01 5.985502793048372849e-01 6.708422860602928361e-01 7.561541509632169200e-01 7.462938282384130595e-01 6.617933929101977863e-01 7.152148278001267956e-01 6.426421067586246538e-01 7.509893405701152380e-01 7.346323025998473533e-01 7.718481585322682914e-01 7.716599328775509692e-01 7.634320259539514320e-01 8.273617524136741563e-01 8.106919924544696565e-01 8.017333362904399685e-01 8.299736654467521069e-01 8.102119898132144060e-01 8.003350773364548143e-01 8.342004556307659469e-01 8.228061242407593845e-01 8.156056006264554847e-01 7.795911249607436755e-01 8.016715405791587923e-01 8.002580664699485702e-01 8.356398743842187171e-01 7.981095316263572270e-01 7.851309920203464188e-01 7.889366146355830667e-01 7.927255222820156488e-01 8.112363037068073268e-01 7.974261863323082178e-01 8.328281822707420678e-01 8.204014204968012036e-01 8.174917837085649008e-01 8.009593479370061830e-01 8.233547506192173682e-01 8.002981105947308826e-01 8.111994320983668683e-01 8.166097934935091507e-01 7.806068080639193552e-01 7.822594096968279453e-01 7.672561047518872135e-01 7.822449196654803760e-01 8.016764693330554747e-01 7.612485794479995072e-01 7.690377528950201880e-01 8.216268521299310290e-01 8.147748165716920399e-01 8.079981954218686813e-01 7.792241196303495432e-01 8.042944591437950486e-01 8.019129980837177429e-01 8.064668728735937542e-01 8.231968559669332608e-01 8.041752427024999594e-01 7.878074532551645470e-01 8.043989799559846388e-01 8.079829454494071861e-01 8.227268299318745148e-01 8.179357522876695707e-01 8.187119985014817969e-01 8.060967405008766518e-01 8.191707941138495208e-01 8.325216029742731338e-01 8.296469564084197890e-01 8.306599560464940080e-01 8.361703526390187324e-01 8.319989694314062767e-01 8.176447947456778609e-01 8.056936513646462128e-01 8.323064228450492985e-01 8.265413185083909653e-01 8.353504871075951854e-01 8.261721257121993345e-01 8.374279311376885415e-01 8.368254799352173867e-01 8.323789581778890945e-01 8.177294744053721365e-01 8.277240574336974799e-01 8.289830641320821147e-01 8.205520481268219202e-01 8.323908992138916441e-01 8.256674402445989269e-01 8.372122771134815622e-01 8.296573400097023709e-01 8.307748380401694943e-01 8.215880166118266770e-01 8.260578498577016981e-01
