1.000000000000000000e+00 1.352598187225461657e-01 1.003766437465381800e-01 2.944115631585253121e-02 -5.740118304686639417e-02 6.096141866824032751e-02 5.226407056726773553e-02 -5.905588210531257515e-02 1.231170732371409254e-01 1.064879856530863700e-01 3.586966330717904217e-02 8.347836121190527203e-03 2.114453492366873827e-02 3.650725626909487320e-02 1.687642774497242213e-03 6.977834191985128609e-02 7.582174711659903088e-02 2.868154992384859270e-01 2.198774602813447498e-01 8.548237864626030691e-02 2.173153802023812253e-01 1.990781044655407783e-01 1.937636671823397272e-01 2.390208491815865588e-01 2.095074188908573887e-01 1.371708501075490916e-01 1.233226368904180165e-01 1.385814670855223252e-01 1.992956603470826260e-01 2.079591836758933332e-01 1.621611242990406709e-01 1.034348499306796537e-01 9.936978631415391283e-02 9.727452270476857898e-02 1.624614902218348145e-01 5.368098443126095159e-02 1.624958415961408609e-01 8.228506404998217616e-02 9.762272686235533292e-02 6.122099349784927355e-03 3.821046327728348790e-02 9.578988967431353863e-03 2.480022249316957833e-02 3.726444845388822424e-02 6.603644572622471842e-02 8.171505302221525324e-02 1.683600341907387152e-02 3.006832201766950624e-02 3.010636136702056140e-02 2.926019908114807153e-02 4.243012171901721502e-02 -1.294654950186164589e-02 -1.865118093037631663e-03 5.587433359842636921e-02 7.534291273067253436e-02 4.546893865128603246e-02 7.679323926914730092e-02 3.823392705359331817e-02 5.472017938348409244e-02 4.701950620724113655e-02 2.561150309654851298e-02 6.530011555903332543e-02 5.440373042092321032e-02 5.545729024611235902e-02 8.667239362877286746e-02 7.022810998547408812e-02 4.520558143752685665e-02 1.025615411849581382e-01 8.500685250741808752e-02 8.366780538013672552e-02 8.169081959301813245e-02 8.609754152682987105e-02 1.111842305417407584e-01 1.005123594802554560e-01 5.658612393226410131e-02 5.691739032320198427e-02 6.583120714598411638e-02 1.012021805448166112e-01 6.651418782456360035e-02 9.649357821297067928e-02 9.703255256785577043e-02 7.956334912624379863e-02 5.694923446094102282e-02 8.717980495973423616e-02 3.619803821313571923e-02 6.268038669916711769e-02 5.624502709811581014e-02 4.219299141893514266e-02 4.425780478317666022e-02 3.442391488932571714e-02 2.935952615767803853e-03 1.342948387107212663e-02 2.956609118056391372e-02 3.903513089365065469e-02 1.152819731737071002e-02 1.454312000630553041e-02 -1.328969228055426090e-02 4.342254792867843161e-02 8.833134637033134007e-03 8.968743163428834209e-03 6.790902210677014599e-03 1.595403701955763406e-02 4.675782833417511074e-03 1.443019261088204427e-02 2.360323256489619409e-02 4.425418749845358435e-02 1.974481061534161946e-02 2.747089872624753834e-02 3.293386491834652402e-02 9.273435198078799901e-03 2.506251753313621169e-02 2.483310300982800867e-02 2.798197688830332194e-02 2.778411678501492912e-02 4.210098094759640724e-02 3.006748229397872632e-02
1.352598187225461657e-01 1.000000000000000000e+00 7.151740737912624934e-02 9.533615439302989270e-02 4.355086707048461819e-02 3.779000541698965959e-02 7.426001965845946406e-02 4.590002783802962782e-02 1.514601547240922996e-01 1.742624611499527798e-01 1.410094716337350895e-01 1.236375149354848879e-01 1.195830269840268689e-01 1.170683352255127846e-01 1.139159152464073316e-01 1.186863564362268947e-01 1.273489042409501615e-01 1.383274422952019134e-01 1.671312938352691735e-01 -4.594025943472797996e-03 9.019801582942711671e-02 1.052192212889023204e-01 1.514754363749426791e-01 1.537095862073886710e-01 1.355995850981571993e-01 1.326568958244553897e-01 1.539033849614133143e-01 1.572324116585821496e-01 1.991420577265936021e-01 2.050929579071170406e-01 1.766274596675603825e-01 1.459060211941747287e-01 1.690201327450558955e-01 1.505822917365570446e-01 1.991263886630737778e-01 1.195681798489496295e-01 1.968100709980275531e-01 1.279601534025230358e-01 1.554059977714238316e-01 1.092499400784916752e-01 1.331632991604271843e-01 1.251124354344600176e-01 1.165999909188153161e-01 1.263792953493236559e-01 1.320357669852031679e-01 1.432512900349459384e-01 1.432583595048261549e-01 1.436323680864898256e-01 1.378973907011337430e-01 1.086570980840833867e-01 1.209941806730825270e-01 9.619769171969592969e-02 1.146355062579926393e-01 1.513480109905328830e-01 1.462521608599857692e-01 1.435380507812333284e-01 1.290028539193484314e-01 1.367066302225279362e-01 1.340931221582425115e-01 1.321521650818851534e-01 1.225659341801646346e-01 1.399905349215587458e-01 1.289396503084713763e-01 1.378859688098136860e-01 1.420980146252519838e-01 1.403230121856699764e-01 1.502096212453336022e-01 1.644027881605166774e-01 1.502325876024298013e-01 1.250478585357968075e-01 1.387526694737895305e-01 1.474171158480296340e-01 1.580363910537916361e-01 1.534692489929070647e-01 1.500752297257750834e-01 1.525720327310252089e-01 1.593288082289852081e-01 1.823737791774739658e-01 1.585309642683951914e-01 1.758790199204952887e-01 1.718160415656608542e-01 1.655033392197574338e-01 1.417703453593384677e-01 1.725878745093753219e-01 1.381185556522450397e-01 1.502898678339797955e-01 1.583742735543130498e-01 1.435212467712152773e-01 1.522775717283281482e-01 1.445905785063522631e-01 1.308292013890650363e-01 1.360919339234747394e-01 1.355683540210199101e-01 1.444933800028157800e-01 1.426182812690670876e-01 1.453669622298463526e-01 1.163981990770285163e-01 1.311252122748880478e-01 1.373780367237641131e-01 1.320267859390669152e-01 1.308851974758777348e-01 1.294034754029990408e-01 1.333274297403042041e-01 1.313909856259398712e-01 1.301482454218029772e-01 1.366245722547398955e-01 1.405927041452581239e-01 1.502613001692277850e-01 1.496193545894428933e-01 1.368074206292129447e-01 1.394782458550982984e-01 1.404176679757299928e-01 1.388727415028807310e-01 1.402477475645005078e-01 1.408914338435696412e-01 1.402332930866718452e-01
1.003766437465381800e-01 7.151740737912624934e-02 1.000000000000000000e+00 2.538628815096569125e-01 9.744297885057413844e-02 1.736593887290770466e-01 2.506349986712790301e-01 1.668858750079944275e-01 2.791773604911292894e-01 2.506899729624392781e-01 3.151445659301760349e-01 3.291550952119694506e-01 2.555554534910822184e-01 2.197063284994483778e-01 2.805154687955633830e-01 3.403823043249238900e-01 2.961557471390469654e-01 3.630946898402058753e-01 3.777762111560643010e-01 2.305982405174755723e-01 3.500974458526244781e-01 3.883922025651027066e-01 3.633397710316067508e-01 3.550394719641601915e-01 3.865024722070873331e-01 3.853489663909878682e-01 3.854141863157046766e-01 4.011948295748895554e-01 3.977028819296357098e-01 3.929768939664186611e-01 4.021162442029748707e-01 3.551747742987077516e-01 3.651989116080365250e-01 3.421110485164561288e-01 3.645405069155464028e-01 3.387302430049212720e-01 3.843380153755708295e-01 3.521106742357535402e-01 3.681731447678671665e-01 3.418806147207009705e-01 3.260530029960002074e-01 3.215725317779007941e-01 3.214685327404164794e-01 3.344218909901900405e-01 3.502462269608979106e-01 3.605362068920163199e-01 3.108245172159594949e-01 3.163447444128301145e-01 3.134709376875300935e-01 3.164202865969284462e-01 3.199583372779477020e-01 3.075561944290852168e-01 3.065278168834985051e-01 3.181195279564230649e-01 3.313294230282246566e-01 3.423691721078973571e-01 3.133173633665614077e-01 3.246235246685639231e-01 3.204863274619961788e-01 3.222777716261317482e-01 3.172919086518258269e-01 3.252468771628422295e-01 3.155385805201434968e-01 3.210319596068149095e-01 3.511369900905573216e-01 3.285867191413690547e-01 3.244167214670766186e-01 3.623455817012153357e-01 3.496142402468657151e-01 3.479889528739804616e-01 3.655808454772705995e-01 3.708759384523749314e-01 3.565127639243482749e-01 3.680560913974511017e-01 3.446729980592299625e-01 3.453712238139117208e-01 3.573687854598571190e-01 3.699316510825955695e-01 3.576106960854572581e-01 3.700891419921943370e-01 3.617484175681798253e-01 3.624318201446038445e-01 3.346052468763134891e-01 3.609227570942571406e-01 3.354469190476657148e-01 3.409034589712933161e-01 3.448913050969210636e-01 3.371646838184202410e-01 3.387503990339399973e-01 3.348162676700078277e-01 3.242098371614069996e-01 3.193689353586359192e-01 3.385565329443609994e-01 3.375389527332182116e-01 3.100145825163734825e-01 3.129633805679156167e-01 3.009271657399738564e-01 3.102688078708095154e-01 3.068307397079999554e-01 3.130310317953965971e-01 3.152506513846007330e-01 3.109907145685380514e-01 3.096530690855757717e-01 3.137456778296381366e-01 3.243478660579140471e-01 3.192085268480863713e-01 3.096349656876379308e-01 3.172337128302477050e-01 3.224533250861321143e-01 3.125794752702780177e-01 3.196630318209239263e-01 3.181219417663664339e-01 3.176952937687713696e-01 3.164943485832842907e-01 3.322986881491686861e-01 3.235853298364830266e-01
2.944115631585253121e-02 9.533615439302989270e-02 2.538628815096569125e-01 1.000000000000000000e+00 2.644483077697667439e-01 3.218832692179794952e-01 4.771621822084659015e-01 4.054060134236063262e-01 4.406458448609407719e-01 4.077821121303183971e-01 4.874199453399506443e-01 5.532842644783043662e-01 4.854922167693325186e-01 3.892287117614109948e-01 5.383445316089090493e-01 5.298594496686785948e-01 4.516567232438384316e-01 3.102156662870959036e-01 3.744250565632271655e-01 3.940562980656910352e-01 3.898289665172122720e-01 4.159839958314863195e-01 3.907679488512754706e-01 3.744741302533537985e-01 3.875539136624477909e-01 5.223928448520994694e-01 5.083060458648113178e-01 5.124817893521040890e-01 4.858836776605319763e-01 4.767200913603514834e-01 5.191388889784346317e-01 5.065182175606883774e-01 4.966429347560715746e-01 4.737175072983110247e-01 4.562935370721799000e-01 4.877675320903497869e-01 4.702665982019418878e-01 5.229494835807320108e-01 5.207899042437592607e-01 5.290441312089331216e-01 5.284615385285867939e-01 5.309750720162393911e-01 5.320299281273643821e-01 5.407203010967511769e-01 5.376134878056298971e-01 5.298186649200281595e-01 5.223901706505446052e-01 5.140679132967668208e-01 5.144325959618456512e-01 5.103587745918661822e-01 5.258092705062080707e-01 5.180973937016446484e-01 5.270452455603286124e-01 5.061497393421595659e-01 5.005254149646793937e-01 5.221816810729218439e-01 4.961932040382242004e-01 5.184539033152024690e-01 5.065349243681568359e-01 5.277270101274361691e-01 5.255580244864606065e-01 5.116915666996842971e-01 5.012370350709891564e-01 5.162586682884867662e-01 5.159464211537372336e-01 5.163405991279308438e-01 5.142679558296399112e-01 4.972555034576391919e-01 5.106724112439718910e-01 5.213041484676700366e-01 5.215705724053195658e-01 5.095301292726942544e-01 4.945901369170938033e-01 4.957894110397751408e-01 5.362988197926474854e-01 5.316787251292809380e-01 5.342005125465074666e-01 5.320580190395921560e-01 5.306722200986876414e-01 5.165079022737258940e-01 5.080915228065900902e-01 5.309675591617718515e-01 5.120934228111585496e-01 5.057934618403188143e-01 5.254710037901830777e-01 5.074913333336678045e-01 5.156527209568264603e-01 5.276430198172740171e-01 5.169005372225485839e-01 5.287397172285788205e-01 5.287077597675264862e-01 5.303611585275765927e-01 5.349542652789051056e-01 5.325336943013808666e-01 5.216507977185792511e-01 5.187868719686857810e-01 5.275870270083106162e-01 5.183627880390634379e-01 5.212245114169294924e-01 5.287894753545755444e-01 5.298894838627021819e-01 5.245695363974290926e-01 5.297550673804065635e-01 5.307622362303785479e-01 5.290778246800944551e-01 5.166833062658042763e-01 5.203130715909045634e-01 5.186226075160486060e-01 5.209065239063341846e-01 5.224317675657020876e-01 5.221709912029716127e-01 5.257739138170673954e-01 5.219532636576394991e-01 5.217286578706180622e-01 5.208102466925922380e-01 5.233445943694385871e-01
-5.740118304686639417e-02 4.355086707048461819e-02 9.744297885057413844e-02 2.644483077697667439e-01 1.000000000000000000e+00 2.146238446095115882e-01 4.105190042672333117e-01 4.256130286607038293e-01 3.643353151357979769e-01 3.317508746502610961e-01 3.973293459717719966e-01 4.306932422266228633e-01 4.512034816810371884e-01 3.019274386967795154e-01 4.525966005080289123e-01 4.211805450080474134e-01 3.809371543831847617e-01 1.746673391856004565e-01 2.384247347249061066e-01 3.229766704034758851e-01 2.280183640851896620e-01 2.829276388013442500e-01 2.792606424971960100e-01 2.475104140804726682e-01 2.645004938914091164e-01 3.931388598659771305e-01 3.754670284122972324e-01 3.638629666780877070e-01 2.949918646185365478e-01 2.902964361653572190e-01 3.425111644774098685e-01 4.034578572173029287e-01 3.769396619120027325e-01 3.717366730144118225e-01 3.228614014673157340e-01 4.227812258356693498e-01 3.583317636029214603e-01 4.180035222441369491e-01 4.010505914609744926e-01 4.560565303200055376e-01 4.453425587035949040e-01 4.675225870813243811e-01 4.647476301148378286e-01 4.593830642854200841e-01 4.432574446873504548e-01 4.124792161469577612e-01 4.538571701995652852e-01 4.520188423151427215e-01 4.438433791714301857e-01 4.325634760337699891e-01 4.417484099584616519e-01 4.677119217678841201e-01 4.441743787089014184e-01 4.379355759267760106e-01 4.195401561200506890e-01 4.413927177501836274e-01 4.247811886921045721e-01 4.512079406754363475e-01 4.320845911765386904e-01 4.494426417664711404e-01 4.580300093346947321e-01 4.334495567999185339e-01 4.262663925480141836e-01 4.346791266622041516e-01 4.208945041205486848e-01 4.392128632562573021e-01 4.408601131083453861e-01 4.064041357747676386e-01 4.258385379112482605e-01 4.327890304086055018e-01 4.149817994875583116e-01 4.223560944476374979e-01 4.040522060771609136e-01 4.003228621711970581e-01 4.409367673529685505e-01 4.341801546640062792e-01 4.243350255405949345e-01 4.022493110722143994e-01 4.290966477164185888e-01 4.010054396979384483e-01 4.046526781016856478e-01 4.185491989236199140e-01 4.391065409212487336e-01 4.049394468988792850e-01 4.392433753251316908e-01 4.239013723740424622e-01 4.312760530192017439e-01 4.452392180948328559e-01 4.384849052256015178e-01 4.544424843484251575e-01 4.568493337280021271e-01 4.604997817790020820e-01 4.531393911257264318e-01 4.478606995624681009e-01 4.553911713222387747e-01 4.526119137482320642e-01 4.686375952082401097e-01 4.486583330059822350e-01 4.591959421483154391e-01 4.585390864858793214e-01 4.646371838800560372e-01 4.570553374924341550e-01 4.601467473336965375e-01 4.618887194680746933e-01 4.618764272050615571e-01 4.447092993103175518e-01 4.528267275259860170e-01 4.494780672648545083e-01 4.483971736329526170e-01 4.574149472741657063e-01 4.516653904971896782e-01 4.551456227279283007e-01 4.517034140084382754e-01 4.552375441609445295e-01 4.496496376700703790e-01 4.535881114904808942e-01
6.096141866824032751e-02 3.779000541698965959e-02 1.736593887290770466e-01 3.218832692179794952e-01 2.146238446095115882e-01 1.000000000000000000e+00 4.326923013921162853e-01 3.659236921536788145e-01 4.143049592489440047e-01 3.934607920620941668e-01 4.066510670017878804e-01 4.523689420884338119e-01 4.243743542623825138e-01 3.524253309548820434e-01 4.618754606489614556e-01 4.648948038634614366e-01 4.248240599701353370e-01 3.147241425245603796e-01 3.709513322896131338e-01 3.147923269002625424e-01 3.579529930130646020e-01 3.915786582779465785e-01 3.858542103259932077e-01 3.723395394533089431e-01 3.824560885724012094e-01 4.714817605351403484e-01 4.539050125874985464e-01 4.433882902886504551e-01 4.052748217667881403e-01 4.177308071441491188e-01 4.313973687305229787e-01 4.723861470946593144e-01 4.238766299720563291e-01 4.491549095590994245e-01 4.161166985363018433e-01 4.387746568313477535e-01 4.262235841875754994e-01 4.747788834377887346e-01 4.798954578242327629e-01 4.634257235313370415e-01 4.834521965168064317e-01 4.781650376960624449e-01 4.766091326744766321e-01 4.880420384623388452e-01 4.736531014118657290e-01 4.823807460396722924e-01 4.790794086937808505e-01 4.791565567701093764e-01 4.818638648606205499e-01 4.655915367821992779e-01 4.863051930310346438e-01 4.609601063911450414e-01 4.874174452671289348e-01 4.763933042811927532e-01 4.757565002381235475e-01 4.840331005545394083e-01 4.732978369539432850e-01 4.869922202715643023e-01 4.837056610061968298e-01 4.867553037897381918e-01 4.868229163498976608e-01 4.841002683078093893e-01 4.864681705697468939e-01 4.773922194459878643e-01 4.735416229090176898e-01 4.821834520429786330e-01 4.829460132863998001e-01 4.724709124773809332e-01 4.840250877459196799e-01 4.739456738310486306e-01 4.833539764446406206e-01 4.776245117110312632e-01 4.729503986840115082e-01 4.728946232471230027e-01 4.899604046111600275e-01 4.841214954883811261e-01 4.785440737182609650e-01 4.681913259022457141e-01 4.833865223030153757e-01 4.663445822157907816e-01 4.654249684254879171e-01 4.754718601506612297e-01 4.766799124567708823e-01 4.663196564424351154e-01 4.833450007314637475e-01 4.794833215728362408e-01 4.766979126748425721e-01 4.837307746142484599e-01 4.723146526213471974e-01 4.828797719340151007e-01 4.755764876625233062e-01 4.833150967815300070e-01 4.817917848637247591e-01 4.857740607572779701e-01 4.809456150683950049e-01 4.798664749697149068e-01 4.799232331967323573e-01 4.790741989605627471e-01 4.826667983790945970e-01 4.847280148046266279e-01 4.853958460998074598e-01 4.842124991878439255e-01 4.808363801941984428e-01 4.884871430741677956e-01 4.817035744462854208e-01 4.796115418060108992e-01 4.853180803728185944e-01 4.821198464377198234e-01 4.826700580549938557e-01 4.826417136108561712e-01 4.856506807989335872e-01 4.845141349940695896e-01 4.842961288110322893e-01 4.810586875817968178e-01 4.796396631959096712e-01 4.793967160565907326e-01
5.226407056726773553e-02 7.426001965845946406e-02 2.506349986712790301e-01 4.771621822084659015e-01 4.105190042672333117e-01 4.326923013921162853e-01 1.000000000000000000e+00 5.908446646818478198e-01 6.293404079517248562e-01 5.790053313589700323e-01 6.418603661007873384e-01 6.992440625916374053e-01 6.811253590625030441e-01 5.116658742883744004e-01 7.539005658463928672e-01 7.432260306275024764e-01 6.380655406119057904e-01 4.306750151897699719e-01 4.957200468206743871e-01 5.526700512030706669e-01 4.988761433731304096e-01 5.694887971582700548e-01 5.557923564690040452e-01 5.169557224974324905e-01 5.199773480262246395e-01 7.278146738818260797e-01 6.816651541904160672e-01 6.970789708400055851e-01 6.138677527664322398e-01 6.040744915227685974e-01 6.535845315872456096e-01 7.192161175423428254e-01 6.772618654392924542e-01 6.693199411357432238e-01 6.211625266824938318e-01 7.019020552943371349e-01 6.332029473104517914e-01 7.525331697596049363e-01 7.257282427800425539e-01 7.512938196616627540e-01 7.489732592371866060e-01 7.545024611780903889e-01 7.639244864227486831e-01 7.630508086454879102e-01 7.424328132650896972e-01 7.422583552891087733e-01 7.321228812275067943e-01 7.285879770046895798e-01 7.365035909860579988e-01 7.376141904175793629e-01 7.607036971437055595e-01 7.231103048581737358e-01 7.316207735867525930e-01 7.228525902621065757e-01 7.225103398312512359e-01 7.393883432494523511e-01 7.303712126583360442e-01 7.430842884131487747e-01 7.388511378961529763e-01 7.421425939383885506e-01 7.549770911798376893e-01 7.337089969255536914e-01 7.329202667785374992e-01 7.350001688079060846e-01 7.217604430800049764e-01 7.309530580377107123e-01 7.272646858445360740e-01 6.947689911502561433e-01 7.230976948783015557e-01 7.306145131864699716e-01 7.153465275335227913e-01 7.150279203269891415e-01 6.932117693534869396e-01 6.888998747704797587e-01 7.485795380481791161e-01 7.357391553586966060e-01 7.366533219787877451e-01 7.134243830415500920e-01 7.381233725370337506e-01 7.005788379822863732e-01 6.997704475132270341e-01 7.177262156241350777e-01 7.273095273303377128e-01 7.080190496332661176e-01 7.449180469591603071e-01 7.217783213067407999e-01 7.181938952843159862e-01 7.544992923083068126e-01 7.274526000285967964e-01 7.446150073522788126e-01 7.521336212423498369e-01 7.498869714951190701e-01 7.439848180552607326e-01 7.497283761099987620e-01 7.347552606282801158e-01 7.294427412383385212e-01 7.568205561680700910e-01 7.446106404729069261e-01 7.438018674976101252e-01 7.595002136569768414e-01 7.507608907616122318e-01 7.514286244126600067e-01 7.387349357978185704e-01 7.501463899511712219e-01 7.405583242669262489e-01 7.363262290866929849e-01 7.405961027469739610e-01 7.322592893634166655e-01 7.356861278948246818e-01 7.411825054974400251e-01 7.469158552659563854e-01 7.383118401551507226e-01 7.410929081327918277e-01 7.393629258706779783e-01 7.310340265666926962e-01 7.343383400837892871e-01
-5.905588210531257515e-02 4.590002783802962782e-02 1.668858750079944275e-01 4.054060134236063262e-01 4.256130286607038293e-01 3.659236921536788145e-01 5.908446646818478198e-01 1.000000000000000000e+00 5.364997686679047195e-01 4.816552596770494188e-01 5.782726248739725738e-01 6.437732666284871064e-01 6.379766512849113225e-01 4.694340519520807664e-01 6.816798698225512432e-01 6.467719665023476949e-01 5.591509369658573814e-01 2.708860350258142091e-01 3.487744084677609213e-01 4.786047618351532695e-01 3.560339684412640038e-01 4.108140432828491506e-01 4.274186363465853344e-01 3.702852439670379914e-01 3.776095033086598329e-01 5.940179065873644193e-01 5.562699895144431750e-01 5.434422559318959900e-01 4.603731681129464293e-01 4.540145818878654760e-01 5.089143325299572140e-01 6.161354820231900176e-01 5.564038409831958409e-01 5.666756910972664540e-01 5.014459732268472525e-01 6.068682632712383285e-01 5.196853101072268499e-01 6.389609530561448647e-01 6.109758233165393237e-01 6.602482558805128354e-01 6.611158294778292088e-01 6.846191667301037009e-01 6.825603015041046273e-01 6.798453613452161148e-01 6.474576298765998272e-01 6.230783123447509730e-01 6.814695039663613008e-01 6.766863451847044963e-01 6.831643202607450283e-01 6.574169122812945076e-01 6.735402975582444052e-01 6.636969380710791011e-01 6.778648770985205019e-01 6.600486634712857681e-01 6.447701589918879428e-01 6.581866318012898898e-01 6.559709260470059089e-01 6.837757465221641073e-01 6.687867863500621679e-01 6.848459189360145416e-01 6.917535120577332775e-01 6.705160832411337646e-01 6.685671351621391700e-01 6.660672958446615111e-01 6.364225036625963394e-01 6.597734160180551699e-01 6.645021563801802866e-01 6.096099277862820909e-01 6.455958435084604430e-01 6.516297413931282367e-01 6.241151456390479080e-01 6.266487131059963467e-01 6.089256054689933251e-01 5.945510073229954839e-01 6.655316233456965991e-01 6.543424416589301851e-01 6.393898159979424234e-01 6.151610541665115672e-01 6.465497324426578984e-01 6.081054493433845076e-01 6.095257957153137340e-01 6.310062397096577458e-01 6.582023721729345356e-01 6.198401021288482138e-01 6.732300828814077320e-01 6.490703556090522408e-01 6.454712854005812961e-01 6.767642904751121069e-01 6.616289599766669305e-01 6.746854446300698527e-01 6.799900202553765816e-01 6.902768222781601182e-01 6.742086247121267251e-01 6.701040873534767073e-01 6.865639613334949543e-01 6.822611434713822254e-01 7.038581569412930561e-01 6.810853472137341491e-01 6.952807360262736047e-01 6.974712114871770563e-01 6.954164794479192890e-01 6.983702266039339968e-01 6.858694676636709620e-01 6.954820064717582850e-01 6.846072612659684919e-01 6.777419191780263974e-01 6.884873877809120080e-01 6.735449662155092998e-01 6.765716818053454373e-01 6.925884308901958386e-01 6.903176134685088394e-01 6.847268365988421479e-01 6.900513445510932931e-01 6.843856395720239183e-01 6.714040291495640966e-01 6.846109823008549311e-01
1.231170732371409254e-01 1.514601547240922996e-01 2.791773604911292894e-01 4.406458448609407719e-01 3.643353151357979769e-01 4.143049592489440047e-01 6.293404079517248562e-01 5.364997686679047195e-01 1.000000000000000000e+00 7.285921968055575348e-01 7.423699215082666392e-01 7.639546524419438267e-01 7.093118063597767531e-01 5.693115327295117378e-01 7.834931024862791249e-01 7.933397668333905806e-01 7.824288719802877656e-01 6.157683340545716533e-01 7.142141055140405204e-01 5.120441586148027913e-01 6.258318501493691510e-01 6.920087110256705198e-01 7.399017820091415842e-01 7.009196434701485678e-01 7.037198430081258449e-01 8.145009200666908367e-01 7.973834708005894667e-01 8.030626569281207328e-01 7.609573658493550274e-01 7.960251690155957238e-01 7.954755667392651164e-01 8.431441272557727018e-01 8.012160861924109145e-01 8.117700920597142877e-01 8.119167246794547488e-01 8.110568550949850408e-01 8.143903004608267215e-01 8.345170930412859622e-01 8.497543659896938939e-01 8.059299997708126995e-01 8.444546487969698534e-01 8.348602488062393245e-01 8.237729957334644082e-01 8.397850194710969607e-01 8.408696570769470524e-01 8.448830336755349668e-01 8.455564823647356842e-01 8.534351140549326642e-01 8.463663913241276093e-01 8.205589053858053372e-01 8.438936942281153319e-01 7.854333948397349552e-01 8.077135235959880255e-01 8.581550680743474935e-01 8.501901358333570080e-01 8.520032867647298058e-01 8.431142893643263081e-01 8.487840775836119622e-01 8.482710229948010605e-01 8.495043275069543709e-01 8.486309950876140817e-01 8.487587691879172613e-01 8.357617910316061938e-01 8.528595594406989111e-01 8.533267370870391000e-01 8.518846615642206022e-01 8.539360646501706897e-01 8.601829509309956157e-01 8.606086939365913402e-01 8.354783459378206656e-01 8.464667610178295831e-01 8.548119550137829314e-01 8.498641312734799280e-01 8.476405683430883187e-01 8.566056351196725815e-01 8.535262649228736453e-01 8.524925486494796534e-01 8.494830321504690529e-01 8.548937910679774710e-01 8.573086850680045057e-01 8.580428317990537179e-01 8.552484469103504017e-01 8.572451951055716224e-01 8.589261951616991020e-01 8.517309387691968103e-01 8.576782408909180422e-01 8.553871744424437207e-01 8.561954722368076975e-01 8.569497048369536518e-01 8.528314278099740076e-01 8.353125996533393716e-01 8.467217653844586467e-01 8.521247767251031169e-01 8.546765834000304984e-01 8.477025164266051016e-01 8.483609941834194812e-01 8.323251831150736413e-01 8.440729542051417233e-01 8.491487869871673366e-01 8.456732910848878682e-01 8.425104540520030882e-01 8.461946388848199385e-01 8.360210313806381022e-01 8.494671439890185693e-01 8.502016264562217707e-01 8.523376851794783882e-01 8.512613423676137492e-01 8.544157084313325212e-01 8.546236408255268868e-01 8.442832644728148761e-01 8.501381634046483171e-01 8.515650773357400505e-01 8.505405608581928512e-01 8.531710887473931137e-01 8.572208628024939880e-01 8.510792690442119390e-01
1.064879856530863700e-01 1.742624611499527798e-01 2.506899729624392781e-01 4.077821121303183971e-01 3.317508746502610961e-01 3.934607920620941668e-01 5.790053313589700323e-01 4.816552596770494188e-01 7.285921968055575348e-01 1.000000000000000000e+00 6.663478390166108767e-01 6.959985353477865511e-01 6.475928225869989063e-01 5.329480197486837767e-01 7.334002174493102766e-01 7.235202987379479866e-01 6.963904896282684387e-01 5.305906880878790144e-01 6.451039706011340025e-01 4.017921423191075925e-01 5.412021447331637480e-01 6.085697961689328084e-01 6.560196056165557010e-01 6.081784073971736593e-01 6.170101892670997179e-01 7.465687743632789530e-01 7.284900179321516234e-01 7.346126886011656865e-01 6.991070211222297770e-01 7.323647656294720587e-01 7.308920591245957610e-01 7.583689204586556709e-01 7.400208594522702521e-01 7.333843907886735680e-01 7.481486069319203125e-01 7.188034783718177945e-01 7.431515252741730526e-01 7.588991665359234862e-01 7.801175111697855602e-01 7.380461518468840465e-01 7.748031479454480230e-01 7.640954456804787132e-01 7.453855224304817284e-01 7.643596901957447898e-01 7.608623618853971315e-01 7.758789811805328895e-01 7.776543665719334308e-01 7.824998143095581726e-01 7.739356051221666366e-01 7.220250125447951195e-01 7.647432625180162757e-01 7.020066637718871405e-01 7.456373621076302083e-01 7.868312825958273526e-01 7.791279593824184113e-01 7.816219765161629418e-01 7.552195544176062425e-01 7.708238584756187395e-01 7.735319791244457122e-01 7.805713539666454537e-01 7.693934259318447877e-01 7.799664682760336643e-01 7.600788458619988086e-01 7.749023927942738643e-01 7.755296743222649392e-01 7.775699718334344590e-01 7.869609843957053874e-01 7.816313360921542941e-01 7.782818449224564450e-01 7.399392731710756621e-01 7.684575584108976898e-01 7.754626793166434773e-01 7.630780187714264473e-01 7.670017861816548210e-01 7.884480617710397654e-01 7.859365187172117073e-01 7.872769577044655964e-01 7.843469199276725812e-01 7.835267550521844981e-01 7.901138917364534109e-01 7.871796991193792392e-01 7.888393848955539411e-01 7.796780843943804662e-01 7.903139602841341427e-01 7.715265697471255235e-01 7.779559313136694687e-01 7.848271550300711663e-01 7.852528022597661250e-01 7.873904995172893440e-01 7.816875721818223877e-01 7.697716078441129151e-01 7.769345314217570575e-01 7.775140776391925579e-01 7.858894263707029149e-01 7.818826464491251960e-01 7.814627517929695344e-01 7.499570260296615221e-01 7.563844879352605854e-01 7.756265351438130784e-01 7.728990334585077449e-01 7.704024292993443268e-01 7.678082175898894857e-01 7.665949338020494608e-01 7.762131652417706418e-01 7.691781975981275554e-01 7.745884181229972798e-01 7.784326567462053204e-01 7.866873133343906810e-01 7.842281834507609517e-01 7.771755546235619150e-01 7.798851937968008796e-01 7.819536461714042819e-01 7.812550973177868618e-01 7.818494577676559087e-01 7.793138393438207023e-01 7.765584713427018393e-01
3.586966330717904217e-02 1.410094716337350895e-01 3.151445659301760349e-01 4.874199453399506443e-01 3.973293459717719966e-01 4.066510670017878804e-01 6.418603661007873384e-01 5.782726248739725738e-01 7.423699215082666392e-01 6.663478390166108767e-01 1.000000000000000000e+00 8.183341530544741005e-01 7.281334629170390649e-01 5.787223300148802707e-01 7.992673126760142521e-01 7.962681371661298746e-01 7.449452171455414051e-01 5.480442104764546851e-01 6.612392102632242974e-01 5.023585100015056648e-01 5.827723957489964191e-01 6.609782954992040604e-01 6.957065680448443201e-01 6.362337226793061129e-01 6.657503237088178150e-01 8.088544880030587025e-01 7.960137409009354625e-01 7.992358025156293122e-01 7.417432336801221826e-01 7.685424654974926106e-01 8.076618523258236593e-01 8.192130488623040607e-01 8.022835141087418798e-01 7.858297055230176742e-01 7.781048446449585487e-01 8.088653931302651756e-01 8.077691176234939041e-01 8.209278768348401423e-01 8.400233167040194182e-01 8.267234173409918618e-01 8.459972657509589045e-01 8.473556040346694740e-01 8.390821653687929871e-01 8.502052077006185815e-01 8.503678666679522768e-01 8.383953492987087364e-01 8.495833095028271220e-01 8.531730394419451136e-01 8.415569964480833498e-01 8.125098451607534189e-01 8.366261697204991910e-01 8.085599294837085838e-01 8.195573244507265986e-01 8.474258801041295586e-01 8.354348366620533151e-01 8.538682874101114484e-01 8.190029149378066364e-01 8.479190583407423265e-01 8.397825374485227146e-01 8.501958073066268051e-01 8.477314583681058169e-01 8.437654046270153252e-01 8.243559810085218098e-01 8.402377673127039426e-01 8.396047378746130940e-01 8.407460253992130594e-01 8.529638208018418544e-01 8.463330821080913280e-01 8.464746843219146388e-01 8.287303899320007661e-01 8.442399815110054329e-01 8.511703471799764165e-01 8.290524853692714524e-01 8.336466217145513946e-01 8.634611723684315621e-01 8.588475419626387941e-01 8.564442814875982135e-01 8.473649143165341568e-01 8.591265240579492035e-01 8.559060703267106218e-01 8.538976367709721904e-01 8.652575713071951613e-01 8.515040962972146854e-01 8.504674563015400812e-01 8.519983198772455024e-01 8.472262930218359411e-01 8.598866883936396865e-01 8.583411685559532156e-01 8.612081437791757610e-01 8.602962849532269640e-01 8.549148255703522548e-01 8.592377607762089475e-01 8.629218399630373959e-01 8.615276585525621922e-01 8.539033765353581940e-01 8.539147729558063116e-01 8.367748460103837660e-01 8.308443210511495813e-01 8.506648073357095940e-01 8.527015738675026713e-01 8.520529247079962065e-01 8.456827088188340058e-01 8.475934782879745999e-01 8.558442150515483959e-01 8.545694096809768325e-01 8.433641421854480846e-01 8.493780681209316397e-01 8.542694750330761533e-01 8.566729796533649743e-01 8.543232513321483701e-01 8.553579679577941741e-01 8.551845742678235718e-01 8.534106048146208323e-01 8.513951199475224829e-01 8.553993187394075548e-01 8.524315852545760741e-01
8.347836121190527203e-03 1.236375149354848879e-01 3.291550952119694506e-01 5.532842644783043662e-01 4.306932422266228633e-01 4.523689420884338119e-01 6.992440625916374053e-01 6.437732666284871064e-01 7.639546524419438267e-01 6.959985353477865511e-01 8.183341530544741005e-01 1.000000000000000000e+00 7.871225889161568290e-01 6.081444248563290245e-01 8.627392941262528314e-01 8.553144737682063514e-01 7.796179731067756080e-01 5.256323064356900332e-01 6.480723084447980176e-01 5.561808357895596799e-01 5.993561833154555929e-01 6.768162489912431523e-01 6.826926942649552688e-01 6.290535437206968838e-01 6.628649502495213008e-01 8.470460374174338947e-01 8.341487880163422908e-01 8.276930540587955631e-01 7.562356568775751020e-01 7.832385565614862211e-01 8.283583077214721202e-01 8.558790564018793345e-01 8.239563722944333035e-01 8.193486632457471774e-01 7.946746610783230746e-01 8.424190979983240402e-01 8.207379704809077969e-01 8.598743956002116162e-01 8.753054718961083003e-01 8.685660459651073362e-01 8.962336800509007606e-01 8.989975918446008185e-01 8.842400998103251419e-01 9.006150220733590839e-01 8.935584234094909872e-01 8.823638507949234100e-01 9.011557244971775127e-01 8.999300760984797476e-01 8.908464156688929991e-01 8.573366812235797552e-01 8.856107857661656979e-01 8.532032769841793041e-01 8.752710271661829911e-01 8.891279555726342432e-01 8.720891333346472152e-01 8.931146260522433433e-01 8.598444388594383980e-01 8.957841255551256543e-01 8.814140495421683985e-01 9.001025005934262246e-01 8.981024914695401318e-01 8.881227417857590067e-01 8.718983040714775035e-01 8.854939299397397434e-01 8.807845746009700383e-01 8.846521956355687388e-01 8.973713971122823096e-01 8.707475848110823868e-01 8.827123305956879884e-01 8.722638017357308149e-01 8.840641898797712006e-01 8.848914048011188305e-01 8.586423980140783785e-01 8.628762015920624640e-01 9.068186824122640433e-01 9.044327913335580282e-01 8.989525821958334051e-01 8.862696328261004952e-01 8.990450777557993378e-01 8.851626370144861644e-01 8.862811081599276664e-01 9.043557428549298116e-01 8.900855450326849994e-01 8.804670847376023790e-01 8.942800518657116893e-01 8.852744342561242874e-01 9.013128021290219838e-01 8.992030619739757036e-01 9.002075783959310185e-01 9.038180246547140584e-01 9.006196864042970152e-01 9.082492270192895623e-01 9.076642237133732971e-01 9.089074749968539813e-01 9.036044045350671849e-01 9.023543949994042856e-01 8.879744844126444825e-01 8.793781032919203433e-01 8.996143625081755024e-01 9.009636656786846887e-01 9.030416891899702980e-01 8.953166820306025508e-01 8.979278725270197770e-01 9.064739480813361894e-01 9.004931252026455724e-01 8.880212131940833364e-01 8.990947980199569534e-01 8.995608765716264221e-01 9.004867500739461850e-01 9.040314285399706495e-01 9.015800974941960977e-01 9.054543101966706642e-01 9.002562459147468443e-01 8.992042506495818710e-01 8.981674816562398300e-01 8.986115026492236257e-01
2.114453492366873827e-02 1.195830269840268689e-01 2.555554534910822184e-01 4.854922167693325186e-01 4.512034816810371884e-01 4.243743542623825138e-01 6.811253590625030441e-01 6.379766512849113225e-01 7.093118063597767531e-01 6.475928225869989063e-01 7.281334629170390649e-01 7.871225889161568290e-01 1.000000000000000000e+00 5.864965607636406508e-01 8.192965072184072994e-01 7.934822474605032205e-01 7.271318681655285499e-01 4.550790410565142552e-01 5.657581558895912188e-01 5.373164159777363835e-01 5.267822204588052948e-01 6.026682877266780203e-01 6.302869913037031369e-01 5.775469326527925551e-01 5.958257921372001054e-01 7.703298884923570622e-01 7.449532568863617144e-01 7.351981196534020935e-01 6.809291913272300656e-01 6.894631300322358047e-01 7.284370027474603715e-01 7.996605476350341357e-01 7.429875259909726193e-01 7.572159462197528557e-01 7.126902593673724029e-01 7.854798139565136728e-01 7.334152072144830559e-01 8.059577535077150356e-01 8.014073174611612282e-01 8.074186487775518728e-01 8.282586478800582075e-01 8.342319514264519009e-01 8.351643168942182172e-01 8.402909074393656308e-01 8.245375898093653122e-01 8.067489503949515361e-01 8.380972075337477234e-01 8.387414225453523331e-01 8.352185761489110405e-01 8.088593706521783888e-01 8.327815816846809716e-01 8.110335807195375724e-01 8.181671093145717055e-01 8.282236464185500635e-01 8.152993965783774666e-01 8.322335696837350749e-01 8.179214729175313670e-01 8.398772480139108376e-01 8.275774793287683506e-01 8.425691818437641700e-01 8.462130722063461175e-01 8.311864930943549945e-01 8.180839095704215413e-01 8.324385475935894840e-01 8.174237021528043545e-01 8.285399521361808128e-01 8.314992701053040003e-01 7.987214929137049779e-01 8.235949195455899430e-01 8.091813705642526555e-01 8.056795391762985314e-01 8.126669642157561269e-01 7.951658483047880921e-01 7.932693791033318398e-01 8.367620780429947391e-01 8.300878546567481697e-01 8.229923879196295866e-01 8.107206978328370672e-01 8.278202343422977894e-01 8.077570030771514809e-01 8.065511477672213658e-01 8.216408137714747983e-01 8.321526478365141033e-01 8.081677381118029801e-01 8.363317781429422393e-01 8.248382072349705885e-01 8.272305830985569042e-01 8.376811743484009476e-01 8.330804825977694561e-01 8.386050613274182997e-01 8.318771829877634749e-01 8.429991073345568520e-01 8.409562527782264985e-01 8.375619847565114462e-01 8.420480209472654964e-01 8.407293647125392289e-01 8.399145541100674350e-01 8.315739408211837436e-01 8.434549631838217376e-01 8.464551128966788518e-01 8.463211731281432559e-01 8.435906247451676609e-01 8.420118417719945070e-01 8.480661978102345122e-01 8.462383888850146807e-01 8.357404125881011669e-01 8.415238356320255964e-01 8.378521482048116864e-01 8.394044540974884283e-01 8.434890510477238701e-01 8.418382954398238027e-01 8.445548413340333571e-01 8.436609227652732690e-01 8.443484305836319592e-01 8.390833497270521191e-01 8.420868987114691340e-01
