1.000000000000000000e+00 1.467658485789129774e-01 1.344117588817586029e-01 7.554687900663333011e-02 2.529197775893317346e-02 2.237672879244922974e-02 3.918342780493190569e-02 3.835069319299259233e-02 1.233117078207407458e-01 4.568282060458850324e-02 8.312239967666414098e-02 3.950857940115230782e-02 3.703588927730033092e-02 1.059409568786519838e-02 4.572312833255649106e-02 2.305556663238220866e-02 1.055516682275572382e-01 1.338391325560644440e-01 1.081098583912365324e-01 1.311061325954479551e-01 1.508980620725330624e-01 1.298960425383906270e-01 1.274843370129319642e-01 5.670725635319663616e-02 5.268693132181800909e-02 1.307453956003738482e-01 1.213003618906534908e-01 1.337317842569323012e-01 1.595486414806832065e-01 1.392677458278117342e-01 1.158339714966915290e-01 7.162335812448804295e-02 8.068248676337889946e-02 8.907414413906891704e-02 1.095949863748042069e-01 7.901073225090654573e-02 8.140600445652911021e-02 3.983334579420419463e-02 6.447870580067636970e-02 4.031979614928593927e-03 3.542944027469581425e-02 2.355190393478803074e-02 3.267976003917132371e-03 4.525634264656627770e-02 4.963388446712500152e-02 4.374495675125920219e-02 1.894391388529064260e-02 2.050291891262083846e-02 3.616887747863146291e-02 4.005239681931249685e-02 2.451646344448590170e-02 3.339385087476574865e-02 3.025383377534770699e-02 4.119212314386862250e-02 4.675793464466956179e-02 6.353902560282209677e-02 4.243823174741859910e-02 3.557603665614414434e-02 2.010981497060003106e-02 3.209517563078040370e-02 1.135573210894464703e-02 3.839643845373451325e-02 1.299678084904558675e-02 4.353030220452498017e-02 7.207418975980509068e-02 4.077414443879098099e-02 2.492981631168122297e-02 4.411020662953439586e-02 4.526841475019925676e-02 6.130663043180233779e-02 5.171601702432426090e-02 4.106510076102362627e-02 1.975127108289360250e-02 2.151996224704769839e-02 4.401531574916214828e-02 3.849125208590568198e-02 5.078610504203800308e-02 7.528449379488422188e-02 5.107712575335231209e-02 6.651112477390669353e-02 5.719897357761741935e-02 5.152747615975885459e-02 3.663102092666684073e-02 5.575614122082268864e-02 3.030020129944957161e-02 3.765091490820009906e-02 3.408890587480579992e-02 1.949179969707894380e-02 2.524999574487490558e-02 2.760259952405454825e-02 1.164942598921343483e-02 1.434266327004629117e-02 2.094321098971761372e-02 1.838472061429536827e-02 3.501223108551913474e-03 1.112240322698600063e-02 1.292272048338558108e-03 2.794725274713511995e-02 4.686952953346853155e-03 8.939680875827676204e-03 1.542095149812777472e-03 1.698691648212711375e-02 1.016395275334175743e-02 1.217470826876980265e-02 2.699805748341992107e-02 1.902785727578688163e-02 1.937155568253907945e-02 2.225558384079682692e-02 2.920960190393520270e-02 1.345761264277039668e-02 1.211418368682124283e-02 1.623383867913041900e-02 1.382393036284705785e-02 1.892546022553895715e-02 4.637716223331457555e-02 2.380673006008032430e-02
1.467658485789129774e-01 1.000000000000000000e+00 1.625077247732691355e-01 1.598168516580126819e-01 1.293155426198272784e-01 1.107767960496672810e-01 1.647214358439436921e-01 1.422541193712193175e-01 2.262786582330109098e-01 1.897063004802453379e-01 2.103381936546873388e-01 1.794071227710585525e-01 1.875005696902845576e-01 1.717724688627007279e-01 1.922510371755566383e-01 1.940641626579006074e-01 2.031339627937862324e-01 2.215457895313863723e-01 2.006308807235544500e-01 1.655570344005387884e-01 1.810584122813721220e-01 2.251968275316642010e-01 2.510350749263416392e-01 1.844757186101993185e-01 2.137519799675013377e-01 2.422441814913697811e-01 2.355590950023158936e-01 2.423290963562927114e-01 2.580081566461796538e-01 2.352574547501926905e-01 2.404789720776533690e-01 2.224860368697931801e-01 2.099467123533796664e-01 2.268501378004800784e-01 2.172871234887622238e-01 2.206219570729700541e-01 2.172860278248661403e-01 1.998279467765709805e-01 2.152742587728225243e-01 1.876437786401636831e-01 1.859602289578950185e-01 1.923060787540480654e-01 1.832109081178876497e-01 2.000373645845321680e-01 2.058172028332448111e-01 2.007145078769869140e-01 1.776227876903075098e-01 1.842941080925744324e-01 1.760649038538767697e-01 1.740956029714162967e-01 1.887986177834938828e-01 1.818450041948634077e-01 1.728635159264962362e-01 1.898046795829390343e-01 1.900186497443712152e-01 2.188972439999071207e-01 1.713119494397937481e-01 1.862920519614522930e-01 1.784702976505154193e-01 1.876289625169941522e-01 1.698569432886219421e-01 1.810436518130848493e-01 1.664136496724045733e-01 1.794893116774788910e-01 2.031942287210205533e-01 1.854984274340542305e-01 1.854220719783866156e-01 1.977824132719845085e-01 2.026156752251355997e-01 1.913120409458274329e-01 1.974524688744614953e-01 1.968108442862354091e-01 1.867608031646644240e-01 1.911196933024676414e-01 2.029589353534650975e-01 1.962290499534800614e-01 2.060644567538257310e-01 2.186645775627464594e-01 2.076458582576794221e-01 2.044648997910842592e-01 2.073366887204423081e-01 2.072788722902715319e-01 1.989510866932586441e-01 2.012376360627789740e-01 1.898217517933114273e-01 1.972698092483614607e-01 2.018035871300150330e-01 1.918815577450839471e-01 1.923409282760494277e-01 1.964970752866649906e-01 1.913666744710720291e-01 1.842663039618817056e-01 1.902407969309681812e-01 1.892895801376541509e-01 1.763974357376628388e-01 1.802196961879245218e-01 1.660783214052890533e-01 1.620303733402591040e-01 1.719141192931199214e-01 1.808401515301008844e-01 1.805021503373317737e-01 1.804151058959868881e-01 1.777021741345967409e-01 1.772642421772166743e-01 1.854592888512661686e-01 1.730192847354446728e-01 1.750078109424505479e-01 1.902237788554081988e-01 1.909128899392151524e-01 1.804724073980285282e-01 1.811259419811767635e-01 1.794443112683493657e-01 1.762766047701188887e-01 1.736712288089742595e-01 1.914156205476289230e-01 1.802696520608730035e-01
1.344117588817586029e-01 1.625077247732691355e-01 1.000000000000000000e+00 3.685879995318586677e-01 1.999924292647597412e-01 2.359777927005973774e-01 3.271284756977241859e-01 3.142404697491670840e-01 3.636330455339722434e-01 3.342978733639704880e-01 3.978935800820560531e-01 3.863058371647798972e-01 3.418182457496477533e-01 2.835068895865211491e-01 3.888645903748620958e-01 3.619893533772126082e-01 3.660997914607653225e-01 3.975117048894043492e-01 4.036533711111836009e-01 3.089416214899489144e-01 3.708404924027116634e-01 4.269016109126178016e-01 4.294529703424576628e-01 3.520432234933285609e-01 4.026846320517860067e-01 4.421954263677375652e-01 4.436921776689032315e-01 4.518340847382346093e-01 4.598843637396954342e-01 4.675730265389223539e-01 4.669828636369353081e-01 3.946398575286769739e-01 3.914978046348294161e-01 4.113056939075221963e-01 4.195569758837467411e-01 4.089419046008818670e-01 4.299226104352096844e-01 3.983586059088926601e-01 4.190535300969276955e-01 3.653852181327973403e-01 3.924792730195785784e-01 3.853137822140439983e-01 3.865049023961684149e-01 3.989473034621467962e-01 4.165471637482006662e-01 4.191942514115759577e-01 3.797534270079517271e-01 3.826428185722211550e-01 3.550503938076139954e-01 3.512764184590463357e-01 3.781074890718897352e-01 3.525657778576183898e-01 3.723902205306661717e-01 3.844853645253811791e-01 3.883880699352824095e-01 4.141165678544103113e-01 3.668696798243255563e-01 3.855230427712870722e-01 3.744344453867716749e-01 3.869587396636903764e-01 3.728404524293074673e-01 3.864393976335264713e-01 3.666455021239785061e-01 3.752632935386021606e-01 3.923497633735607004e-01 3.902485192039324979e-01 3.832511374216601152e-01 4.015879020036724478e-01 4.060453991635161741e-01 3.924447678274691209e-01 4.090803132935873498e-01 4.087298914129812166e-01 3.906449101978899940e-01 3.955017508583718033e-01 4.040974047254056734e-01 4.052830306172971464e-01 4.143686127565360811e-01 4.322652811999438960e-01 4.191955234207466741e-01 4.188952916951459438e-01 4.178862164689138847e-01 4.197700500998319817e-01 3.982662326123295182e-01 4.094688575626677096e-01 3.851148528303651730e-01 3.974929171393607463e-01 4.073705038068033413e-01 3.879964361573552400e-01 3.981957949068507530e-01 3.971750779032150458e-01 3.835903744428387774e-01 3.832853795039039557e-01 3.951723429502377871e-01 3.927581258212455850e-01 3.754318437849726298e-01 3.780486659718268472e-01 3.574775223416673531e-01 3.512684041498180809e-01 3.698230152951051952e-01 3.763324416967663288e-01 3.793481494523009423e-01 3.795696014321360279e-01 3.726473495106635281e-01 3.792991248728317943e-01 3.831347735419682876e-01 3.714425108688218513e-01 3.671733136622827298e-01 3.849354039521368231e-01 3.907714043772843593e-01 3.811113993004970335e-01 3.789601329347068726e-01 3.774795467436659613e-01 3.759301316822519778e-01 3.703967367230515673e-01 3.904158549758470764e-01 3.813783354133599146e-01
7.554687900663333011e-02 1.598168516580126819e-01 3.685879995318586677e-01 1.000000000000000000e+00 3.457376716676158201e-01 3.899191278960978946e-01 5.391173763059470270e-01 5.028509887635672637e-01 5.520687639572559036e-01 4.969613163157459712e-01 5.789416361915220577e-01 6.295086537406556770e-01 5.551313412096741118e-01 4.550975463035520363e-01 6.085085179380249620e-01 5.890441454205939120e-01 5.665481487146124540e-01 5.850731476509118956e-01 5.938657601004534436e-01 5.412295948351264485e-01 5.895658073584333358e-01 6.294336324617569867e-01 5.936188720250643591e-01 5.491514897646552207e-01 6.178709895313352352e-01 6.265596088487235260e-01 6.283344004736851618e-01 6.213484259474880700e-01 5.804388175511954184e-01 6.084421304111193862e-01 6.307449236403944726e-01 6.061336715398829567e-01 5.751322447604954036e-01 6.118410569734314963e-01 5.653776528972531690e-01 6.297960490174370207e-01 6.333763534431278153e-01 6.003942459036438750e-01 6.223489920389747576e-01 6.136274072217220432e-01 6.185604603134171597e-01 6.080571912677004143e-01 6.104885042226945169e-01 6.300482865043176561e-01 6.378685537925352644e-01 6.207916584112210812e-01 5.956606193136509964e-01 5.945430728470344484e-01 5.767260682769604907e-01 5.840694230049939817e-01 6.047390113069875950e-01 6.186150196929316447e-01 6.198289539287487049e-01 5.845905574643097680e-01 5.823908444590044642e-01 5.992826072256066672e-01 5.871616935689621952e-01 6.106248128599527369e-01 5.909603027341289172e-01 6.044785726342237764e-01 6.102065320689290528e-01 6.002617090769510888e-01 5.925635977238344898e-01 6.007847692954283447e-01 6.007512935843377644e-01 6.042480292645138196e-01 5.950692069084212443e-01 6.071980322749498393e-01 6.109429701471070784e-01 6.291138965309674980e-01 6.368353674132657405e-01 6.269285206907669883e-01 6.032915174798180180e-01 6.202631825319179226e-01 6.160478969646077108e-01 6.109630163187798058e-01 6.150385479267147515e-01 6.072795592575798151e-01 6.154919600312273031e-01 6.111774967733171193e-01 6.143699096931981574e-01 6.225916658718283481e-01 6.014386492407424178e-01 5.981661913622483562e-01 5.956351778378384809e-01 6.081078687153304019e-01 6.278043840137218501e-01 6.023526529381358907e-01 6.095040517607939190e-01 6.027540418219362595e-01 6.121576271853196305e-01 6.013637340581338142e-01 6.202609058530955677e-01 6.155403182245656746e-01 5.940046511484923242e-01 5.947907482573667748e-01 6.016955456310254524e-01 5.868812609212175069e-01 5.965496664864345933e-01 6.012066742820909582e-01 6.045372733775433716e-01 6.036615683126603793e-01 6.106044090008788672e-01 6.069306789973801797e-01 6.110529108953186572e-01 6.016397511468797310e-01 5.900659185085135316e-01 5.945089067041918751e-01 5.958886366230108367e-01 5.984617625269479380e-01 5.991454478419366847e-01 5.977891213907011725e-01 5.994517041477058772e-01 5.951490098688331232e-01 6.016918022564019530e-01 6.054256589999721383e-01
2.529197775893317346e-02 1.293155426198272784e-01 1.999924292647597412e-01 3.457376716676158201e-01 1.000000000000000000e+00 2.817135358339623030e-01 4.703504482422103949e-01 4.620386298206544118e-01 4.605534930152951900e-01 4.351389608685427568e-01 4.689455598556684368e-01 4.819072413391639054e-01 4.805709887176484174e-01 3.425628114675582925e-01 5.090536223222200674e-01 5.148413563596867526e-01 4.537723665769627379e-01 4.325568874714067480e-01 4.457073586654083375e-01 3.627639853567304895e-01 3.782876090553593529e-01 4.477302750262082132e-01 4.098204490085258778e-01 3.650397791834589234e-01 4.280844709180517960e-01 4.796734358378526575e-01 4.798821506940494919e-01 4.558468880969926973e-01 4.364344341202224253e-01 4.571615617981323321e-01 4.711528178002074574e-01 4.718193944635423742e-01 4.391634452082116002e-01 4.682104260720465483e-01 4.386291058960224976e-01 4.542237260876618166e-01 4.682596003174381294e-01 4.971246715569909158e-01 4.881642775350288344e-01 4.564630003663989744e-01 4.920557323913594128e-01 4.975340661814808829e-01 4.742583266933601549e-01 4.958160020076934904e-01 4.905541969937070590e-01 4.940320561266748900e-01 5.039188306078477009e-01 5.064264002334096793e-01 4.987453573782539840e-01 4.889282059340141484e-01 4.972204934788592157e-01 4.716697259496107075e-01 4.974311630307794441e-01 5.018993050057010130e-01 4.973001168564820107e-01 5.002379311892471980e-01 4.863911209933545754e-01 5.032667786699206447e-01 4.965538771352696612e-01 5.038528839568663376e-01 4.993329468430089957e-01 4.986107339736171040e-01 4.947022164129245003e-01 4.999822100089785226e-01 4.968760169902191048e-01 5.001321061332364426e-01 5.058356062572859635e-01 4.984734465335106113e-01 4.927444248987688513e-01 4.957775169997893361e-01 4.959803943920676472e-01 5.002004768323964345e-01 4.798115874026681049e-01 4.898746655748973944e-01 5.060702699365136059e-01 4.988051902675683658e-01 4.957530367190065013e-01 4.969899918338392397e-01 5.032452390937948161e-01 4.993431791698589861e-01 4.913607552992270699e-01 5.002226081509428823e-01 4.930527425438569478e-01 4.894909739874199195e-01 4.929909734354754325e-01 4.933162719711781663e-01 4.948660014088479553e-01 5.002502586416791575e-01 5.008755497641471655e-01 5.016226263222867132e-01 4.848056185314864042e-01 5.020628081546563148e-01 5.010330988374828154e-01 5.024361312688745418e-01 5.052910298752000262e-01 5.034319530110200613e-01 4.872539496749584420e-01 4.920689101414466582e-01 5.037316846994712716e-01 4.999971385160915105e-01 4.965801303161400670e-01 5.023851112656390061e-01 5.033959420608264956e-01 5.040616769744193926e-01 5.008887265401361644e-01 4.887093859704808585e-01 4.987730792078590714e-01 5.037710741404777259e-01 4.990887795249515091e-01 5.018273888443337549e-01 5.026316506501198322e-01 5.049733513188784384e-01 5.011363269150099775e-01 5.001051459376377739e-01 5.025536787484579104e-01 5.021608043410843436e-01
2.237672879244922974e-02 1.107767960496672810e-01 2.359777927005973774e-01 3.899191278960978946e-01 2.817135358339623030e-01 1.000000000000000000e+00 5.257118738008422776e-01 4.391691722112287533e-01 5.326904969662541456e-01 4.924069011214194380e-01 5.247132767775605222e-01 5.673137400612976444e-01 5.117771357662439513e-01 3.716682345694202749e-01 5.714666907391191542e-01 5.597106878100676086e-01 5.478166521301774949e-01 5.134780449085746268e-01 5.354299610076340699e-01 4.322905873674964816e-01 4.446994862694109152e-01 5.199221431935925342e-01 4.975754117571103974e-01 5.014736396532978313e-01 5.114702789132427041e-01 5.590192002713266772e-01 5.589678369124784219e-01 5.481326949744892429e-01 5.098889143022973247e-01 5.322733585961472169e-01 5.477057022937333874e-01 5.730440511561063488e-01 5.422463854801790051e-01 5.651079081810356231e-01 5.445972915659144098e-01 5.593843338419727251e-01 5.591049563045813464e-01 5.817530921362052965e-01 5.824397437277272216e-01 5.762414241835714934e-01 5.901070756328756772e-01 5.872129843083571110e-01 5.760399451862094899e-01 5.869690135561274058e-01 5.889112480570142250e-01 5.795757101339089612e-01 5.857245364098698781e-01 5.853813078132984460e-01 5.802880047831843191e-01 5.675566312349676901e-01 5.851836370896997819e-01 5.629596202628519563e-01 5.859876910709507225e-01 5.797410603423581721e-01 5.696306038289880025e-01 5.685647441578240979e-01 5.702508641789644228e-01 5.882488656800092253e-01 5.832421587796855489e-01 5.885257726567644232e-01 5.915168317726468006e-01 5.836117318884496141e-01 5.807277718891390439e-01 5.852604368480911479e-01 5.809866115993458369e-01 5.819255006228221117e-01 5.869834955028992995e-01 5.862980084267608305e-01 5.860223217617348546e-01 5.801855299461011750e-01 5.828373942939432117e-01 5.887945972094641434e-01 5.869615898837735601e-01 5.825317536680436614e-01 5.894216710556358096e-01 5.892172942313596007e-01 5.861531694683613791e-01 5.750869064230216265e-01 5.798334712308788053e-01 5.780764870925033660e-01 5.858964270401351149e-01 5.831193263102318891e-01 5.845284283937237646e-01 5.828827290572314856e-01 5.866589021278381111e-01 5.912876507129487536e-01 5.913399464689625962e-01 5.909072135162608541e-01 5.898590610603233753e-01 5.847633123340180150e-01 5.898410904757032114e-01 5.919076876515135810e-01 5.933156552381544380e-01 5.923950863139206824e-01 5.886933291479230501e-01 5.893262582207527966e-01 5.869902565080546974e-01 5.810570518304744025e-01 5.919436041452685870e-01 5.883897783940790216e-01 5.927274117926975006e-01 5.893776806093830034e-01 5.926949905689697928e-01 5.920852232254223413e-01 5.909702807632964960e-01 5.870609503050030487e-01 5.865814421919293142e-01 5.889079622345494425e-01 5.884602967489223069e-01 5.903667619500666541e-01 5.887526059011665147e-01 5.901911560651725841e-01 5.902599567108086642e-01 5.898692237364148161e-01 5.869181565121416311e-01 5.896717180189335883e-01
3.918342780493190569e-02 1.647214358439436921e-01 3.271284756977241859e-01 5.391173763059470270e-01 4.703504482422103949e-01 5.257118738008422776e-01 1.000000000000000000e+00 6.864506539974180033e-01 7.203502362250416846e-01 6.740011548001021424e-01 7.421227076088384722e-01 7.883657391385974211e-01 7.312994547382118959e-01 5.593449215788711681e-01 8.348280374501793055e-01 8.102861421490351601e-01 7.524207550042310011e-01 6.813180920206242108e-01 7.282037447768504590e-01 5.556610553597385316e-01 5.898857947010337499e-01 7.153122222001626618e-01 6.667869702102279250e-01 6.372899293519144193e-01 7.018114145491632927e-01 7.705962563404299415e-01 7.618963734162309542e-01 7.541169606495941036e-01 7.017372601755257344e-01 7.250022178740219703e-01 7.464866511073044997e-01 7.834094903566002355e-01 7.578734975230810855e-01 7.836028814339908166e-01 7.422617712460537476e-01 7.705130483036810585e-01 7.686715290582863958e-01 8.173411429014542096e-01 8.106622200467414885e-01 8.036943950027967132e-01 8.145365852991977018e-01 8.230593356455279119e-01 8.133187686917442427e-01 8.202079851188011084e-01 8.096083615340967654e-01 8.093574810741266390e-01 8.154777119650691297e-01 8.162660078294439181e-01 8.162253491228687041e-01 8.016552144028370464e-01 8.247675646024984486e-01 7.841457083708113229e-01 8.128209082465890356e-01 8.115428907190351815e-01 8.013185091109796820e-01 8.026066308346732070e-01 7.933693772532435240e-01 8.181690342946649208e-01 8.150552067168218562e-01 8.214568049552881668e-01 8.217677112157957264e-01 8.156341445124055678e-01 8.026734589396758990e-01 8.176306600325886631e-01 8.129403894203788283e-01 8.091699609596540999e-01 8.196510559920719974e-01 8.127296552698862753e-01 8.033594858064181388e-01 7.903367725850147796e-01 8.020814478047477714e-01 8.105909010337339904e-01 7.997639119415468345e-01 8.005773928800866690e-01 8.199252821983683548e-01 8.203556328547788601e-01 8.167937311768391773e-01 7.963463664088784588e-01 8.089611922513496589e-01 8.008534340759930759e-01 8.048569725729850521e-01 8.070783306997342255e-01 8.176958051626656010e-01 8.097478971071250253e-01 8.191206926899915475e-01 8.172681404170881736e-01 8.084049619526123553e-01 8.257790314348267824e-01 8.214446910928007162e-01 8.169675228808422895e-01 8.248211176862026983e-01 8.254363938902566922e-01 8.207863865919069468e-01 8.254108455492924490e-01 8.188740187273454429e-01 8.207103759871753335e-01 8.192660603007189124e-01 8.079319859307069196e-01 8.217843675524894032e-01 8.269224072845525741e-01 8.281601454043385768e-01 8.199681856230905952e-01 8.186233779416299816e-01 8.241710708037796040e-01 8.198367964168161715e-01 8.125033072030559689e-01 8.198855991726866632e-01 8.204332311344973983e-01 8.214260361301911617e-01 8.239826561954186612e-01 8.252494376077375016e-01 8.223373721627181832e-01 8.217263603576708819e-01 8.207506356159058880e-01 8.189652291466154033e-01 8.173376839097560298e-01
3.835069319299259233e-02 1.422541193712193175e-01 3.142404697491670840e-01 5.028509887635672637e-01 4.620386298206544118e-01 4.391691722112287533e-01 6.864506539974180033e-01 1.000000000000000000e+00 6.998479068641335621e-01 6.289152761811740433e-01 6.941070696372444448e-01 7.546426682019621301e-01 7.069951614407450347e-01 5.279702972601374444e-01 7.763085541798262490e-01 7.815961143668276323e-01 7.054693389308769325e-01 6.481679011195040641e-01 6.752930837110416862e-01 5.420224339651884549e-01 5.779148612352397185e-01 6.837444736747525509e-01 6.040106131999648520e-01 5.790219053329004328e-01 6.513490895904259226e-01 7.279564572049920246e-01 7.213779446244871218e-01 6.966111223056385970e-01 6.573963722419102762e-01 6.812357903142283178e-01 6.925348596442088001e-01 7.242723937277579793e-01 6.980311700776747896e-01 7.214227720371142460e-01 6.919481097624281540e-01 7.070661791500406634e-01 7.111735823486700081e-01 7.647767662289307600e-01 7.523194575882045099e-01 7.334511154233831487e-01 7.554516531189655604e-01 7.677863397989513894e-01 7.494926469812374092e-01 7.722194137178018947e-01 7.511389833617097000e-01 7.629618109058373676e-01 7.726601218106725621e-01 7.715323294110072450e-01 7.785607848258745411e-01 7.623569272884400672e-01 7.725658990589649999e-01 7.471786757120028044e-01 7.715579672225894026e-01 7.746768387739528805e-01 7.725174444953444297e-01 7.535423616761216525e-01 7.714302967097625974e-01 7.784941271305413357e-01 7.762812239560272776e-01 7.823494073466294996e-01 7.778879050060933942e-01 7.792996267564279433e-01 7.728615926518442869e-01 7.780938113760199615e-01 7.724599816922421702e-01 7.752304352233010398e-01 7.711178879373551398e-01 7.652941624743793136e-01 7.548374259194472469e-01 7.533044877901595715e-01 7.599868767929874869e-01 7.634490711771101390e-01 7.462907040568841355e-01 7.482249220385238653e-01 7.728538365970772928e-01 7.695030052087686867e-01 7.629322340822535242e-01 7.517125494161805976e-01 7.611831305265661651e-01 7.571384845020726617e-01 7.544919331124778639e-01 7.581354253728840309e-01 7.642468910555998418e-01 7.589615960675089035e-01 7.702711765831361523e-01 7.642292110634344438e-01 7.550707321047308573e-01 7.758459155968502330e-01 7.713705560786212612e-01 7.660800082124958887e-01 7.612768805174503495e-01 7.759720833513411575e-01 7.720097187107156644e-01 7.733551836018677239e-01 7.750911595169108770e-01 7.755938383296102634e-01 7.722705096540616321e-01 7.760471554308581155e-01 7.786307075356594387e-01 7.752242389653400956e-01 7.733502421078504163e-01 7.798160249410736045e-01 7.760638496292877608e-01 7.815284100685313540e-01 7.789507547022602729e-01 7.735943390497558303e-01 7.782465298409492194e-01 7.734834915743579176e-01 7.746441568150124191e-01 7.812401765303151890e-01 7.787527208780670174e-01 7.806067402554381918e-01 7.786061380069286830e-01 7.786930734018631117e-01 7.760800428867291600e-01 7.778034369009942939e-01
1.233117078207407458e-01 2.262786582330109098e-01 3.636330455339722434e-01 5.520687639572559036e-01 4.605534930152951900e-01 5.326904969662541456e-01 7.203502362250416846e-01 6.998479068641335621e-01 1.000000000000000000e+00 7.471940505544826250e-01 8.092548134934405279e-01 8.379032422168160021e-01 7.740702565917061406e-01 5.805569803015929731e-01 8.446403823854903292e-01 8.384639466864640678e-01 8.476705728258979722e-01 7.899996706945017211e-01 8.009144525790906632e-01 6.717657149496917279e-01 6.911378195964306137e-01 7.992157075336733252e-01 7.504829000261248328e-01 7.160053136389438189e-01 7.652931621794354378e-01 8.462870419415517986e-01 8.442176203841063042e-01 8.181718407319696906e-01 7.945980317642985513e-01 8.282468532097616576e-01 8.432559497229358270e-01 8.463341046947490121e-01 8.010488494081886568e-01 8.418105152274005798e-01 8.207819239278704160e-01 8.339289619049173874e-01 8.410014455602311534e-01 8.624176972137302943e-01 8.648503187588117980e-01 8.062752596600761823e-01 8.665693288623202983e-01 8.644787546609581375e-01 8.349438704894592833e-01 8.713767290698203327e-01 8.647481886082341029e-01 8.626470469764753179e-01 8.738319457319728700e-01 8.771824800030982860e-01 8.707125726066291538e-01 8.452467465342753394e-01 8.653578545048761228e-01 8.243397077054445132e-01 8.623065867207448942e-01 8.782757796995654953e-01 8.697801690234838734e-01 8.670585477938113073e-01 8.594801613490691272e-01 8.752462040793601572e-01 8.711808694427845001e-01 8.801351654685656278e-01 8.725071607665479956e-01 8.784466289980532583e-01 8.649568324473965175e-01 8.773132152317428822e-01 8.800743464997025090e-01 8.809348691851941471e-01 8.788301188058534885e-01 8.805413247813326239e-01 8.747714154868143632e-01 8.742222638094596654e-01 8.704947949887279490e-01 8.751611027383492392e-01 8.627190718623973797e-01 8.626487512838515448e-01 8.824523468813096905e-01 8.796437785096550277e-01 8.758897638153185783e-01 8.769206482420057736e-01 8.774907780884597663e-01 8.815987470589403685e-01 8.775207085738027102e-01 8.820496996583370164e-01 8.740582166059785996e-01 8.720012353337807109e-01 8.685625962980473291e-01 8.753385005199533220e-01 8.731898984067286706e-01 8.740179568871500049e-01 8.764013170496249838e-01 8.737399861128245515e-01 8.543961718819546025e-01 8.749254181672229125e-01 8.758592523308744715e-01 8.738595449675282678e-01 8.744786926656850090e-01 8.768699613797689141e-01 8.576939422718212747e-01 8.664890681581207676e-01 8.742033471123081823e-01 8.689668172577367233e-01 8.665571696289311454e-01 8.767732179565549400e-01 8.730672574820728116e-01 8.757783080948727816e-01 8.756841926499462359e-01 8.685562798937812579e-01 8.760293523888857958e-01 8.781850260122671115e-01 8.789948329155328199e-01 8.753105881765945728e-01 8.751393082352120212e-01 8.791204142362889495e-01 8.768660095457208037e-01 8.776767977400592446e-01 8.821545121395094613e-01 8.794193063989875769e-01
4.568282060458850324e-02 1.897063004802453379e-01 3.342978733639704880e-01 4.969613163157459712e-01 4.351389608685427568e-01 4.924069011214194380e-01 6.740011548001021424e-01 6.289152761811740433e-01 7.471940505544826250e-01 1.000000000000000000e+00 7.372239718998971902e-01 7.751111536954481407e-01 7.058171016547856169e-01 5.497388190881135062e-01 7.822066772929697764e-01 7.709097329124409148e-01 7.571441550842098467e-01 6.848232679148267277e-01 7.143564770448560530e-01 5.635470501885877503e-01 5.782038061427999809e-01 7.124683159775201391e-01 6.732395694463392255e-01 6.198417407680326674e-01 6.958976774172394020e-01 7.677714608777203020e-01 7.637788409619652441e-01 7.485519979405679258e-01 7.256828754485741273e-01 7.496507611945602001e-01 7.683134454466427066e-01 7.708811005631076574e-01 7.402689888006036556e-01 7.510704900662243944e-01 7.399734874386894035e-01 7.505914960694567428e-01 7.697364402267641292e-01 7.982158247360607861e-01 7.991342884843354311e-01 7.624732415637940353e-01 8.056010480267583596e-01 8.082987947509274740e-01 7.813535815138006324e-01 8.043926930107676565e-01 7.947870852827005894e-01 8.029801585689759769e-01 8.106480464668651686e-01 8.169167030449001610e-01 7.996670563531330655e-01 7.668982118374834123e-01 8.041961198095176622e-01 7.475603013317504431e-01 7.906019866146170028e-01 8.171824405427852156e-01 8.078059420945019609e-01 8.049655717607573369e-01 7.799590363189232711e-01 8.140265988888715221e-01 8.065166458775757663e-01 8.141815585107895492e-01 8.087574402220416570e-01 8.077765598261975599e-01 7.954972429903102160e-01 8.026315139992503678e-01 8.055629998490170252e-01 8.064777231773774258e-01 8.156118540016232821e-01 8.094062476708107079e-01 8.063870868765246058e-01 7.890276221148185831e-01 7.970819172348195814e-01 8.081466555428684639e-01 7.900167713101371447e-01 7.963866844394738020e-01 8.179719272911020189e-01 8.149544661240921695e-01 8.132754095167794572e-01 8.089840898641454947e-01 8.112838768448293880e-01 8.117499071601423921e-01 8.101239159194040251e-01 8.156983274100301218e-01 8.118752902099811708e-01 8.048785696902376330e-01 8.022371496157284509e-01 8.063122345709017313e-01 8.097112763488314435e-01 8.159204812644197391e-01 8.154184780835980195e-01 8.155304681932679101e-01 8.034503939174951759e-01 8.173085270152332660e-01 8.141204957515575380e-01 8.163432770534855276e-01 8.172012777671774364e-01 8.182429228972672997e-01 7.959340626182079825e-01 7.904792104943907383e-01 8.124236979793159064e-01 8.094507228127959531e-01 8.104539739462883752e-01 8.146246659326425998e-01 8.096691130810621528e-01 8.156340854697787801e-01 8.080970731657444173e-01 8.033299442880520447e-01 8.115312435855009943e-01 8.204539281457932098e-01 8.182081513797241357e-01 8.172826792239326066e-01 8.159445593294399890e-01 8.163752286658476631e-01 8.158125455275596627e-01 8.125024951133290596e-01 8.154000905011125067e-01 8.131857299780695936e-01
8.312239967666414098e-02 2.103381936546873388e-01 3.978935800820560531e-01 5.789416361915220577e-01 4.689455598556684368e-01 5.247132767775605222e-01 7.421227076088384722e-01 6.941070696372444448e-01 8.092548134934405279e-01 7.372239718998971902e-01 1.000000000000000000e+00 8.623267581033352558e-01 7.880733108088635586e-01 6.051310057131508158e-01 8.612963573922898242e-01 8.513348763837976785e-01 8.245738211584281441e-01 7.894371400368858094e-01 8.206438839629348614e-01 6.420071119912514890e-01 6.866205252467945108e-01 8.198628548794327786e-01 7.698718998966567195e-01 7.257397891214069086e-01 7.984591444954922679e-01 8.605079712204046771e-01 8.667900433922481884e-01 8.430027113002451777e-01 8.117621368688976435e-01 8.441046345797990069e-01 8.683563299765095778e-01 8.558269736384788162e-01 8.137431248258705230e-01 8.461529880530629377e-01 8.276331730137532761e-01 8.413632966703465943e-01 8.634550877236057964e-01 8.719203724866180227e-01 8.785496653676451162e-01 8.342513401200688516e-01 8.781920111131142903e-01 8.798892955560246865e-01 8.564098786804009711e-01 8.830523337241905635e-01 8.844271157692867869e-01 8.816323865784509994e-01 8.837232700841646249e-01 8.845856267813785312e-01 8.667185301781065165e-01 8.361627758777332442e-01 8.759512061821211892e-01 8.218035620186530110e-01 8.644881053354628309e-01 8.848750875805616589e-01 8.767312346726484629e-01 8.797009452485273773e-01 8.537856682242871420e-01 8.853718350902088918e-01 8.757453322086937719e-01 8.849077617167054877e-01 8.782978960392970880e-01 8.803098380723251015e-01 8.634851986674502156e-01 8.747815622245521672e-01 8.858275764339405001e-01 8.798453196035902479e-01 8.892746522076807603e-01 8.916230712557552396e-01 8.843826558753081768e-01 8.722489841690864720e-01 8.902617864051702856e-01 8.956831275887078281e-01 8.739709423111694520e-01 8.821532250284197518e-01 8.947385265473151161e-01 8.929080719026932789e-01 8.912315926045614178e-01 8.880827224714612500e-01 8.920456372958238678e-01 8.933511394736877165e-01 8.905992584153968883e-01 8.984045872145403067e-01 8.877198605919165431e-01 8.858403672438016629e-01 8.792099551516749933e-01 8.876754933888125754e-01 8.889205583316829307e-01 8.873890373229976758e-01 8.923027439801204386e-01 8.871574832471885719e-01 8.762932453173145619e-01 8.875106074863315930e-01 8.920473778827574529e-01 8.908722901553873808e-01 8.858188813099701076e-01 8.869294772977922570e-01 8.663934442605690789e-01 8.597317776017442403e-01 8.823465672277455152e-01 8.815617746126359622e-01 8.829905059961711267e-01 8.861978827659705571e-01 8.829288341899275139e-01 8.864198727086515239e-01 8.825818095142025088e-01 8.746748065636491543e-01 8.794854276096647494e-01 8.892302872155612992e-01 8.891438784605768531e-01 8.880173051374663507e-01 8.867547643225001108e-01 8.865217598966904644e-01 8.853249066886523799e-01 8.839681111169527261e-01 8.905905055361943434e-01 8.846143705432389925e-01
3.950857940115230782e-02 1.794071227710585525e-01 3.863058371647798972e-01 6.295086537406556770e-01 4.819072413391639054e-01 5.673137400612976444e-01 7.883657391385974211e-01 7.546426682019621301e-01 8.379032422168160021e-01 7.751111536954481407e-01 8.623267581033352558e-01 1.000000000000000000e+00 8.261083307257662822e-01 6.322267414575295508e-01 9.074222803254320402e-01 8.963820965156562570e-01 8.627434035392858025e-01 8.129607630084478842e-01 8.500775849173917154e-01 6.825887125769327657e-01 7.227715391429008207e-01 8.483483130199458433e-01 7.890698300964267276e-01 7.602334569722842827e-01 8.271636437037233058e-01 8.817517645951223892e-01 8.932726286521532888e-01 8.670152595806154272e-01 8.237610876943115557e-01 8.644739379103789645e-01 8.906082873119833820e-01 8.970631742358170513e-01 8.564520722666759678e-01 8.869592660297854758e-01 8.615010142456230868e-01 8.900796066078116020e-01 9.003252661116815103e-01 9.180927028814658275e-01 9.226820567812038520e-01 8.940221191284953850e-01 9.285762815832270256e-01 9.293650453270659861e-01 9.160059091048377011e-01 9.357354493401958129e-01 9.317273474448475312e-01 9.272770684240048134e-01 9.327934078491895153e-01 9.354235609790146899e-01 9.186919096364387638e-01 8.944235310773035463e-01 9.273273512903118521e-01 8.904174714032263571e-01 9.307988779771964039e-01 9.282622673209145470e-01 9.163726412927241105e-01 9.167732117963073302e-01 9.079293269668928801e-01 9.340831407476180015e-01 9.252960288002443079e-01 9.379645048343816516e-01 9.375352491248215570e-01 9.330391689437365077e-01 9.215634037633638753e-01 9.293647813050562867e-01 9.308451688735194240e-01 9.321782128214606278e-01 9.373497216860603443e-01 9.354651739610156946e-01 9.295627384622140443e-01 9.210248262990613499e-01 9.334595491844566162e-01 9.391366752614244140e-01 9.221582753315992198e-01 9.293108850315182634e-01 9.397603538023663328e-01 9.388687876959274092e-01 9.340857274255260911e-01 9.228772550340451630e-01 9.317962465342337630e-01 9.313296156524415448e-01 9.318697734606621319e-01 9.392593304989275138e-01 9.331133059617646719e-01 9.262763578853634439e-01 9.277117772282112984e-01 9.346715948003406771e-01 9.364111850188874264e-01 9.364992689979615426e-01 9.386717655677038197e-01 9.325710466560629408e-01 9.302329182548907394e-01 9.389775916544315093e-01 9.423155371060367713e-01 9.418592376662632271e-01 9.374202227808290377e-01 9.382574265609102682e-01 9.271855974966105585e-01 9.184905087364123588e-01 9.366266914851986147e-01 9.357718135598795950e-01 9.378801978729799371e-01 9.372580346527127348e-01 9.380763288707356651e-01 9.411572236057003105e-01 9.387512967008706521e-01 9.303231258514571556e-01 9.327994521165325903e-01 9.369061160188952853e-01 9.341879692011785252e-01 9.391153166739797387e-01 9.372996311772762157e-01 9.392604294521238462e-01 9.384223542432877929e-01 9.373694052539535138e-01 9.398442554425087136e-01 9.382300529164602221e-01
3.703588927730033092e-02 1.875005696902845576e-01 3.418182457496477533e-01 5.551313412096741118e-01 4.805709887176484174e-01 5.117771357662439513e-01 7.312994547382118959e-01 7.069951614407450347e-01 7.740702565917061406e-01 7.058171016547856169e-01 7.880733108088635586e-01 8.261083307257662822e-01 1.000000000000000000e+00 5.971661450891803113e-01 8.518682599527390709e-01 8.450398724166928721e-01 7.969895063378187317e-01 7.594472453585073835e-01 7.848399329917753464e-01 6.337216688278557442e-01 6.569687521123216412e-01 7.689292674690891838e-01 7.344518211522799156e-01 7.073177829822223650e-01 7.568221901205953728e-01 8.156219208182506897e-01 8.197331070914625206e-01 7.968841241586938073e-01 7.491376278474424222e-01 7.898688364060925116e-01 8.070661517435741006e-01 8.370956811185087387e-01 7.954080925671459523e-01 8.293063912799777393e-01 7.941205586455053478e-01 8.183862600549254296e-01 8.246682103736793223e-01 8.500103942665587775e-01 8.505231789673122211e-01 8.212488084250830767e-01 8.553226082562851440e-01 8.569264057424879066e-01 8.410162224235068207e-01 8.571694025297555974e-01 8.518318229421396603e-01 8.495006662338177028e-01 8.614526670909186112e-01 8.608266075601167522e-01 8.535919902305491025e-01 8.379318282475248791e-01 8.616051185647397581e-01 8.287751328592726230e-01 8.518894359173623254e-01 8.538024481198324134e-01 8.443232167075637173e-01 8.473660670159113284e-01 8.315797511930491659e-01 8.587377629661406830e-01 8.494602535466639903e-01 8.638906380810138508e-01 8.658340310534468065e-01 8.535516017021040902e-01 8.385062073063397348e-01 8.586105401314996222e-01 8.593405883228916187e-01 8.586176078746085016e-01 8.635569828971624284e-01 8.640097832900828223e-01 8.598256685954001055e-01 8.474989101640464373e-01 8.545853045215365817e-01 8.638360034470172755e-01 8.498387534376601327e-01 8.536209867004209695e-01 8.661628389711967246e-01 8.638510617484996823e-01 8.614483433862950568e-01 8.468876432197345316e-01 8.576614863053481086e-01 8.584698125561540660e-01 8.582858960401862358e-01 8.611108619791663088e-01 8.608886005047772239e-01 8.567775378272382003e-01 8.588247939943236542e-01 8.632527904643541028e-01 8.606423165927680197e-01 8.637670635093147586e-01 8.658157900414883423e-01 8.614165220658055455e-01 8.569998401592523463e-01 8.654607692419855614e-01 8.653558573829663869e-01 8.668941539523566941e-01 8.646460907193258549e-01 8.645492641265918321e-01 8.530815323478281309e-01 8.488806600851103168e-01 8.630003651885497229e-01 8.635083290812640699e-01 8.637946928655141354e-01 8.635217978759868185e-01 8.636053879013736445e-01 8.654905964723584866e-01 8.647275370818019447e-01 8.496352825981310364e-01 8.612718922548383560e-01 8.644341963748750635e-01 8.617628390236020675e-01 8.640995385574194998e-01 8.636655032863952419e-01 8.652028827788250664e-01 8.599241833043647087e-01 8.623704795141631241e-01 8.671799033512509469e-01 8.636314738883232867e-01
