1.000000000000000000e+00 1.997946352049195240e-01 4.698263237098419115e-02 -9.107861612169951271e-02 1.229220696962360186e-02 -1.247978515217356039e-03 4.584210114043266865e-02 1.026057833201648312e-02 1.339049591621611635e-01 8.217001220842383435e-02 3.081217947216628728e-02 -5.242845035512951057e-02 5.414991838920947759e-04 -6.146771653537669820e-03 2.848062532845794387e-02 2.555438080441844312e-03 8.949882975731295043e-02 1.725083998561230680e-01 8.801983597619418564e-02 8.984817938207767529e-02 1.015281940917738823e-01 3.200603334196692323e-02 6.941887203485495872e-02 9.093987183809661146e-02 2.546471771305780160e-02 1.210882975060013772e-01 1.075528118158863566e-01 8.503596861513619543e-02 1.659238340933944234e-01 1.882613981000717529e-01 8.655087574170190756e-02 5.222566100432804448e-02 7.210759577688737043e-02 2.189633933734127375e-02 1.217812342835420947e-01 -2.136466559066639917e-02 2.157491911772489723e-02 2.202841746388036620e-02 1.379783591793753289e-02 -5.159885901010540649e-02 2.593731485882919824e-02 2.574816331136041284e-04 -2.758838248710102775e-02 2.097542265884001778e-02 -7.079751752889832522e-03 3.082160240972242268e-02 -4.724062983362029185e-03 6.992430619265469632e-03 -8.763877196059846955e-03 -2.688667806941500218e-02 -9.942903639702413768e-03 -6.847634163210769565e-02 -1.103868867456067084e-02 5.026722522342121774e-02 4.542671934439142245e-02 3.833529094650605512e-02 3.857729559433826366e-02 1.876137539001188764e-02 3.121696005243709306e-03 1.761764673670614123e-02 -1.961627051387011822e-02 3.879555833400729487e-02 2.015380044860597131e-02 2.666516510987038818e-02 3.609158769932338529e-02 7.860273422046632971e-03 1.991174301736240229e-02 4.270435970544970983e-02 3.949807658737752164e-02 4.458792508524851012e-02 1.430127909111799517e-02 2.143278845968633883e-02 3.335916465487158422e-02 7.877223646674487434e-03 6.117372891134631452e-02 4.462718504498235789e-02 3.447697776789498264e-02 7.874300725923230604e-02 4.885238678582584648e-02 5.393428542327864672e-02 1.821382414265597730e-02 4.467999608634640879e-02 3.306157500960046902e-02 5.623589158597445264e-02 7.621417302739585259e-03 1.172785611880237944e-02 1.243783249001774319e-03 2.154659024111914983e-02 1.456603977108078887e-02 2.991803712475473234e-02 -2.506573162385608653e-03 9.437092266462072249e-03 -2.606969822073466913e-04 1.606427526056408359e-02 -6.914544723067834022e-04 1.148810924701615735e-02 -2.643570025756585354e-02 1.961741103427130928e-02 1.124345232066821607e-03 -2.632985679093812446e-03 -1.183743742123329404e-02 5.964254195648054611e-03 -4.400021512744056035e-03 7.733816016230795481e-04 -6.550028936235551165e-03 1.512343546940899362e-02 1.615692506739159137e-02 2.555698639368226416e-02 2.838612100995777793e-02 1.417689227666265456e-02 4.101193790959068580e-03 1.251811399488921527e-02 2.243247344804738530e-02 2.320812545555458323e-02 1.707846303937543900e-02 1.162557715716000702e-02
1.997946352049195240e-01 1.000000000000000000e+00 4.481522985145044990e-02 -2.849833134638178611e-02 5.074268691146351096e-02 4.895819369805690796e-02 1.493409204538989621e-01 9.630706326654892013e-02 1.805837942287102649e-01 1.870477345281469916e-01 1.450723304957846072e-01 1.036666557073554207e-01 1.409644628632509833e-01 1.210400229087507523e-01 1.584191080253992412e-01 1.411426456229481485e-01 1.555112372420879574e-01 1.450080194508233666e-01 1.022644124626846118e-01 1.027450055711514321e-01 8.897381666971784786e-02 7.181196872841405510e-02 1.478032270298597906e-01 1.130418060837155569e-01 8.258458673976408482e-02 1.956675872792373594e-01 1.708097035940485398e-01 1.679553717850227890e-01 2.102406685557813570e-01 1.941174447957660087e-01 1.765179119808368002e-01 1.587954663496517482e-01 1.721024567709491526e-01 1.260534459003479213e-01 1.789852723490963082e-01 1.211162994836772339e-01 1.403119914061152496e-01 1.753739910801105639e-01 1.574561894504186155e-01 1.233808090953987108e-01 1.615083940343416957e-01 1.619176005609546942e-01 1.322837592566583342e-01 1.386359434778918487e-01 1.250698057158171339e-01 1.586903779748792542e-01 1.477488332919487113e-01 1.601656127676099328e-01 1.421941093581167992e-01 1.308101641011557292e-01 1.485872449863227529e-01 9.029206014161704485e-02 1.334322269469959410e-01 1.732125045612904202e-01 1.688172840815084508e-01 1.557050570434814485e-01 1.487741016246386105e-01 1.656028621526492717e-01 1.548962428702903571e-01 1.606636728574481476e-01 1.429445480657283440e-01 1.631148503728437338e-01 1.603601728792947989e-01 1.608087835617709460e-01 1.550630154265369709e-01 1.444269413679866998e-01 1.639897226194151625e-01 1.577081689053864144e-01 1.690664648232172718e-01 1.552326072015010605e-01 1.322442309778124880e-01 1.400327598865787615e-01 1.557934554186738429e-01 1.290926764421868878e-01 1.783724802231483331e-01 1.643709403982323569e-01 1.682344690282893407e-01 1.863212449197456377e-01 1.711092258385564779e-01 1.700895262930369189e-01 1.544034373210339262e-01 1.742729072882993890e-01 1.645909425885378197e-01 1.743659319719813861e-01 1.558670019222885561e-01 1.499988860044112748e-01 1.501493630490622622e-01 1.691223039330272404e-01 1.589454614750904493e-01 1.648504471980493935e-01 1.515046067869590674e-01 1.595327320616591049e-01 1.474519018462998321e-01 1.608134668134377498e-01 1.584567494689081146e-01 1.637145465715463266e-01 1.279417998709300175e-01 1.435418442434956698e-01 1.525677368642401333e-01 1.547446013033559054e-01 1.458122094772931476e-01 1.505504950291127741e-01 1.440323967992895859e-01 1.494634138475815222e-01 1.419536342178044919e-01 1.466680465322513782e-01 1.565628452985839691e-01 1.704799498011634051e-01 1.653493466683610691e-01 1.589332796478999943e-01 1.555328412023590789e-01 1.609757737023995716e-01 1.624803826601056711e-01 1.571306345673312843e-01 1.531232030351642459e-01 1.532503352186293522e-01
4.698263237098419115e-02 4.481522985145044990e-02 1.000000000000000000e+00 3.367245142987809747e-01 1.913516836959996414e-01 2.373881435176156962e-01 2.997821151229895786e-01 3.443128913224141052e-01 3.397442120350807060e-01 2.915775743311022628e-01 3.703738711753561952e-01 3.714144071705327010e-01 3.095794025796449467e-01 3.327228239991593117e-01 3.590155404383927329e-01 3.695028689914509612e-01 3.242713907523806505e-01 3.500038074200347848e-01 3.488898629116100047e-01 2.848281166950802357e-01 3.466369364915749540e-01 3.569402757168990137e-01 3.186285628435844841e-01 3.575185553469610866e-01 3.551055579304018828e-01 3.879641368777969057e-01 3.701980663130846616e-01 3.870978538711394301e-01 3.774537613144971493e-01 3.536945266394245224e-01 3.639953988349300951e-01 3.578055105668713209e-01 3.593855168698348312e-01 3.493814538917441870e-01 3.501841645756592070e-01 3.357161823265683576e-01 3.430621612687908550e-01 3.793747955858434717e-01 3.701929093646933455e-01 3.744632797668066004e-01 3.745164381470036385e-01 3.781729442231508975e-01 3.758054746412400893e-01 3.813639388203396430e-01 3.572661481238667558e-01 3.688751048911824704e-01 3.446247415434816608e-01 3.581101619967038685e-01 3.638733078859546777e-01 3.644913322374506159e-01 3.788981311038349675e-01 3.500420791726246983e-01 3.598747620300045691e-01 3.650153728260691066e-01 3.631058811084816873e-01 3.621469273314736337e-01 3.509840181241827839e-01 3.659846905799166716e-01 3.622260920299036902e-01 3.531721621364966590e-01 3.595943622923620242e-01 3.539658131840289212e-01 3.731851040759436300e-01 3.538417009991228768e-01 3.645152693886018480e-01 3.502041841691235780e-01 3.568705533359166071e-01 3.753219324907112742e-01 3.646155117263253920e-01 3.604670772452144845e-01 3.711257345818958497e-01 3.699287668344117264e-01 3.680602349328869760e-01 3.646968643641492758e-01 3.670897228088019215e-01 3.683178907518013245e-01 3.683159328092923679e-01 3.666208978472774715e-01 3.694998226928002394e-01 3.606648602300885909e-01 3.621499462662753910e-01 3.681797042661721364e-01 3.568852575731080723e-01 3.540893044515550092e-01 3.649274265661268668e-01 3.635826122451919495e-01 3.562900225976320945e-01 3.661740008605066654e-01 3.573642534617896271e-01 3.636828421600306060e-01 3.628453019520821443e-01 3.699728908189880427e-01 3.635422150623953130e-01 3.680945053389742538e-01 3.523637258358707780e-01 3.552839952296855119e-01 3.723622944683360192e-01 3.655405820099696945e-01 3.619127820787995109e-01 3.686329624624024581e-01 3.711176884889776928e-01 3.631701141958629808e-01 3.611587385895154156e-01 3.661728125242489917e-01 3.634704871069462384e-01 3.560997314097274491e-01 3.648218434022574286e-01 3.555650761325937492e-01 3.589327894995060220e-01 3.633615372624142137e-01 3.617588412779458862e-01 3.540723421835890172e-01 3.569911115429388326e-01 3.584794332189608634e-01 3.608848406983219403e-01 3.510864129513485143e-01
-9.107861612169951271e-02 -2.849833134638178611e-02 3.367245142987809747e-01 1.000000000000000000e+00 3.347419249385341633e-01 3.764438192322742127e-01 4.625423672387006246e-01 5.408467604644655591e-01 4.459770515631577559e-01 3.812868514261011366e-01 5.252334498069657354e-01 6.210811576831728464e-01 4.435493886240152173e-01 4.865521637285094569e-01 5.331692341751556041e-01 5.639608739865119569e-01 4.770114984631635968e-01 4.857920459423891724e-01 5.313645548472301083e-01 4.527716000000528429e-01 5.595685655146485082e-01 6.063277613068693839e-01 5.013470037872679308e-01 5.467985004530866444e-01 5.866841757984616601e-01 5.028371357226700811e-01 5.456960076090487943e-01 5.663000732138862015e-01 4.581987445765841604e-01 4.479389503218287882e-01 5.158195649605766819e-01 5.297358909285179163e-01 4.935733763109833583e-01 5.430878125146751945e-01 4.832565015213979853e-01 5.677948902240036455e-01 5.371348095249830479e-01 5.468602092360317357e-01 5.624375234105861709e-01 5.924385368794639062e-01 5.546753860324028507e-01 5.750229903457856340e-01 5.976512372249463967e-01 5.837129534036481493e-01 5.778522523953659729e-01 5.559237646967183366e-01 5.297748076393370420e-01 5.420111320190196258e-01 5.435833276990533758e-01 5.541045766351909707e-01 5.647189987737200045e-01 6.081943432927270354e-01 5.735380521904314133e-01 5.325186519571837307e-01 5.314133573912214192e-01 5.407511987394303388e-01 5.364659376245028977e-01 5.389201131747607398e-01 5.376778636976593528e-01 5.366762772495325962e-01 5.549369350650096289e-01 5.294511227023597222e-01 5.509521609395459096e-01 5.314641224221473559e-01 5.455270164300444202e-01 5.505961980918321341e-01 5.323773247076737380e-01 5.537253210330942421e-01 5.371058814012746874e-01 5.466249883080561700e-01 5.876807285191057995e-01 5.640935049748028174e-01 5.519402035028063702e-01 5.760400717576840135e-01 5.191964252880173492e-01 5.393939180405825651e-01 5.489176736378369448e-01 5.039984361071433439e-01 5.436271787510212894e-01 5.171257371555094684e-01 5.498495970574978076e-01 5.299862909119211762e-01 5.329482723052391124e-01 5.151363075171765393e-01 5.446305897776491101e-01 5.515727386350075534e-01 5.570807463086422384e-01 5.358273083164898365e-01 5.438485501871145322e-01 5.406919419078665134e-01 5.595940541528967582e-01 5.566183782139683123e-01 5.615251663542513150e-01 5.541653938538749768e-01 5.322280359164305308e-01 5.350992247444047445e-01 5.798955259854150501e-01 5.529916740377153195e-01 5.528908345576591943e-01 5.532575691371479643e-01 5.747949992744000314e-01 5.510116854005938647e-01 5.605833133785335098e-01 5.613282982821209410e-01 5.714805149245044680e-01 5.482956065062144502e-01 5.428017799669037080e-01 5.259651903752838864e-01 5.277774491067915852e-01 5.411167703071195767e-01 5.456058350591243000e-01 5.340379792107230461e-01 5.399561796238578903e-01 5.413926586124745421e-01 5.493527243549325423e-01 5.453370487539666023e-01
1.229220696962360186e-02 5.074268691146351096e-02 1.913516836959996414e-01 3.347419249385341633e-01 1.000000000000000000e+00 2.826190917901562627e-01 4.153155959228549965e-01 4.767470060120499453e-01 4.160592859980694613e-01 3.593994158456596533e-01 4.221527830246710189e-01 4.692466153774557669e-01 4.299858158484433646e-01 3.969092503373181646e-01 4.585426839019443590e-01 4.756654500200833691e-01 4.062707572182536753e-01 4.139695544831091256e-01 4.490003352085755184e-01 3.588760768614564500e-01 4.097313401546074374e-01 4.659796036028919231e-01 4.305237380234845368e-01 4.485879115129202677e-01 4.750957673571965523e-01 4.675012215258366188e-01 4.633631185712075995e-01 4.825637843135249794e-01 4.427651682897393859e-01 4.460854600778181855e-01 4.711794898861748071e-01 4.680857608908224887e-01 4.490653753090030342e-01 4.664701696914778095e-01 4.427681250076075381e-01 4.669067289200347637e-01 4.712962161040451514e-01 4.585178423109862456e-01 4.760133257434253085e-01 4.826576883747024094e-01 4.732206759739001067e-01 4.774429811269479407e-01 4.819595382972128861e-01 4.850265555502462078e-01 4.758361485910828081e-01 4.765370090865704844e-01 4.636438928966575279e-01 4.608536905307376030e-01 4.580503048915343656e-01 4.560887042177917405e-01 4.622286871059440583e-01 4.655225870565635193e-01 4.663387338698491424e-01 4.517010061885389227e-01 4.490100292960546025e-01 4.599181147251980573e-01 4.402193304912437322e-01 4.657410286161104973e-01 4.466710959778543155e-01 4.667773803925426290e-01 4.644354468249076162e-01 4.482911774300109009e-01 4.487570143875775908e-01 4.480391862634994782e-01 4.656142240483647221e-01 4.586790923633277672e-01 4.635017923816264762e-01 4.734213865801630283e-01 4.676274128321646906e-01 4.562309672727167809e-01 4.814802355598049588e-01 4.814955763861956672e-01 4.728479199806939759e-01 4.822769870218869270e-01 4.694429466429022035e-01 4.749341167887215498e-01 4.742644673951782464e-01 4.636489101936798751e-01 4.785690659273997838e-01 4.684757571066459070e-01 4.780320729343773833e-01 4.723447317675327772e-01 4.624993530252387020e-01 4.641240985492663951e-01 4.687658755138501832e-01 4.777006669487844359e-01 4.767576825581769095e-01 4.673915766339907796e-01 4.691925575813380433e-01 4.652040725047526526e-01 4.813321988435575460e-01 4.768824117203592228e-01 4.768041285897373638e-01 4.785390337990731990e-01 4.660829046322661484e-01 4.649793642916215108e-01 4.658531747355495467e-01 4.587108147372453426e-01 4.648887584106708992e-01 4.662447549412164771e-01 4.811912106742870510e-01 4.634870752305389474e-01 4.673375809233089595e-01 4.748861786275273555e-01 4.708023644966875532e-01 4.554765038974464830e-01 4.639085571469293567e-01 4.597147520193189951e-01 4.606851342319157050e-01 4.653441048988393725e-01 4.617544809756871094e-01 4.658657153131587347e-01 4.620603492200185403e-01 4.636834815244131325e-01 4.676133309014333106e-01 4.652254261762063248e-01
-1.247978515217356039e-03 4.895819369805690796e-02 2.373881435176156962e-01 3.764438192322742127e-01 2.826190917901562627e-01 1.000000000000000000e+00 4.773228753417195214e-01 4.835833602752308558e-01 4.575115465105344947e-01 4.203908640684657083e-01 5.074941305464177876e-01 5.539039589840808464e-01 4.773064202892199903e-01 4.927146339928193952e-01 5.460761392092884359e-01 5.601153414911282935e-01 4.757038155425535875e-01 4.674301648074437598e-01 5.195007275717157258e-01 4.107139649639567347e-01 4.690619009920735660e-01 5.284918765828962028e-01 4.988224738034305883e-01 5.006217487605192362e-01 5.108489966313364272e-01 5.219937741198024117e-01 5.251205736321435946e-01 5.447372232472166287e-01 5.077350342120350302e-01 5.088284773249124315e-01 5.497203949488608243e-01 5.452377886278967356e-01 5.430722213895610162e-01 5.639202742688704806e-01 5.222882996035557168e-01 5.470058968698356949e-01 5.572145439908497977e-01 5.546010193952444212e-01 5.739649173953942363e-01 5.715041523760242548e-01 5.550314421021280697e-01 5.727878029433876028e-01 5.709557691386314415e-01 5.825515867533270775e-01 5.762803797901936420e-01 5.789776068945331478e-01 5.691613361208257560e-01 5.591803949437140764e-01 5.618047473217439025e-01 5.721481766142316738e-01 5.661673798341607666e-01 5.625252027395897247e-01 5.582100570495940328e-01 5.541593878951978080e-01 5.520880719281946458e-01 5.554616931057613227e-01 5.634493178604740304e-01 5.677832310505178670e-01 5.605027839603206052e-01 5.700617200726274536e-01 5.743380961071600233e-01 5.620052055115035694e-01 5.618537923586666150e-01 5.630876449993384991e-01 5.657126377272392315e-01 5.623973960100970837e-01 5.655656901701910932e-01 5.716874222965482311e-01 5.671223779066820736e-01 5.534638766208151983e-01 5.713093330918675994e-01 5.734439875262146158e-01 5.677565507261290723e-01 5.714446072834239443e-01 5.696685659548094138e-01 5.724144011437294344e-01 5.783330460487596802e-01 5.587690567291683230e-01 5.691702486080796319e-01 5.608797932343740911e-01 5.751283535297174732e-01 5.652591129412850579e-01 5.661783458665556878e-01 5.688708433341979065e-01 5.715161476071438651e-01 5.724339362138963772e-01 5.757528898169924636e-01 5.682609902951883951e-01 5.797595325504536490e-01 5.672004562959558349e-01 5.822180539448456038e-01 5.749504486751141341e-01 5.778818248718449180e-01 5.802608894822151031e-01 5.703650367822717948e-01 5.705111723866552742e-01 5.651035848236798387e-01 5.626909578557860447e-01 5.695121355422220200e-01 5.723481155808605170e-01 5.792408678443120573e-01 5.655556239799905960e-01 5.656805392676098609e-01 5.739935233097266387e-01 5.752646078486773895e-01 5.621358261770997844e-01 5.643164434664156293e-01 5.660345574127120249e-01 5.705405414057779234e-01 5.717730626606341016e-01 5.681449666998587000e-01 5.702880205520383106e-01 5.674332654273595011e-01 5.711634642943439477e-01 5.666101443532080006e-01 5.671640528385643032e-01
4.584210114043266865e-02 1.493409204538989621e-01 2.997821151229895786e-01 4.625423672387006246e-01 4.153155959228549965e-01 4.773228753417195214e-01 1.000000000000000000e+00 7.256551576226452083e-01 6.549309733977622949e-01 5.914465600868108464e-01 6.702588008591277013e-01 7.137874465737884533e-01 6.431546890871604472e-01 6.637549409295151470e-01 8.023071165882551536e-01 7.787392663415894090e-01 6.457356839234853485e-01 6.320633908531870793e-01 6.685305305181246105e-01 5.095244841953447956e-01 5.936483223828427080e-01 6.622024666945894866e-01 6.651451459590674853e-01 6.565680897566716911e-01 6.497794655938309294e-01 7.277791162287020610e-01 7.246842462065022916e-01 7.580323750137656358e-01 7.129859522894831381e-01 6.998673637262912139e-01 7.500684733888662858e-01 7.293008881198258520e-01 7.332390687188058420e-01 7.226687147024234426e-01 7.037369800476050985e-01 7.118238440079096563e-01 7.303411100508945264e-01 7.547249686422907722e-01 7.637752658349651336e-01 7.509826752499656477e-01 7.491634406318433692e-01 7.724387841070361471e-01 7.527014014605272196e-01 7.657305475035112163e-01 7.495769212222191946e-01 7.698979551041126301e-01 7.553117135994945608e-01 7.522305842018341959e-01 7.441285564633297600e-01 7.387929192583417848e-01 7.437246992407716695e-01 7.155676593461217649e-01 7.341012634485198918e-01 7.429786414481496237e-01 7.406054795902112797e-01 7.357786481154291458e-01 7.295014662918625215e-01 7.556874752910471837e-01 7.473915310875115514e-01 7.576718895115293062e-01 7.530654666984454293e-01 7.462593175533993595e-01 7.395749680165023543e-01 7.413262035332478517e-01 7.457477564482093424e-01 7.411263131928046421e-01 7.567054537061930208e-01 7.599812466597668514e-01 7.545319462818045331e-01 7.220486037293634141e-01 7.521459983068431443e-01 7.545040118359239711e-01 7.525559968533425126e-01 7.478787750462311257e-01 7.670194658951172695e-01 7.691516221475427351e-01 7.752782459793239322e-01 7.547536725729929730e-01 7.688472126308179000e-01 7.602215798046582096e-01 7.624053895889677523e-01 7.647504424970361647e-01 7.498268863055372879e-01 7.567018048113909323e-01 7.596727078541501976e-01 7.572259685021359710e-01 7.618398206479501944e-01 7.649237865505105205e-01 7.690368491791489403e-01 7.463119189669606968e-01 7.732284986264257309e-01 7.707863979299001134e-01 7.666248926295835542e-01 7.744381450102389985e-01 7.604897075131524797e-01 7.586945997574641165e-01 7.451156799031994904e-01 7.446496926093764124e-01 7.584869787016413900e-01 7.582305716532575790e-01 7.646029004103607196e-01 7.507912813747524838e-01 7.519743697390262049e-01 7.624673983698134760e-01 7.565141681402878238e-01 7.369509002406182674e-01 7.567398885686354992e-01 7.520927818908927920e-01 7.540422727619622290e-01 7.597917569335311816e-01 7.544535263409339887e-01 7.589464260869629442e-01 7.531029844746282009e-01 7.565986428454143375e-01 7.542355224094839938e-01 7.508046602700394478e-01
1.026057833201648312e-02 9.630706326654892013e-02 3.443128913224141052e-01 5.408467604644655591e-01 4.767470060120499453e-01 4.835833602752308558e-01 7.256551576226452083e-01 1.000000000000000000e+00 6.712892552457906392e-01 5.897178565742079437e-01 7.058851239320657056e-01 7.572368955422270620e-01 6.623178424560193234e-01 6.695929020844360036e-01 7.877884197985297599e-01 8.077154908155861346e-01 6.741158233052270132e-01 6.768447692427854712e-01 7.189411507315701666e-01 5.789657869887635533e-01 6.817698385570356567e-01 7.363533922258309605e-01 7.013259573742542941e-01 7.179886392392766936e-01 7.299797439940766131e-01 7.432802579248638519e-01 7.443916224493630773e-01 7.805714141608904866e-01 7.186043725801065651e-01 7.056004117640735096e-01 7.616815925871388560e-01 7.588455891196802527e-01 7.275451501323780823e-01 7.604806936465704492e-01 7.140203773236452056e-01 7.457349938325316119e-01 7.492695198156765768e-01 7.703253003110380748e-01 7.829065187872504827e-01 7.768822215658962582e-01 7.749867638022153171e-01 7.968510318116329705e-01 7.878574300294410859e-01 7.963121356876510237e-01 7.772343118541878981e-01 7.875758274078863419e-01 7.687887776867766698e-01 7.730178074327622717e-01 7.653776913540115689e-01 7.669176206565233578e-01 7.766658293256676338e-01 7.540567300543833396e-01 7.621952523215795861e-01 7.592475479283437023e-01 7.625184405196913096e-01 7.645416136401788076e-01 7.494469448176102055e-01 7.764780033139656590e-01 7.681835378621004740e-01 7.719241797351908962e-01 7.725385762231622433e-01 7.607961808745029586e-01 7.632429171265766588e-01 7.584950539022250471e-01 7.688233994253619308e-01 7.594503402570912387e-01 7.749922104127893174e-01 7.870871370261122157e-01 7.772907868576695023e-01 7.616328431416635736e-01 7.943004695127646730e-01 7.848799654005343962e-01 7.862208989876845466e-01 7.836320402257818118e-01 7.744807358734986380e-01 7.812832004533863950e-01 7.871323691459944927e-01 7.650130283375493612e-01 7.847825499957734596e-01 7.708914455426194579e-01 7.792672782238315721e-01 7.766918340208127658e-01 7.675963449405414085e-01 7.630481107572191224e-01 7.775889789218605186e-01 7.843877875544412737e-01 7.784705451229685380e-01 7.802920181528184562e-01 7.814800066976111959e-01 7.655108024218876261e-01 7.902350378779903206e-01 7.891035041204595979e-01 7.856634231210742891e-01 7.910793131702392733e-01 7.723518786645323653e-01 7.737162955459659930e-01 7.753379219548892642e-01 7.690078194348362040e-01 7.787791580322215301e-01 7.819592316406983601e-01 7.904240276881643323e-01 7.731931312360095232e-01 7.735588488123436024e-01 7.840493976437186152e-01 7.788976884890667085e-01 7.597235881538751956e-01 7.742857669162610534e-01 7.674419967211398852e-01 7.699263845381865146e-01 7.774414901438919667e-01 7.748026198586129842e-01 7.718469502572692376e-01 7.714113740997530222e-01 7.714583460212599553e-01 7.741049337581169532e-01 7.665104333507635204e-01
1.339049591621611635e-01 1.805837942287102649e-01 3.397442120350807060e-01 4.459770515631577559e-01 4.160592859980694613e-01 4.575115465105344947e-01 6.549309733977622949e-01 6.712892552457906392e-01 1.000000000000000000e+00 7.272851899073120574e-01 7.605961413595837550e-01 7.669424315140394022e-01 7.173180866801177613e-01 7.208059251237384224e-01 8.305229047294604428e-01 8.024645372253251807e-01 8.008342201126533721e-01 7.394737831235120851e-01 7.487924792072145896e-01 6.436114081104777895e-01 6.773592536946181353e-01 7.289932571641842829e-01 7.833152603737268960e-01 7.495127560125658395e-01 7.419898935391423533e-01 8.479555049947008483e-01 8.234643039276011711e-01 8.198273232724151427e-01 8.322149033131103213e-01 8.334849281873651927e-01 8.656481545706904424e-01 8.445175669941367147e-01 7.921347546485308921e-01 7.993878918645908049e-01 8.147781933509834484e-01 7.884505052198281794e-01 8.268271504305712005e-01 8.399776186252807531e-01 8.440829417181627825e-01 7.895302999211405437e-01 8.545974132545355317e-01 8.381466908058371468e-01 8.175547318653628714e-01 8.469108705314342123e-01 8.277704458988458525e-01 8.434381914875739295e-01 8.437553179592155450e-01 8.701791144621696672e-01 8.444686575682375240e-01 8.098787654038298589e-01 8.317152064376810428e-01 7.766663767933201790e-01 8.222919067248355418e-01 8.737757593920071342e-01 8.650554047141822966e-01 8.558124093691411582e-01 8.481900246892952744e-01 8.519892672078857032e-01 8.469070760763767192e-01 8.612175181077323938e-01 8.426514483434077718e-01 8.650072289063515107e-01 8.505945832545360741e-01 8.575681883029514507e-01 8.532932541524043124e-01 8.534270665139129797e-01 8.573926867829261278e-01 8.587261460268560409e-01 8.563464932258320061e-01 8.415035937268334765e-01 8.446137697576124870e-01 8.517216909014210247e-01 8.444327128264277338e-01 8.379151872216443753e-01 8.635831918659295781e-01 8.588603766081704949e-01 8.541421464981503453e-01 8.663348485778358254e-01 8.591658883357187193e-01 8.650651263620019460e-01 8.545804988923270118e-01 8.699586009663946573e-01 8.615284262951331540e-01 8.550376796808387692e-01 8.453228236895419245e-01 8.450924605168469439e-01 8.539998631579758248e-01 8.546425322739304997e-01 8.520494061213029768e-01 8.582735761842072986e-01 8.413600224162184338e-01 8.563114099614721475e-01 8.513725521456274592e-01 8.573312777274127994e-01 8.512300995265713599e-01 8.588282956874582208e-01 8.311159974650466076e-01 8.503120115043359961e-01 8.508785265581139123e-01 8.445031342388668039e-01 8.416828592881419047e-01 8.517885175335963011e-01 8.487900400086895170e-01 8.550460103574670789e-01 8.434567102777740244e-01 8.536967656166868368e-01 8.571967135607299060e-01 8.645765167156769238e-01 8.588319528665234737e-01 8.584623346173100300e-01 8.502387456386618636e-01 8.600765762367242884e-01 8.628362278047263523e-01 8.604885082054655188e-01 8.601332253415928664e-01 8.559548605146025668e-01
8.217001220842383435e-02 1.870477345281469916e-01 2.915775743311022628e-01 3.812868514261011366e-01 3.593994158456596533e-01 4.203908640684657083e-01 5.914465600868108464e-01 5.897178565742079437e-01 7.272851899073120574e-01 1.000000000000000000e+00 6.919151259427003264e-01 7.022721367158786254e-01 6.463301255407076784e-01 6.778475427020173028e-01 7.605166385275158314e-01 7.396959936480443920e-01 6.871199652874871999e-01 6.382001139814731383e-01 6.493985110260802607e-01 5.271134558594864350e-01 5.741606252603960181e-01 6.341549242439968870e-01 7.037437422695114186e-01 6.557656546073186155e-01 6.524422270695126036e-01 7.559445914739113537e-01 7.215368849862158207e-01 7.262108477396060913e-01 7.365873000447217267e-01 7.420522739864759965e-01 7.685787820179478258e-01 7.621326974487161454e-01 7.357397595740031715e-01 7.342501301819629456e-01 7.436187801957568899e-01 7.131527652974058995e-01 7.519175078125557299e-01 7.719325795460947326e-01 7.696394309068073092e-01 7.296870045647745329e-01 7.768450369059520799e-01 7.660112655803869020e-01 7.538644985440359214e-01 7.683644528691092601e-01 7.520226423496425561e-01 7.715690397689073388e-01 7.875892133378202820e-01 7.920411468023512702e-01 7.806596793870559381e-01 7.513990808550046197e-01 7.644450078422312389e-01 7.185250228167296971e-01 7.561487769089304534e-01 7.963702396701791697e-01 7.928517037984744720e-01 7.856443607355908521e-01 7.849359781433663530e-01 7.893146708726317407e-01 7.889436825627395011e-01 7.919772973837116981e-01 7.814590183561859194e-01 7.953238869834506897e-01 7.895581720800075587e-01 7.884913280194577601e-01 7.813355009255894545e-01 7.817391142981738872e-01 7.923970228134328275e-01 7.805560954317638522e-01 7.859314510559278766e-01 7.519590399745657017e-01 7.610536010693584874e-01 7.741519133725228707e-01 7.713682962938112064e-01 7.638342413943660647e-01 7.935987628436275143e-01 7.837406720284618711e-01 7.840053042668969630e-01 7.907967657026601094e-01 7.828734947041239289e-01 7.948737209225671396e-01 7.820921934932554276e-01 7.950915246194006913e-01 7.905036519317530930e-01 7.944852606743711965e-01 7.827585200638943475e-01 7.775851166023410865e-01 7.828767570416693689e-01 7.937706747510058225e-01 7.900362259162180267e-01 7.885380976164012568e-01 7.784844151138960999e-01 7.870405680773684409e-01 7.827422499932051858e-01 7.865037377153328846e-01 7.918699902416564962e-01 7.942484098826739780e-01 7.650466092754943936e-01 7.768148658631031100e-01 7.880872032840141594e-01 7.835990818487980070e-01 7.788438099327011921e-01 7.873917678462371006e-01 7.775806378577466704e-01 7.848560118301750599e-01 7.761301669552191917e-01 7.841609584064902494e-01 7.885421728430850319e-01 7.962942589895114498e-01 7.954721363440303561e-01 7.929267199043515957e-01 7.905208447670447613e-01 7.956832433650729008e-01 7.946410911529774301e-01 7.908135633134998344e-01 7.866794197330060356e-01 7.875434941845758097e-01
3.081217947216628728e-02 1.450723304957846072e-01 3.703738711753561952e-01 5.252334498069657354e-01 4.221527830246710189e-01 5.074941305464177876e-01 6.702588008591277013e-01 7.058851239320657056e-01 7.605961413595837550e-01 6.919151259427003264e-01 1.000000000000000000e+00 8.321887234623701612e-01 7.219567934383871455e-01 7.587449038323184070e-01 8.223523361242279783e-01 8.269809228262949841e-01 7.502578372847774624e-01 7.324360603707495976e-01 7.672571336724192115e-01 6.294212568746527792e-01 6.953509817751625244e-01 7.640473767811456485e-01 7.741478807405681728e-01 7.714977378296359323e-01 7.689542270858117368e-01 8.316243487069409079e-01 8.184149821922379608e-01 8.320309670339651742e-01 8.014529016082280188e-01 8.025306759802299794e-01 8.425641190611991016e-01 8.417169696153640190e-01 8.073048648997936949e-01 8.307212389170847144e-01 8.020132435906649482e-01 8.209955156927287723e-01 8.330144311200957663e-01 8.559729094490606816e-01 8.583597287233888373e-01 8.448091223120467452e-01 8.607779294314815699e-01 8.608392604673775761e-01 8.523086177679436437e-01 8.617700544698140286e-01 8.527990704746173378e-01 8.547722421412938809e-01 8.553439462866260223e-01 8.618172722256374207e-01 8.623888299951695258e-01 8.493468347039994093e-01 8.641357111783171119e-01 8.285457966661839979e-01 8.478355576376354064e-01 8.612870557652190229e-01 8.570881639008838260e-01 8.557015045305655931e-01 8.521791086690906347e-01 8.627933854623580645e-01 8.603566138347178427e-01 8.617155405994847417e-01 8.634166215484579965e-01 8.567987286603719888e-01 8.624949570506247332e-01 8.577931142504653383e-01 8.596848932101431862e-01 8.567279495627005970e-01 8.623891560550601687e-01 8.660806504178061305e-01 8.621122818766131513e-01 8.450460961398714721e-01 8.643763622560634019e-01 8.682199094477197621e-01 8.600700632116208277e-01 8.613874954343101464e-01 8.657241744821851936e-01 8.645780132983940103e-01 8.662301108386016857e-01 8.584026040124541623e-01 8.642180798213476844e-01 8.634755723460005861e-01 8.667623887280556660e-01 8.677876769940494617e-01 8.631870560254542024e-01 8.598346986761211674e-01 8.658778248192441351e-01 8.651093855043329173e-01 8.678293838322476139e-01 8.675527756893619546e-01 8.649009690277023044e-01 8.631354908145273397e-01 8.668835791333897589e-01 8.733606783819781727e-01 8.692519072115503231e-01 8.694861226392268660e-01 8.662263357630310967e-01 8.665720968500274513e-01 8.655530999544964743e-01 8.624321014435381016e-01 8.695216660098435968e-01 8.702074539484494498e-01 8.719175019860655462e-01 8.692295809766097392e-01 8.642736753877433564e-01 8.701194413259398797e-01 8.686266044960060384e-01 8.610533634358704669e-01 8.676412709244439858e-01 8.647603954435846285e-01 8.648735776537045394e-01 8.685407142013087389e-01 8.673557707548269491e-01 8.663992699371814155e-01 8.674087114824339251e-01 8.662419717498864857e-01 8.682141194327620548e-01 8.640526669632714318e-01
-5.242845035512951057e-02 1.036666557073554207e-01 3.714144071705327010e-01 6.210811576831728464e-01 4.692466153774557669e-01 5.539039589840808464e-01 7.137874465737884533e-01 7.572368955422270620e-01 7.669424315140394022e-01 7.022721367158786254e-01 8.321887234623701612e-01 1.000000000000000000e+00 7.730423687225397300e-01 8.016608648666768699e-01 8.725065548047642450e-01 8.878783097196261132e-01 7.830700431157381347e-01 7.292946817774457191e-01 7.984204847868444643e-01 6.447326663317782813e-01 7.237131869189408206e-01 8.205539747040359044e-01 8.055739570742842526e-01 8.024706450133962665e-01 8.266637653718588163e-01 8.401645473066223779e-01 8.432454313924114819e-01 8.632921761897972557e-01 7.975794892529328717e-01 7.995841244132064762e-01 8.687398909460986030e-01 8.764601025503752085e-01 8.391201267889741855e-01 8.779819113868658764e-01 8.230017999068183210e-01 8.774683467996619024e-01 8.798791376935105601e-01 8.905828529309716135e-01 9.052767706901410083e-01 9.073491389322623224e-01 9.049595062804908219e-01 9.126737280341624681e-01 9.115735495541954503e-01 9.176970153828750698e-01 9.077710764131063925e-01 9.012376448533219175e-01 9.098231834002511453e-01 9.117669888168772330e-01 9.134883066412184949e-01 9.089967710758746211e-01 9.104868705061383016e-01 9.104782533091034802e-01 9.143646328912320431e-01 8.992002328240961129e-01 8.991647389791455058e-01 8.996556306519477575e-01 9.010786890101443181e-01 9.096070418838706484e-01 9.101423525098764067e-01 9.108098264436258473e-01 9.212371427705076110e-01 9.024983649524123130e-01 9.085412104377533771e-01 8.988965142607836523e-01 9.056633705920742461e-01 9.142873446664444570e-01 9.116719161404304161e-01 9.097057703322787292e-01 9.035768459172883738e-01 8.820806708050182854e-01 9.192124437925233149e-01 9.187017309708678248e-01 9.034341748662521043e-01 9.182070810670960315e-01 8.995560744176333001e-01 9.066122769483068167e-01 9.108943896352205138e-01 8.856263789804006414e-01 9.047919300465582237e-01 8.984276513771330963e-01 9.141029843100311192e-01 9.058494328226970316e-01 9.055919987131265669e-01 8.965552158253159432e-01 9.128018415810786879e-01 9.151451043159625209e-01 9.196034375296505692e-01 9.111616255138568210e-01 9.133335030226239493e-01 9.075795279271448024e-01 9.193875920063816487e-01 9.224160371500904620e-01 9.217861151542150466e-01 9.184724241616581963e-01 9.161698234806554542e-01 9.164683855179365235e-01 9.255713511541439065e-01 9.131705807514343132e-01 9.207668537982284240e-01 9.200638437182504514e-01 9.267464356345905818e-01 9.204041185940189385e-01 9.218315172538935620e-01 9.245267777307798474e-01 9.273480576642149087e-01 9.133053269125440687e-01 9.174442405749634322e-01 9.088437989378932436e-01 9.098258329661926824e-01 9.172254555222257855e-01 9.180383935806878393e-01 9.144315303399737083e-01 9.155684971553654794e-01 9.133691784483446430e-01 9.171330870199725371e-01 9.163947451303504632e-01
5.414991838920947759e-04 1.409644628632509833e-01 3.095794025796449467e-01 4.435493886240152173e-01 4.299858158484433646e-01 4.773064202892199903e-01 6.431546890871604472e-01 6.623178424560193234e-01 7.173180866801177613e-01 6.463301255407076784e-01 7.219567934383871455e-01 7.730423687225397300e-01 1.000000000000000000e+00 7.263650642392948109e-01 7.916201317850931618e-01 8.022225182714387559e-01 6.966066592302371241e-01 6.753154792069356871e-01 7.167660788573935182e-01 5.841740696382486941e-01 6.500065257939674490e-01 7.140919968620186298e-01 7.389149659224526490e-01 7.296312046960390374e-01 7.264694908054208922e-01 7.772466498991423833e-01 7.619045551067401556e-01 7.755892274185839375e-01 7.477372741106825815e-01 7.582982995809580684e-01 8.015393346834315258e-01 7.885772070948701140e-01 7.702877053507695138e-01 7.831813360855658379e-01 7.575753518547545529e-01 7.700084584338993121e-01 7.911169427409371346e-01 8.007470107294962780e-01 8.117147378468562158e-01 8.037269080979682068e-01 8.174373325608691454e-01 8.183244281628850869e-01 8.058563444113667762e-01 8.242910452786870179e-01 8.137763967445419411e-01 8.138849675234887115e-01 8.244213904765045342e-01 8.207386721453786560e-01 8.148749515464744908e-01 8.007994924092538547e-01 8.043851569385372935e-01 7.922248445162751729e-01 8.194901268700989228e-01 8.168785752733235261e-01 8.153564644463930922e-01 8.153089331035134890e-01 8.124699323426352038e-01 8.230568806160616369e-01 8.112489976387109447e-01 8.295383618896982059e-01 8.274619921524922761e-01 8.166600127417791288e-01 8.113986610086246776e-01 8.124544773557718091e-01 8.181213006985088576e-01 8.215457051311283454e-01 8.263615084065633054e-01 8.240909728890567498e-01 8.219280566737385829e-01 8.011814688877615387e-01 8.221730672476569302e-01 8.267240549829263374e-01 8.210246553220131860e-01 8.207000325873895497e-01 8.296214180186872733e-01 8.296900731546755781e-01 8.280779598069663017e-01 8.163607824962229031e-01 8.247646042780533149e-01 8.258488625819363493e-01 8.264559124343358043e-01 8.273156791904454632e-01 8.195744999190391900e-01 8.227972097055157308e-01 8.231359387380515757e-01 8.245689558951363463e-01 8.267716722760215520e-01 8.288517989257566665e-01 8.290157969370435254e-01 8.195395775246477887e-01 8.295741480252439848e-01 8.324144983152346189e-01 8.310354363510280562e-01 8.333579917615119292e-01 8.312955362789796743e-01 8.315237833217989927e-01 8.183189102653227742e-01 8.183718038283662732e-01 8.289180574719048344e-01 8.260053553291771822e-01 8.269283528996067556e-01 8.271179358669851212e-01 8.268162332845451212e-01 8.333384878909129156e-01 8.287209751935321611e-01 8.207431638794323581e-01 8.270012651218566768e-01 8.289993500915809888e-01 8.299617889258863457e-01 8.299565254569259976e-01 8.282676127417951673e-01 8.321743079292454048e-01 8.289892844681614470e-01 8.268482970847478297e-01 8.261650220221739005e-01 8.292882955019854618e-01
