1.000000000000000000e+00 1.456403211024551725e-01 1.896685282832845376e-01 -1.671924686342776342e-02 -1.694813942220080999e-02 3.224872474896046948e-02 -6.231878943070665033e-02 -4.297781256488013291e-02 2.097089090046685700e-01 3.386821030932604670e-02 5.836700253351727319e-02 9.918504565522943007e-04 -1.055638623975991251e-02 5.121349002911713272e-02 -3.153028498855859479e-02 -3.097024795258006453e-03 2.114042845171600071e-01 3.124201580778815379e-01 1.981970339776205348e-01 2.481397281257732013e-01 1.747469548783922022e-01 1.212597224585711675e-01 1.927087061498775344e-01 2.337061785181655804e-01 1.269941144877503869e-01 1.890526339635021091e-01 1.764926741085429962e-01 1.286578795772054251e-01 1.909761172893991443e-01 1.816234392842236145e-01 1.023188009314597441e-01 1.477156409493667333e-01 1.260495138666271053e-01 9.906301142742351962e-02 1.643377051442726500e-01 3.470317686762686149e-02 9.946535194959213455e-02 5.555333778924895910e-02 7.174532489380905376e-02 -1.933115916932316367e-02 4.352704577690116872e-02 2.483366744234986184e-02 4.930907033109557629e-03 4.430279787766463334e-02 2.616237566040760867e-02 5.777080072569752700e-02 6.824213569438768688e-03 4.511329272435112697e-02 2.877207531866627505e-02 1.582299661600518673e-02 1.030058525906565881e-02 -3.158445259902140090e-02 2.455728911569502251e-02 9.778435510460019298e-02 9.578079106332727799e-02 5.688962488229942771e-02 4.359447869368598266e-02 3.809804144137268062e-02 3.041735418529906837e-02 3.885266324422565615e-02 2.230970248048690444e-02 5.695919433003288068e-02 5.513155179787997823e-02 5.345980165907906340e-02 9.148257104657474270e-02 8.353129510507772970e-02 7.234826584314774101e-02 1.171617014177639554e-01 1.301266530573186309e-01 1.172418695992166610e-01 5.257383566842507849e-02 6.487605828398836094e-02 1.218715690984255584e-01 8.668617027437484912e-02 8.661314246696510954e-02 6.681478129735661520e-02 5.215924695288530477e-02 9.937341383958545049e-02 5.157643049280691283e-02 8.868821551992103758e-02 8.286778081540921437e-02 4.073811123942718687e-02 4.396245962070682856e-02 7.915539391765345767e-02 1.879980520421106402e-02 5.308921952116493759e-02 3.884171434334112577e-02 3.880501687497878854e-02 3.556974421661826535e-02 6.531709138308117168e-02 -3.051087604038551452e-03 1.586697516035065134e-02 2.186621011533272305e-02 2.361618408661096680e-02 1.430663329020478644e-02 3.402017968356350897e-02 -1.512418934102846557e-02 2.588067354225202440e-02 1.714778221380945308e-02 1.730903070427583165e-02 6.326862134045966972e-03 2.873369090459933217e-02 1.179039960558124142e-02 1.305960662385762319e-02 2.026102839005632789e-02 5.429013287062610382e-02 4.021956703051436655e-02 5.920433440119954316e-02 6.343964718092130750e-02 3.043290542855716860e-02 2.345993756628273960e-02 3.492888680648299771e-02 3.570541662703244357e-02 3.348220678991629257e-02 5.011214869369150920e-02 4.162780659877771822e-02
1.456403211024551725e-01 1.000000000000000000e+00 6.367788252289209583e-02 -4.739034538256192003e-02 3.245819225204352176e-02 7.215941473551081009e-02 9.610603711095945523e-02 1.055353145858005659e-01 1.705915941253839108e-01 2.481470416555258129e-01 1.330648753600429113e-01 8.307780152841846844e-02 1.137529614515093296e-01 1.205778152460569852e-01 1.637360008361428976e-01 1.591101925725853794e-01 1.322943527069629366e-01 4.937031286627396182e-02 6.399376545967325192e-02 5.665462780175354457e-02 -2.512569713615864925e-02 3.477821517257292938e-02 1.353918158568098995e-01 5.893482016374405885e-02 9.483204123142149888e-02 1.363843650341443059e-01 1.060892134535847547e-01 1.462332343763086129e-01 1.248967764364015409e-01 1.576192046918321044e-01 1.321122582245445043e-01 1.575194905509434973e-01 1.514705176092840389e-01 1.403969344358555471e-01 1.709416155683996519e-01 1.299467085930946231e-01 1.557318093092783517e-01 1.545457393005164326e-01 1.421164407157113341e-01 8.636418869649141461e-02 1.351597698561560756e-01 1.359667510293810222e-01 1.020448523540346403e-01 1.152501902209995543e-01 1.234427613490199221e-01 1.459930046590540154e-01 1.444895154698691841e-01 1.618304707888162108e-01 1.382931677570187756e-01 1.069340302861585129e-01 1.267775615496322950e-01 8.568819745370180596e-02 1.201822646404318434e-01 1.631327809515902283e-01 1.540429459036314896e-01 1.412226154708578485e-01 1.223592391306673188e-01 1.355199121255518946e-01 1.372392305729660533e-01 1.456555160024055606e-01 1.324366340539868403e-01 1.456925638712034954e-01 1.306528782153174861e-01 1.365585744801908752e-01 1.430520450834821267e-01 1.530795373737214582e-01 1.627443657631689189e-01 1.407583851487305693e-01 1.738593730190294284e-01 1.134710506062876767e-01 1.002842896797079275e-01 1.358395319450834970e-01 1.349778128775700470e-01 1.268464159760274712e-01 1.476184619787821173e-01 1.466683634772598666e-01 1.529242571023345099e-01 1.495502492479514334e-01 1.361883792089460254e-01 1.588509686893381789e-01 1.550937236454516810e-01 1.408885048011314089e-01 1.529687017698343754e-01 1.756522882410367636e-01 1.391255859486542346e-01 1.554682168789015273e-01 1.484162331308138405e-01 1.591026417833161788e-01 1.537735016145087841e-01 1.588358584203557189e-01 1.397916489760197556e-01 1.452215011164185998e-01 1.400274249482310052e-01 1.473107773107880381e-01 1.531477382032336854e-01 1.582946834641771883e-01 1.001020546024773417e-01 1.222325637313839974e-01 1.435894940797202979e-01 1.409862268293057552e-01 1.337070450710705904e-01 1.369855888951469758e-01 1.329018537826698321e-01 1.356426156404574868e-01 1.338876067517755508e-01 1.447694239276078321e-01 1.399724853050689777e-01 1.690488522660964221e-01 1.614990646948838426e-01 1.478327537543556447e-01 1.422908745675486308e-01 1.500395381023283126e-01 1.547003552385678160e-01 1.507903521718345075e-01 1.469542903528610056e-01 1.433092486091513684e-01
1.896685282832845376e-01 6.367788252289209583e-02 1.000000000000000000e+00 3.550353799552320444e-01 1.815805506987511475e-01 2.695018213467203494e-01 2.870138307155776780e-01 2.865258120106894402e-01 4.280614358595815627e-01 2.925071487896574451e-01 3.908846806943105934e-01 3.769668948958724286e-01 2.990102119341935261e-01 3.793336192153474729e-01 3.294294190958760860e-01 3.413771319842382468e-01 4.039242868023615873e-01 4.370155779805217633e-01 4.545902904797846644e-01 4.016523276823666944e-01 4.442963708930666722e-01 4.695013823999656943e-01 4.705204640878135058e-01 4.501077569237845188e-01 4.497847514908117073e-01 4.926262449961446577e-01 4.779260960283817083e-01 4.392357641722522410e-01 4.725809794313902135e-01 4.649007404390065323e-01 4.355412688281244393e-01 4.351573093444892071e-01 4.285035626236301520e-01 4.172289919102550870e-01 4.405353944897185126e-01 3.907971291581315287e-01 4.294690150919464600e-01 3.639422271204313941e-01 4.119073242162527015e-01 3.765421723398049147e-01 3.880096842913368649e-01 3.680031807833102908e-01 3.749626872881492434e-01 3.982293848756474075e-01 3.941638824064845337e-01 3.889837715039710653e-01 3.639546701642053517e-01 3.769689462414250736e-01 3.771998455861419464e-01 3.732311954494272888e-01 3.625486811799905063e-01 3.148132295321605656e-01 3.706224626294792879e-01 4.046388712969770651e-01 4.072571870035562869e-01 4.122226562149035600e-01 3.877687637057892767e-01 3.791460336505614870e-01 3.687841355234016683e-01 3.648436184519978642e-01 3.713408617394948763e-01 3.814980823959998602e-01 3.930998078814681995e-01 3.827013754284770974e-01 3.976794420861113899e-01 3.933305489689870593e-01 3.823561611742837818e-01 4.253912925905983244e-01 4.257327364934131442e-01 4.318921153119520961e-01 4.347367861485413876e-01 4.150711490598955056e-01 4.150012925929228991e-01 4.329252269490526661e-01 4.239986359067052235e-01 4.105117948165114550e-01 3.975984805667298616e-01 4.244014543695323605e-01 4.028374921876690662e-01 4.112256053225681884e-01 4.126649978410635300e-01 3.914972908927964457e-01 3.883693202323387772e-01 4.015791804989234937e-01 3.728270415780814417e-01 3.857630561187500584e-01 3.899358554770671059e-01 3.735836925892358495e-01 3.836484824695770568e-01 3.992127158818589705e-01 3.694315461826959690e-01 3.688373404693437441e-01 3.813567895700403221e-01 3.783103961158780781e-01 3.603678777402753441e-01 3.714765063240023091e-01 3.636972409598400180e-01 3.610256777221866886e-01 3.682727516332992002e-01 3.686235527195073636e-01 3.735101290270763097e-01 3.725190408313035495e-01 3.647156478784382982e-01 3.662147442150895382e-01 3.648580407808868498e-01 3.823276423531000723e-01 3.742831912592898269e-01 3.821656779371420121e-01 3.937527057869993907e-01 3.656162219735041297e-01 3.694374618909956887e-01 3.675950587565825489e-01 3.723226480159610996e-01 3.694485126429298827e-01 3.741405151504334503e-01 3.719417157810202545e-01
-1.671924686342776342e-02 -4.739034538256192003e-02 3.550353799552320444e-01 1.000000000000000000e+00 3.839199285426962982e-01 4.649733832817070645e-01 5.490116931709437820e-01 5.300148649441847049e-01 5.221290440809341904e-01 3.959839672949864720e-01 5.782300015453099018e-01 6.495410871111323425e-01 5.443240921141059285e-01 5.550627578228949366e-01 5.622226298176187242e-01 5.554715227441054948e-01 5.346918986407408481e-01 3.963346237025365815e-01 5.132741143956274232e-01 3.921223457251307720e-01 5.107380566856031257e-01 6.227705616969705371e-01 5.588358417360274055e-01 4.914365788633244803e-01 5.585370300374855601e-01 5.899722689335031856e-01 6.288226660288174230e-01 5.988623060937353637e-01 5.679175161539498085e-01 5.551281652137100009e-01 6.053144847942196760e-01 5.695570913012404368e-01 5.589462428107775382e-01 5.811905785564907001e-01 5.358862153693573216e-01 6.182520294460542853e-01 5.823727876376685320e-01 5.600283008399293827e-01 6.050439782797641941e-01 6.440206292973839064e-01 6.061262721587603597e-01 5.958368595538182655e-01 6.425926858047217305e-01 6.241676559975209981e-01 6.251071907980292330e-01 5.895252632443227503e-01 5.880762322964031563e-01 5.731577670445512362e-01 5.926892210421242924e-01 6.053907974962092764e-01 5.926324712018089524e-01 6.017370468948761708e-01 6.098395237034366367e-01 5.748000468983693878e-01 5.824427815678203668e-01 6.089258127307212165e-01 6.036887486089433930e-01 5.806202842902707939e-01 5.703583134790956022e-01 5.804315418675766169e-01 5.935969085878360918e-01 5.748361804215460502e-01 5.914241887881920290e-01 5.899852904258057196e-01 5.906090899472710154e-01 5.835858200429175913e-01 5.710410644085315290e-01 5.741482911853663662e-01 5.706474755318907688e-01 5.756533614407627342e-01 6.325493259922075895e-01 6.003990983515935520e-01 5.639086100985472028e-01 5.987435226126048837e-01 6.107973651666880333e-01 6.029670784767358072e-01 6.007902520285290926e-01 5.919342416562606290e-01 6.028502001362763263e-01 5.743466656008195947e-01 5.883576507354303375e-01 5.987217840791185797e-01 5.991759615768722513e-01 5.663135540238197763e-01 5.975378557511392685e-01 5.830734157145038843e-01 6.026949140014464801e-01 5.720822826902230984e-01 5.896830791628769886e-01 5.883438881258166164e-01 6.049165481823479684e-01 5.965082609745502307e-01 6.080694957090143626e-01 5.942607657001083288e-01 5.784918327340996536e-01 5.801080322149595458e-01 6.219634042903775528e-01 5.966183473362015599e-01 5.866315739220340220e-01 5.905922872161230019e-01 6.120712602226878740e-01 5.892001850915435934e-01 5.949272141929512481e-01 5.978278612998870756e-01 5.996634969765071155e-01 5.866471204375881543e-01 5.950218207015022243e-01 5.727929446207699060e-01 5.799293327098082873e-01 5.765557739301950813e-01 5.780632887109765639e-01 5.799752756993421521e-01 5.744670312583830540e-01 5.822648163931019027e-01 5.866674285219026785e-01 5.856558745445600289e-01
-1.694813942220080999e-02 3.245819225204352176e-02 1.815805506987511475e-01 3.839199285426962982e-01 1.000000000000000000e+00 3.307007909509896981e-01 4.774703103106469060e-01 4.895486931211156523e-01 4.178402335585925664e-01 3.888817691640043539e-01 4.480488581032304740e-01 4.737266755984720357e-01 4.861400884962032709e-01 4.497510835143085361e-01 5.052505016006612060e-01 4.923539019432537911e-01 4.144086411209167986e-01 2.139192152766382915e-01 3.332011785441815754e-01 2.351690092997248405e-01 2.820547978102400655e-01 3.802871218496191030e-01 3.541052112846678757e-01 2.986111723008492702e-01 3.818632997058629686e-01 4.119594191429412078e-01 4.263935904191135107e-01 4.391987218067308074e-01 3.786664402596476853e-01 3.730383140429862077e-01 4.510549191721764384e-01 4.292356282682139312e-01 3.838466446101131968e-01 4.307662164323595722e-01 3.657014151707134730e-01 4.735867426996633878e-01 4.369880994532310270e-01 4.576347015766334958e-01 4.689552875675366272e-01 4.602488053050998729e-01 4.863218685453908896e-01 4.808313711402001367e-01 4.804239509100663441e-01 4.860974217536517261e-01 4.792819881220490852e-01 4.706431927635121304e-01 4.883155671266862785e-01 4.801495647713564519e-01 4.905019942640748143e-01 4.815120069410296910e-01 4.788949301473909292e-01 5.074236154998146286e-01 4.942965553116348554e-01 4.736582367529841853e-01 4.763819139062740460e-01 4.758150807519495595e-01 4.939233712322648739e-01 4.847290832188309584e-01 4.801414825216913651e-01 4.928101181644206630e-01 4.937065057818222913e-01 4.828659718364787801e-01 4.858194884296043181e-01 4.887509815651281952e-01 4.815776069930005621e-01 4.876734865177694278e-01 4.823970766398686938e-01 4.513736544477656709e-01 4.467714684061767083e-01 4.383536805744285836e-01 4.689619352234472016e-01 4.756135281959536498e-01 4.374113675608785612e-01 4.577746804328615138e-01 4.790762586272394041e-01 4.767990413025888774e-01 4.823284408737109619e-01 4.620641920553664739e-01 4.739957235302829641e-01 4.510651509871597131e-01 4.706230120039825437e-01 4.827223803185302642e-01 4.872860961989165518e-01 4.516907293161807058e-01 4.869723389057445395e-01 4.741347647072557958e-01 4.849254508241033212e-01 4.744274195899470525e-01 4.802952681053598849e-01 4.838778932626761065e-01 4.845568413328824597e-01 4.948807405060351994e-01 4.887040070446122542e-01 4.865550081603239319e-01 4.904433445297082805e-01 4.892515333300599401e-01 5.013759162261073321e-01 5.021425048002334801e-01 4.941694424539354036e-01 4.883842334732202972e-01 4.970452791808584458e-01 4.923730547375893551e-01 4.948724406216340466e-01 4.977577956259377490e-01 4.990472021319682927e-01 4.995464626828305388e-01 4.989509944238007533e-01 4.836227746702277397e-01 4.830930030324539493e-01 4.895685354555744939e-01 4.850666878044963548e-01 4.944053717067958820e-01 4.884915997936300491e-01 4.931496882005602655e-01 4.918215998251694310e-01 4.961400131053336215e-01
3.224872474896046948e-02 7.215941473551081009e-02 2.695018213467203494e-01 4.649733832817070645e-01 3.307007909509896981e-01 1.000000000000000000e+00 5.467122910775468192e-01 5.385907102274780645e-01 5.623009993444100241e-01 4.977890143992158567e-01 5.846996506947089722e-01 6.080471545283863133e-01 5.573258493959079019e-01 5.766790629592691841e-01 6.088012302971543832e-01 5.931554984047666679e-01 5.714372992514372696e-01 3.993218131127168613e-01 5.125375513039931441e-01 4.044387052303906605e-01 4.597738222196403601e-01 5.586108930540972795e-01 5.341838994152683373e-01 4.876362389804571595e-01 5.508093611357971486e-01 5.871295331448991295e-01 5.987880218419838751e-01 6.069324390270238734e-01 5.620215610182516253e-01 5.663191112726122523e-01 6.281444809109923977e-01 5.968991949502225891e-01 5.731629340448950449e-01 5.985873991583129383e-01 5.559457215005324526e-01 6.226407570400240843e-01 6.111136447196744426e-01 6.099360839265030032e-01 6.300083735116172035e-01 6.184906494996130766e-01 6.309525749663558170e-01 6.278703731074444239e-01 6.316894284265656134e-01 6.391348133902846618e-01 6.366138909650304045e-01 6.273415524088653550e-01 6.295845084976906536e-01 6.225450110847480234e-01 6.305912449766994943e-01 6.222658227895541128e-01 6.252341537226915325e-01 6.111596730528512378e-01 6.295814715158917219e-01 6.208153388463394373e-01 6.234758609404683627e-01 6.318091169428139420e-01 6.305228344319484535e-01 6.209269711696074889e-01 6.190796526012654066e-01 6.280678583679757399e-01 6.297406386015206303e-01 6.224056249620787407e-01 6.225929624686897812e-01 6.252541741472322778e-01 6.276522874015061371e-01 6.234583303299018331e-01 6.268609334172100533e-01 6.209405565114625158e-01 6.103217649798770017e-01 6.090137332628879907e-01 6.368664185520542809e-01 6.331931162939044011e-01 6.061040082516516714e-01 6.243813859412440381e-01 6.327160043572535031e-01 6.371597810043728716e-01 6.322705919559973298e-01 6.159648703750134624e-01 6.333738864369382604e-01 6.186498423878984410e-01 6.297838031195374109e-01 6.371327187437961781e-01 6.299097223322334127e-01 6.158951340226850313e-01 6.285814066270770661e-01 6.254039645567039951e-01 6.343865623056684777e-01 6.235851712106545985e-01 6.298851361179866881e-01 6.285892586276252691e-01 6.310233791972360562e-01 6.320885731178479405e-01 6.379274913866939123e-01 6.346473705073876204e-01 6.272501854339351812e-01 6.287771350258924974e-01 6.315778549561522626e-01 6.256856657622186235e-01 6.286694928058713661e-01 6.279391362135703369e-01 6.338486539911862838e-01 6.257248239979603666e-01 6.329053226869539861e-01 6.314891758938395716e-01 6.310810971685496540e-01 6.258840046521726430e-01 6.302754290957861549e-01 6.252102693755535734e-01 6.286301132425544669e-01 6.253018970130517218e-01 6.256256476273363010e-01 6.281943153598098517e-01 6.261225936010114124e-01 6.270909661320830386e-01 6.312558901878777551e-01 6.279433111613546004e-01
-6.231878943070665033e-02 9.610603711095945523e-02 2.870138307155776780e-01 5.490116931709437820e-01 4.774703103106469060e-01 5.467122910775468192e-01 1.000000000000000000e+00 7.321655380887710507e-01 6.718570986924153887e-01 6.405977009423353685e-01 7.085675275665083150e-01 7.376079332919598386e-01 7.194639622155599712e-01 7.007397983961572985e-01 8.335405460168523462e-01 7.844234487867839389e-01 6.317731421859081875e-01 3.509971716063050584e-01 5.414139184771636915e-01 3.551364157849011272e-01 4.268442566123378246e-01 5.912013535345623794e-01 5.879615230043200302e-01 4.644048092546652629e-01 5.902726141791481140e-01 6.643860725972260406e-01 6.787122961327815007e-01 7.327397711283636372e-01 6.258084265725506468e-01 6.404811926266865685e-01 7.527737010702248988e-01 7.009343956349912697e-01 6.748815690174421178e-01 6.994311397869308333e-01 6.414683920163922748e-01 7.508769952642703194e-01 7.271492608301459715e-01 7.553449280850420555e-01 7.648702383248027203e-01 7.730665912179204291e-01 7.790319458076823134e-01 7.904156279645122574e-01 7.817676159756056231e-01 7.836087741477323343e-01 7.794354172239889023e-01 7.689603817977536115e-01 7.886073787329923590e-01 7.750465613310393298e-01 7.775388592602140436e-01 7.717930592583190919e-01 7.824205667238421924e-01 7.744487034315888918e-01 7.761819896749111436e-01 7.549392597888057166e-01 7.558330199240979042e-01 7.692784176842910604e-01 7.759457614519617019e-01 7.834984214752666043e-01 7.747882936778499596e-01 7.771322968158537181e-01 7.822436038587246010e-01 7.701754720722956415e-01 7.680937743477026514e-01 7.672362327170397789e-01 7.543937724782970866e-01 7.555952431387604751e-01 7.701591390429044504e-01 7.316757693894015979e-01 7.222571201776876171e-01 6.886064150498940606e-01 7.393223658784743302e-01 7.578941404764520939e-01 6.992164684777402162e-01 7.242253100774513896e-01 7.662345145240966326e-01 7.780797587332084486e-01 7.843635990132267199e-01 7.391839711658597656e-01 7.767523993506711966e-01 7.460497517244841781e-01 7.580369234682754476e-01 7.855227086747138543e-01 7.798377134522082033e-01 7.493805680918992351e-01 7.860716039308481839e-01 7.622581282954237203e-01 7.794403300954645397e-01 7.815933275198885255e-01 7.795475292904422426e-01 7.726331096241072505e-01 7.996372334095838141e-01 7.963509257549595821e-01 7.860276789246307683e-01 7.890169329292977540e-01 7.851344323745350628e-01 7.841570171286510460e-01 8.030703944156821761e-01 7.840603133740072783e-01 7.897561431005740706e-01 7.884890376410821355e-01 7.965400432127058838e-01 7.888049831819446966e-01 7.859004782559598778e-01 7.902615928310242621e-01 7.851709922074787684e-01 7.805724512123913827e-01 7.856938034871349119e-01 7.748859598379258529e-01 7.773757163942583981e-01 7.859332611639452404e-01 7.890189779520964120e-01 7.818023941810352540e-01 7.839263325714244113e-01 7.816965505534659853e-01 7.784815930373842896e-01 7.782652408006541789e-01
-4.297781256488013291e-02 1.055353145858005659e-01 2.865258120106894402e-01 5.300148649441847049e-01 4.895486931211156523e-01 5.385907102274780645e-01 7.321655380887710507e-01 1.000000000000000000e+00 6.729670577884159233e-01 6.515675818020590926e-01 7.249597169980713796e-01 7.544826007458329542e-01 7.260893222819833071e-01 6.949490019834965171e-01 8.081933602880951861e-01 8.053333703893662543e-01 6.319574184666386651e-01 3.611722703441933024e-01 5.268473632720291899e-01 3.938875253481985972e-01 4.449464661307794833e-01 5.940219652372114023e-01 5.880071316686359406e-01 4.741250222558694438e-01 5.930203209351355698e-01 6.681495445881101558e-01 6.853963822421094143e-01 7.234503516663661760e-01 6.396275326851306176e-01 6.612435738737261204e-01 7.517150624825755800e-01 6.983896562255158535e-01 6.683682236135191079e-01 7.024082243124798453e-01 6.474132645594665725e-01 7.535542378256627760e-01 7.289582309805650029e-01 7.601225680827186082e-01 7.565849523122014642e-01 7.546189903419248113e-01 7.741722071528571725e-01 7.773639377533380079e-01 7.799314085853700229e-01 7.881102448029456697e-01 7.704796537907456777e-01 7.723254569034210260e-01 7.893258348998387630e-01 7.820156461660343616e-01 7.884133793488327102e-01 7.764731028394242784e-01 7.915293303172041828e-01 7.857542802730084208e-01 7.866631153444618718e-01 7.695043436411772575e-01 7.719595240824244087e-01 7.682964095210113031e-01 7.942538386251826177e-01 7.884479870151974712e-01 7.877299809339151082e-01 7.864022389602730589e-01 7.956519662523666714e-01 7.885551946127297152e-01 7.888061171665226023e-01 7.806653495061085524e-01 7.658511266273676510e-01 7.787739497745935768e-01 7.743210937612809985e-01 7.331192260368633029e-01 7.286661360608196469e-01 7.085785973215250610e-01 7.503608600972975218e-01 7.662881675313968355e-01 7.040917598277190992e-01 7.334755929685659037e-01 7.705833408168359933e-01 7.774857959124295004e-01 7.799831310181584154e-01 7.517315506039341511e-01 7.749622423371789193e-01 7.584352143804515833e-01 7.672395984423271420e-01 7.901037663736401040e-01 7.767144556925068555e-01 7.552927707803092083e-01 7.804827457617170561e-01 7.659850258277545176e-01 7.825950188433936638e-01 7.784340152933676427e-01 7.818164795404330958e-01 7.759330724155001358e-01 7.857454767035673138e-01 7.933955382186179683e-01 7.872929915951679680e-01 7.896251706452945829e-01 7.909093331008578698e-01 7.910190673977334219e-01 8.002287102546312703e-01 7.941579019972478948e-01 7.972642557011508924e-01 7.891899999306047908e-01 7.973895524489480469e-01 7.976406645117991578e-01 7.933841082169518222e-01 7.939943112410073889e-01 7.930762337996277722e-01 7.953283162195832201e-01 7.915665515181243839e-01 7.810835187872812169e-01 7.861824556038918832e-01 7.927729587183826032e-01 7.937800602967020058e-01 7.918910157964988983e-01 7.938342115749633665e-01 7.929830768899098770e-01 7.878213502378025312e-01 7.934720636471560562e-01
2.097089090046685700e-01 1.705915941253839108e-01 4.280614358595815627e-01 5.221290440809341904e-01 4.178402335585925664e-01 5.623009993444100241e-01 6.718570986924153887e-01 6.729670577884159233e-01 1.000000000000000000e+00 7.199252581088019243e-01 8.099079303609905134e-01 8.022215758139629171e-01 7.295555648629440393e-01 7.776259932019632393e-01 8.096300146144548293e-01 8.121986031685123342e-01 8.201002592840646033e-01 6.608234697989721074e-01 7.390729790446084468e-01 6.405022701714089273e-01 6.566040921883486980e-01 7.520039327008422037e-01 7.940556384045592830e-01 7.281443247030667809e-01 7.650724018593465514e-01 8.463179937625141536e-01 8.482624877890874160e-01 8.529347509550542217e-01 8.089786621791736909e-01 8.370253748489814294e-01 8.648098421167732530e-01 8.705753500412201085e-01 8.217688914091347829e-01 8.517930022187222283e-01 8.320942627164162886e-01 8.421164020049440868e-01 8.633795404206722202e-01 8.534344157141650067e-01 8.632528909459059596e-01 8.083505053488331260e-01 8.641381461475143855e-01 8.474494701093522320e-01 8.343177258529815843e-01 8.683069651361221553e-01 8.540444827202290368e-01 8.625171728659331016e-01 8.610718004646753521e-01 8.757630401942408938e-01 8.725195712762233713e-01 8.534174102751485025e-01 8.582459056773117378e-01 8.029998218090789175e-01 8.491151255188358338e-01 8.866716566398101795e-01 8.861050248334895185e-01 8.692918389386755651e-01 8.725996946040484037e-01 8.614484253828301741e-01 8.598400635842564643e-01 8.683415295847287663e-01 8.679137948005479775e-01 8.735998491148837530e-01 8.686781864242081319e-01 8.729694166347083950e-01 8.825864582305483763e-01 8.834842798813776765e-01 8.795920000114478832e-01 8.874384654120278659e-01 8.878672060871164451e-01 8.668266926628440672e-01 8.634691470464934682e-01 8.787775385530869343e-01 8.685002517405411293e-01 8.752931193954907041e-01 8.878818249203023205e-01 8.821959442906276427e-01 8.665977687429070597e-01 8.704656580010624589e-01 8.717107500794198938e-01 8.830915368523509779e-01 8.830468394647519315e-01 8.745481803100217943e-01 8.668207894750045162e-01 8.734240073896226697e-01 8.574219993041777288e-01 8.730436631037665762e-01 8.706421402008455157e-01 8.668350907499146052e-01 8.697686309239288649e-01 8.766500780430773743e-01 8.483573173934445544e-01 8.626244204774407009e-01 8.666411541693327392e-01 8.667870555162643376e-01 8.624099950990241625e-01 8.720828906036490746e-01 8.391963712419482357e-01 8.591962940540075477e-01 8.655483787629381087e-01 8.624857466588543575e-01 8.580977709637160888e-01 8.682198706945797317e-01 8.594166519879905541e-01 8.624397647049601989e-01 8.631116981143097666e-01 8.714511790560000026e-01 8.739579042739739068e-01 8.787577764220274590e-01 8.819917961638293891e-01 8.691398734468834819e-01 8.621630346527754396e-01 8.707538779772336923e-01 8.704294110063121037e-01 8.700486816911274790e-01 8.738917999265052305e-01 8.702647763364659284e-01
3.386821030932604670e-02 2.481470416555258129e-01 2.925071487896574451e-01 3.959839672949864720e-01 3.888817691640043539e-01 4.977890143992158567e-01 6.405977009423353685e-01 6.515675818020590926e-01 7.199252581088019243e-01 1.000000000000000000e+00 7.174865775202747820e-01 7.281406610158116521e-01 7.106893743836418809e-01 7.154150932805591889e-01 7.963462155160461187e-01 7.897817984204282826e-01 6.700052484999995395e-01 4.066340461552636620e-01 5.429829707272467720e-01 4.181118365590835717e-01 4.208272464468784668e-01 5.665167335102891943e-01 6.200543259821699182e-01 5.126393198326073541e-01 6.139636621148450990e-01 6.869587928064458948e-01 6.690963175409196939e-01 7.381041597966933043e-01 6.564608798021844827e-01 6.999295068251564222e-01 7.611504489708568189e-01 7.445922668552795720e-01 6.950635682131155457e-01 7.419373427159239309e-01 6.970114198801937722e-01 7.619797125478754429e-01 7.654652598208215863e-01 7.963812352650884163e-01 7.794667694943304692e-01 7.277947327075863226e-01 7.959624294299468827e-01 7.979844358650821645e-01 7.538482497106533398e-01 7.894666414439667212e-01 7.821772490510408016e-01 7.928162349307490420e-01 8.134780126430374292e-01 8.174216472657550581e-01 8.032946107698579752e-01 7.757716070769601346e-01 8.003609059055311059e-01 7.526770291795998880e-01 7.817697719350693575e-01 7.921800539100704031e-01 7.886305380848624980e-01 7.812541551019510644e-01 7.809910113788856023e-01 8.026673599133926640e-01 7.987353563300633175e-01 8.140672944115316945e-01 8.056766166592959078e-01 8.012062756072152458e-01 7.803772230682635147e-01 7.940321581296350129e-01 7.884270906855658234e-01 7.959876007779215223e-01 8.128125912608942238e-01 7.727037383456982766e-01 7.826747619243142884e-01 7.340305127352606540e-01 7.544795990103064787e-01 7.899866429443728189e-01 7.519284286094921610e-01 7.638649131820082205e-01 7.949050729643670765e-01 8.046316041664158814e-01 7.998029392972995089e-01 7.804648025479241635e-01 8.001454045685919558e-01 8.023135753059520425e-01 8.028972274869886627e-01 8.077998016034779738e-01 7.995567851151684780e-01 8.014913925394546723e-01 8.006081287342285968e-01 8.064453718213674405e-01 8.069300625686920414e-01 8.179920498654985606e-01 8.135533898967733935e-01 7.997243774552472706e-01 8.024722697106558833e-01 8.140801168980195124e-01 8.069512047644404884e-01 8.150649738250959064e-01 8.217903530414141233e-01 8.198435440482467751e-01 7.784847786477966380e-01 7.910902206353510602e-01 8.140766615313285159e-01 8.107086932778210242e-01 7.994513792275814712e-01 8.052234477306549065e-01 8.054632230039963092e-01 8.104993031723004560e-01 8.028958853916684513e-01 7.946971601014671815e-01 8.071988152650624304e-01 8.171646725524627231e-01 8.113206239450646562e-01 8.176663451186916287e-01 8.103985271843806570e-01 8.176029681287231288e-01 8.146400290876605332e-01 8.123250757124848009e-01 8.086274529912128584e-01 8.104582868268703777e-01
5.836700253351727319e-02 1.330648753600429113e-01 3.908846806943105934e-01 5.782300015453099018e-01 4.480488581032304740e-01 5.846996506947089722e-01 7.085675275665083150e-01 7.249597169980713796e-01 8.099079303609905134e-01 7.174865775202747820e-01 1.000000000000000000e+00 8.606834756664991648e-01 7.816363320269482662e-01 8.022775039558096566e-01 8.557069535900235779e-01 8.518391324545919741e-01 7.917043806159782537e-01 5.906379149900014003e-01 7.228827821022336675e-01 5.891748984752327445e-01 6.410195800435698477e-01 7.603395511799875273e-01 7.692369552147182432e-01 6.962947867142483815e-01 7.724852972315383592e-01 8.244997824586541846e-01 8.356955347501919817e-01 8.545796572058489415e-01 7.948373156570678333e-01 8.179237887029672249e-01 8.779399165875907407e-01 8.603038971637226862e-01 8.131105042798605353e-01 8.596105850087152334e-01 8.126571635553021533e-01 8.736944349149551314e-01 8.700084290208578430e-01 8.772756155378805820e-01 8.843230083437586542e-01 8.579672542215084352e-01 8.919434318180541332e-01 8.849813482360946448e-01 8.821732046429704432e-01 9.008355945311675717e-01 8.956123985989897784e-01 8.887440474680537994e-01 9.006586421613562710e-01 8.993736999102971419e-01 8.980047590937482171e-01 8.812692427897064196e-01 8.922499075337563257e-01 8.595633365179864427e-01 8.908991403180330781e-01 8.931293496244823160e-01 8.933561900450064375e-01 8.947295070891873037e-01 8.919987183750012205e-01 8.935909165836340984e-01 8.892234866416904859e-01 9.009674838172497813e-01 8.994834943078955369e-01 8.953783063281589572e-01 8.880450607191120449e-01 8.908571113971754940e-01 8.948696592884475276e-01 8.962326668907272254e-01 9.014888401056453393e-01 8.943932829789300598e-01 8.885063171562915807e-01 8.736481719389314060e-01 8.954164651875671233e-01 9.035089627449767180e-01 8.736274760589467503e-01 8.923410108518079475e-01 9.033566764289765461e-01 9.063411987579655937e-01 8.962371037981997635e-01 8.859050870803676370e-01 8.992981075535081414e-01 8.952202071663564187e-01 9.012463766523846065e-01 9.061947533859183723e-01 8.948651917716314852e-01 8.896625254019370210e-01 8.951885740048126650e-01 8.987688691926583040e-01 9.026987625823719164e-01 8.975274825762322717e-01 9.029780826418459805e-01 8.982637748876440842e-01 8.942264932378590769e-01 9.032466669924201774e-01 9.062798281664997679e-01 9.040808236657448260e-01 9.022502508563924328e-01 9.039225518159045292e-01 8.861907439017182586e-01 8.887633953974690693e-01 9.005834715288012493e-01 8.986225052645511191e-01 9.004877350797391156e-01 8.976492243535985072e-01 9.005034638402515945e-01 9.030565341730457662e-01 8.990743465684493119e-01 8.922672789767821522e-01 9.010247658709705787e-01 9.016716296429921895e-01 9.022170458163895068e-01 8.991744037480317031e-01 8.969135981977539585e-01 9.025517341973707808e-01 9.012114990383736091e-01 8.981337521247203526e-01 9.008135834120419849e-01 9.002030105048044462e-01
9.918504565522943007e-04 8.307780152841846844e-02 3.769668948958724286e-01 6.495410871111323425e-01 4.737266755984720357e-01 6.080471545283863133e-01 7.376079332919598386e-01 7.544826007458329542e-01 8.022215758139629171e-01 7.281406610158116521e-01 8.606834756664991648e-01 1.000000000000000000e+00 8.063466948746307317e-01 8.410836482678341053e-01 8.811915185520258209e-01 8.691564363245979363e-01 8.023973487472497723e-01 5.669842615005398212e-01 7.163088088766353945e-01 5.777434759652795293e-01 6.415114383296066647e-01 7.621782761561649577e-01 7.683781757956830161e-01 6.922435127143697908e-01 7.698190415598062941e-01 8.264561901851184000e-01 8.474801416357445882e-01 8.645450455572463166e-01 7.921486558218843177e-01 8.158283490873557975e-01 8.772129086027437017e-01 8.679806744049156642e-01 8.203663728558915347e-01 8.778316732004023404e-01 8.149565345359138790e-01 8.965693715264115848e-01 8.807529350131706458e-01 8.951066681725794449e-01 9.020286625437979877e-01 8.914283165246061902e-01 9.110493120301864645e-01 9.084181618319721041e-01 9.168855090535140695e-01 9.225537917753695583e-01 9.245664463311601411e-01 9.050431933786097227e-01 9.228260427257375387e-01 9.211274369414159668e-01 9.242465774118495681e-01 9.152593334849667972e-01 9.212373287071066175e-01 9.005541327593102885e-01 9.224835905659273250e-01 9.065668335901868602e-01 9.079708115533671187e-01 9.153785346251231969e-01 9.202310499349068973e-01 9.113024168852108531e-01 9.090539874973947443e-01 9.227724974062260221e-01 9.259136542141834791e-01 9.126246816233448689e-01 9.075442088638735472e-01 9.169925127938730602e-01 9.144781294950097283e-01 9.180108580164396681e-01 9.180247510423344970e-01 9.017307044259822435e-01 8.956066287150881156e-01 8.807750726017867793e-01 9.148000858642070243e-01 9.158123178883681437e-01 8.832000458015937250e-01 9.029294848063117440e-01 9.192534948443418230e-01 9.190415712631381240e-01 9.138445297241754028e-01 8.931288390886210626e-01 9.127254038542650383e-01 9.022838769614396348e-01 9.156566874102866072e-01 9.234911579463117581e-01 9.151569457550750020e-01 9.035319839427842226e-01 9.184136471094027643e-01 9.188157867732977824e-01 9.260153640290387234e-01 9.126996649986962584e-01 9.245677509012441009e-01 9.138664683373343145e-01 9.205816097337793380e-01 9.258531414996038489e-01 9.308848501391139285e-01 9.265065099713085672e-01 9.235983802999259140e-01 9.238721733643883161e-01 9.189884898032295579e-01 9.209750081609079375e-01 9.254817754654840467e-01 9.217309504325430503e-01 9.285045072882794903e-01 9.202969179441021774e-01 9.275635643286239684e-01 9.286035024897010270e-01 9.287000243073872952e-01 9.168228280376308215e-01 9.258524377402849170e-01 9.134696401122094356e-01 9.152057981116092922e-01 9.190114056179851110e-01 9.146367793865999296e-01 9.244105185671072089e-01 9.202081701515002488e-01 9.233772448077167683e-01 9.224899322769797294e-01 9.247051570576122481e-01
-1.055638623975991251e-02 1.137529614515093296e-01 2.990102119341935261e-01 5.443240921141059285e-01 4.861400884962032709e-01 5.573258493959079019e-01 7.194639622155599712e-01 7.260893222819833071e-01 7.295555648629440393e-01 7.106893743836418809e-01 7.816363320269482662e-01 8.063466948746307317e-01 1.000000000000000000e+00 7.576524718734418684e-01 8.398868395507050888e-01 8.287874899204374923e-01 7.193509354373759379e-01 4.471367035109125587e-01 6.083180499100020455e-01 4.620501727449069507e-01 5.119475663462300652e-01 6.598324276366458463e-01 6.552053364238222821e-01 5.724812939338324025e-01 6.768164214524939881e-01 7.183195482048717606e-01 7.379375293214793796e-01 7.698150531667329322e-01 6.909094756178878471e-01 7.043730593824188979e-01 8.043679846174264236e-01 7.725488988337170237e-01 7.124060369271884019e-01 7.769018140672186989e-01 6.967514188085587312e-01 8.170773244418922943e-01 7.895570502388213896e-01 8.103229295118320463e-01 8.149855801409923162e-01 7.933396843767890338e-01 8.376973281172110930e-01 8.372624224745679467e-01 8.279591065482982959e-01 8.424366601131577648e-01 8.383079185015644974e-01 8.262154635834403349e-01 8.533789570797912782e-01 8.459171975868883253e-01 8.422972867893351312e-01 8.259644831744288318e-01 8.384855154133553645e-01 8.428083753102139086e-01 8.412820015702547893e-01 8.228753482092737714e-01 8.211586802763776172e-01 8.202358284066265659e-01 8.315186377532168827e-01 8.415738282062729114e-01 8.277351261464198640e-01 8.519148325433265612e-01 8.505805454491403017e-01 8.330989004640243500e-01 8.227329480528595695e-01 8.339090506964962346e-01 8.341791266076288291e-01 8.380153976651134595e-01 8.462663601828550597e-01 8.123352008397719537e-01 8.079687087858555827e-01 7.830000776750221103e-01 8.183229719971472083e-01 8.348256621218091977e-01 7.921826601997553619e-01 8.124107063985490651e-01 8.346463004638764449e-01 8.406151398219562365e-01 8.391593827902096292e-01 8.144372251451837963e-01 8.364085480093957914e-01 8.217317175523568551e-01 8.297086265277990869e-01 8.499179008200817842e-01 8.403636594050869491e-01 8.143015053344447862e-01 8.448391329060392918e-01 8.379623917591320081e-01 8.468207670744376525e-01 8.391516000074390469e-01 8.462729989496083904e-01 8.379874345869245955e-01 8.432603380991697817e-01 8.542723160109456648e-01 8.539056788118861707e-01 8.525120947563704643e-01 8.556778609406420211e-01 8.552313956301947906e-01 8.482661466397813932e-01 8.510653339322779010e-01 8.542245645813092425e-01 8.488634857189331084e-01 8.543304101010917861e-01 8.502414871447740996e-01 8.553248974802692972e-01 8.592890476063186345e-01 8.582707140309623339e-01 8.456804998190247113e-01 8.555479123739430092e-01 8.460498831188535407e-01 8.430462703589501894e-01 8.539585978455792592e-01 8.461393760038927736e-01 8.564385630095527890e-01 8.493276920863960244e-01 8.531548379646041180e-01 8.522117883082104273e-01 8.554409205797950388e-01
