1.000000000000000000e+00 1.590552244494230494e-01 1.597293173136715150e-01 6.269847655428789635e-02 4.470072879344445804e-02 -1.738699047423310521e-03 -5.120755003827939800e-02 2.303537205280595940e-03 1.520343404935093623e-01 9.767181876750825886e-02 4.663466844230246267e-02 2.097981346928191101e-03 2.002023140123915940e-02 -3.519084662109991241e-02 -7.645434118057840844e-03 2.345891067425680612e-03 1.792798980490640792e-01 3.124578395219554383e-01 2.081108340679192481e-01 3.034962371856049779e-01 2.459461084701058953e-01 1.508767960430287547e-01 2.807774081698051205e-01 2.459734989561493390e-01 1.293742825862408685e-01 1.416648929865740592e-01 1.659819070731233526e-01 1.325928404614073186e-01 1.645107684997892117e-01 1.747555239486807133e-01 1.613854001363632384e-01 1.867026058974158853e-01 1.146755074826303483e-01 1.414759010178311960e-01 1.428982506217564286e-01 9.283385476777684941e-02 1.447917892615729341e-01 6.695252641897955770e-02 5.797046176718433086e-02 7.732084671950785471e-02 7.355094277956047977e-02 3.340086359897965346e-02 7.551945961368892492e-03 1.610245303979506229e-02 7.217869020829138782e-02 3.952436199343847129e-02 2.857078923724066036e-02 4.399163748667162671e-02 2.716211697026349459e-02 5.757401830386461861e-02 4.943745120083248984e-02 5.015857754978884225e-02 2.969768303034676926e-02 6.885685772832873808e-02 6.341959565339250204e-02 1.004981416175472902e-01 7.416408560641896131e-02 5.540786133679045239e-02 5.414506607786854359e-02 3.183181952385378405e-02 7.916146508061612519e-03 3.981080719739577001e-02 3.183169939669965726e-02 3.122042102180161774e-02 7.444592863543873784e-02 7.035293150859332767e-02 5.215410955531625536e-02 1.048785629799548341e-01 1.084810952420758451e-01 1.356259040901784396e-01 7.872213530205093845e-02 5.803350854081407162e-02 1.091385230132193296e-01 6.917337381054193546e-02 5.750987036514566136e-02 6.437035562666916511e-02 3.552339271141544824e-02 6.187128942599991882e-02 3.687200537721308652e-02 7.713382322621487042e-02 7.077948156805907720e-02 7.153539613613131565e-02 7.847301339296300360e-02 5.253090848799286949e-02 4.071010636714399861e-02 5.599983691301732569e-02 6.409661147973333417e-02 2.416912912749780151e-02 2.616725009719555670e-02 5.394753115513507141e-02 2.174002820847064504e-02 1.026928377340855826e-02 3.509057257812572134e-02 1.339108979480024483e-02 9.939381061321677507e-03 2.124278009569084344e-02 6.717053745513661828e-03 3.775416319781057378e-02 1.377950576124312154e-02 9.184699911852766199e-03 -3.157833318716477336e-03 1.963741242935098177e-02 1.937719301614318490e-02 5.807187573350242396e-03 4.020053712130807616e-02 4.510906815751219989e-02 2.493123797978582037e-02 3.364456388244325274e-02 3.526694513394679903e-02 1.758466480971076704e-02 2.608399585287056455e-02 2.338118865578567643e-02 2.333327672374798864e-02 2.115458956549561356e-02 5.300590052614835568e-02 4.870409720827151984e-02
1.590552244494230494e-01 1.000000000000000000e+00 1.026056134549433868e-01 5.757212105556499399e-02 7.167128174876392921e-02 9.711026721837565101e-02 1.202475805568304773e-01 1.334675341021676620e-01 2.249006506043189635e-01 2.083459531060510017e-01 1.514708656123843755e-01 1.307148555321382410e-01 1.431872232312109139e-01 1.164213234167806171e-01 1.641442088701829949e-01 1.572574059158877435e-01 1.910347583253860781e-01 1.812436823101196970e-01 1.209860005825685592e-01 1.863074184988171011e-01 1.390595978661154919e-01 8.849182587059649385e-02 2.125314935010421402e-01 1.334847171598550486e-01 7.875389409059023460e-02 1.858482492314351420e-01 1.687468452684055265e-01 1.702061867254013316e-01 1.877507328645838802e-01 1.489060030656331191e-01 1.943701038653235513e-01 2.020783275450095118e-01 1.480823408945700914e-01 1.470451281588458781e-01 1.641192463108120114e-01 1.355555716625757856e-01 1.677181573602288811e-01 1.700578795849326807e-01 1.587180750112039129e-01 1.550304946184403454e-01 1.642901623720696702e-01 1.511287490592491678e-01 1.166889083847019171e-01 1.393937499391367796e-01 1.590159651326139845e-01 1.497735343382006201e-01 1.673100907474369681e-01 1.734805961827171894e-01 1.578346193243644058e-01 1.502595536953272859e-01 1.593201432099339288e-01 1.338328233389474431e-01 1.550720045551212123e-01 1.836232649995922228e-01 1.773584987200086394e-01 1.969217795332740550e-01 1.657302904504019125e-01 1.712656009049618178e-01 1.696828340735414831e-01 1.713023859798997739e-01 1.475658210741369603e-01 1.747844477383197759e-01 1.609470368906167348e-01 1.729346752951735899e-01 1.736704245669688229e-01 1.757945703704720530e-01 1.780236035460583677e-01 1.755250291293570242e-01 1.900729019983550261e-01 1.911200466120131225e-01 1.501784290824137169e-01 1.469495025024764590e-01 1.619290899048753674e-01 1.417026244881228192e-01 1.773309442589340867e-01 1.727729352562879517e-01 1.644941597388040466e-01 1.813215796039589767e-01 1.539519850128134304e-01 1.733913974853965312e-01 1.716301993451847530e-01 1.787879798543900722e-01 1.936746497438553982e-01 1.675475186500247071e-01 1.594447540201583968e-01 1.529276153051691844e-01 1.653068366695981395e-01 1.670673857535987794e-01 1.609257311320386463e-01 1.939564050913402948e-01 1.646190380294301758e-01 1.577329003311952471e-01 1.637605587813791008e-01 1.548965503187739734e-01 1.654094268633384823e-01 1.691302322996837415e-01 1.387784249009257065e-01 1.570445288177435839e-01 1.569766387362061810e-01 1.523641995650280856e-01 1.387567213206965799e-01 1.588325158247227697e-01 1.611915655799540936e-01 1.546132082843180433e-01 1.579817755491955411e-01 1.680284145067781898e-01 1.608320230522777838e-01 1.781613016954067819e-01 1.803548501334957255e-01 1.644637179773302260e-01 1.731797171687136927e-01 1.706317670910292850e-01 1.711937130013226616e-01 1.667926261167003710e-01 1.759873000421129097e-01 1.754790470251242351e-01
1.597293173136715150e-01 1.026056134549433868e-01 1.000000000000000000e+00 3.760223160955919464e-01 2.780380158177515604e-01 2.430461587770416931e-01 3.401657033947236286e-01 2.810236276746405637e-01 3.774605932381669415e-01 3.237967173941527776e-01 3.881612148352502900e-01 3.957281747218995283e-01 3.616214031782891136e-01 2.590868489483402759e-01 3.858184814688436215e-01 3.682550073760783582e-01 4.157949726627076514e-01 4.100038946310348709e-01 4.626109196230694387e-01 3.140442376728104779e-01 3.866028155378155584e-01 4.549898066760845738e-01 4.403637554916251529e-01 4.338651099186611182e-01 4.505155961604210835e-01 4.621872232312175255e-01 4.954572252896795592e-01 4.718674430105487816e-01 4.652004743138275500e-01 4.780563122694773681e-01 4.895235440132091886e-01 4.189138834331955219e-01 4.052900064727427143e-01 4.262199933406071173e-01 4.190596965346478631e-01 4.318862857257749766e-01 4.510223623641538837e-01 3.787177144295317821e-01 4.050323226545272104e-01 4.140427674601864783e-01 4.435892993878356449e-01 4.097365399054574975e-01 4.119234366661396751e-01 4.074526932749699681e-01 4.477347856197336773e-01 4.145829790197744780e-01 3.868935261407490667e-01 3.921187229473359626e-01 3.709405544575086200e-01 3.851801685316928459e-01 3.919408107832916266e-01 4.013109404614103037e-01 3.835245539475665155e-01 3.928707236561996274e-01 3.901260579530866357e-01 4.214423090063306176e-01 3.907998878735592374e-01 4.076953492502729537e-01 3.774963108894969221e-01 3.898590023642800051e-01 3.813940028203530730e-01 3.815236780489198454e-01 3.688875643498896184e-01 3.908260359605673639e-01 4.220154282183246619e-01 4.109452497382066749e-01 3.991458363675204346e-01 4.325487201797508785e-01 4.221940823571738166e-01 4.065117913710328823e-01 4.380826222863277164e-01 4.392031869083214968e-01 4.273610698696616028e-01 4.434740966869502032e-01 4.369719145958075313e-01 4.367385180319878768e-01 4.268167461442049504e-01 4.381509091965897773e-01 4.373088012525311874e-01 4.461829327772385834e-01 4.336809139158190884e-01 4.396310956559829064e-01 4.192960085595180963e-01 4.118096125562626941e-01 3.903365641018834431e-01 4.100388092285495722e-01 4.274377550020723171e-01 3.890596012352073307e-01 4.021044469877937955e-01 4.085405048531352556e-01 4.029144096276899289e-01 3.962407692060265774e-01 4.198310024747416436e-01 4.072324067787301272e-01 3.851527312754298160e-01 3.874116787260575845e-01 3.768699553810347380e-01 3.769142528332868891e-01 3.842261429525002381e-01 3.857472243533537903e-01 3.946698070796192392e-01 3.812018287939124006e-01 3.933580511683359426e-01 3.916140480369718069e-01 4.057397154258776673e-01 3.874544005781048184e-01 3.802722968918542112e-01 3.953917840945647688e-01 3.968045356772324506e-01 3.890904215856084702e-01 3.898115564551435375e-01 3.867800704709922766e-01 3.819712929966180837e-01 3.856384952700405711e-01 4.110299670641713310e-01 4.030411446263993391e-01
6.269847655428789635e-02 5.757212105556499399e-02 3.760223160955919464e-01 1.000000000000000000e+00 3.775325671061442456e-01 3.782019766300271368e-01 5.296399979768764421e-01 4.909891307110848535e-01 5.235489798373166304e-01 4.560415428657481063e-01 5.764371603771040187e-01 6.277857572324877511e-01 5.777318894612800682e-01 4.007556930657082406e-01 5.962099020734805688e-01 5.812858232482619458e-01 5.360097181607902384e-01 4.196822862537943344e-01 5.508552725995407018e-01 3.422581703946947496e-01 4.468061750641963426e-01 5.863773510111546239e-01 5.177144828328569259e-01 4.896765624702795194e-01 5.835307440936786660e-01 6.233081532271560476e-01 6.452586934703627985e-01 6.307932253829553471e-01 5.625261518024181617e-01 6.110984216724735241e-01 6.259086705062795186e-01 5.403912733837579196e-01 5.700173447118731529e-01 5.704207030407161261e-01 5.651311089542465638e-01 6.159482137376364186e-01 6.130130925422505594e-01 5.663416182732970983e-01 6.119591085786824092e-01 6.150260759905157304e-01 6.358496056701530286e-01 6.293217462992720668e-01 6.452215032044370524e-01 6.418011158062394417e-01 6.484807078128922431e-01 6.331397458125653799e-01 5.876476256282852084e-01 5.931843308787957403e-01 5.785721700978591064e-01 5.810367050487762475e-01 5.887737170554843136e-01 6.362416533275011554e-01 6.129718446793657183e-01 5.889998338285055146e-01 5.858633943148350287e-01 6.007444074879798590e-01 5.945078429255329366e-01 6.136191714634712246e-01 5.669910638540286429e-01 6.087529522116748026e-01 6.028318496370550506e-01 5.869147867394783891e-01 5.753711657778947108e-01 5.935800187049341536e-01 6.192753543289410967e-01 6.194338289031019462e-01 5.940140615693906279e-01 5.991577748642049617e-01 5.891702151424613731e-01 5.707576472188489181e-01 6.199858791318066942e-01 6.374166499629807525e-01 5.880792259447322756e-01 6.352185589773917673e-01 6.381673188089425075e-01 6.341987231285788340e-01 6.307244848315120000e-01 6.122972967682248635e-01 6.431510994359594946e-01 6.231402779895566235e-01 6.223927433249726304e-01 6.295340986713244824e-01 6.016292063319601535e-01 6.040675271449080785e-01 5.884632470119963710e-01 6.029170526745131209e-01 6.246386026987883477e-01 5.963537592993166658e-01 6.104676933233742497e-01 6.045530085861715586e-01 6.161999912619993136e-01 6.178279844126438602e-01 6.274511771342480282e-01 6.284339257016196001e-01 5.970711680610779615e-01 5.960701925027317438e-01 5.980025820050616225e-01 5.901624813962531579e-01 5.954662701055022378e-01 5.989249060905279531e-01 6.274171897406236598e-01 5.951434256521705990e-01 6.107599922304719486e-01 6.128313599375546650e-01 6.217313140027517226e-01 5.977279425775081645e-01 5.879763268814875987e-01 5.983173728539561420e-01 6.013349315552728447e-01 6.035255547879422311e-01 5.923387496882438485e-01 6.001887087492357997e-01 5.919905784763398460e-01 5.952729980094036977e-01 6.090616063575121641e-01 6.107610657015616340e-01
4.470072879344445804e-02 7.167128174876392921e-02 2.780380158177515604e-01 3.775325671061442456e-01 1.000000000000000000e+00 3.167887774794793110e-01 4.375471555903530096e-01 4.419131746438851871e-01 4.416422084436554263e-01 3.785008073368739123e-01 4.631972585346967319e-01 4.905989653678062279e-01 4.583572438162057394e-01 3.198569332735641257e-01 4.920166576072851350e-01 4.857201194035593028e-01 4.452727590398347646e-01 3.682304259991738271e-01 4.478392019221858478e-01 3.410190707983970504e-01 4.036786610246625440e-01 4.741767840894872132e-01 4.098013629319760542e-01 4.128596090609094049e-01 4.640467102572787272e-01 5.059810375551484496e-01 5.119469087232726423e-01 5.000841455288169701e-01 4.463330192889281567e-01 4.957018810784553642e-01 5.004636109960184376e-01 4.597608451592246626e-01 4.623907000317921123e-01 4.799406254477050493e-01 4.665110092810433873e-01 4.949744654167680946e-01 4.939188074443265353e-01 4.712275004055517247e-01 4.887032990901920559e-01 4.805882120922185252e-01 5.049587084011638582e-01 4.991728599310421566e-01 4.987431645432878757e-01 5.043314186463727644e-01 5.154926919832450993e-01 4.952253775646561218e-01 4.801737774370533063e-01 4.859066872282976624e-01 4.762800153867680630e-01 4.748213182962098822e-01 4.787332676480115512e-01 4.983113788009744249e-01 4.854043346199674591e-01 4.871124334728673122e-01 4.811216997933920325e-01 4.933346903773992431e-01 4.835309813829920533e-01 4.982631034779914092e-01 4.689317458530530836e-01 4.879953693191857456e-01 4.823075483212621584e-01 4.733707473562090984e-01 4.704579794416592353e-01 4.821789187041368163e-01 5.015362635024430693e-01 4.970471777474118058e-01 4.836033106045242169e-01 4.929367320420388054e-01 4.841517801256824960e-01 4.839381801256404381e-01 5.091855659545989621e-01 5.094350241840923665e-01 4.851980308455229873e-01 5.035108920927494625e-01 5.119134106418279373e-01 5.060654294682601639e-01 4.997063613484342137e-01 4.880029880170499990e-01 5.103473615994839063e-01 5.000010345110951215e-01 5.031769534967004409e-01 5.058499395285211975e-01 4.884769692321088153e-01 4.901712844011955617e-01 4.777535579480279293e-01 4.932466853716488964e-01 5.004144809954343964e-01 4.788303116796869263e-01 4.890523434210619080e-01 4.850845841574674133e-01 4.906096713524480402e-01 4.937160042220402612e-01 5.029963182485335249e-01 4.973084397063859963e-01 4.793933635756988942e-01 4.817635036329165898e-01 4.749086202061050810e-01 4.780409711069835144e-01 4.810597437749253302e-01 4.811675088686991342e-01 4.917406286713347785e-01 4.776881316645064657e-01 4.881007399625592047e-01 4.889347978138032236e-01 4.962959246998095431e-01 4.852476273988023947e-01 4.789223376437400370e-01 4.855759161937686641e-01 4.896183011133898866e-01 4.846625895523996030e-01 4.807621661378966849e-01 4.841640351151485500e-01 4.769071761625620076e-01 4.817596058356354849e-01 4.967129001664454258e-01 4.919112423452413618e-01
-1.738699047423310521e-03 9.711026721837565101e-02 2.430461587770416931e-01 3.782019766300271368e-01 3.167887774794793110e-01 1.000000000000000000e+00 4.818672479999822622e-01 4.229235077042163837e-01 4.725267425380483832e-01 4.240364790450499299e-01 5.175030809542435772e-01 5.408272365049449082e-01 4.966393152078032447e-01 3.562284580870243023e-01 5.364654310188913255e-01 5.351050157668558738e-01 4.776587089111533624e-01 3.790903613521176552e-01 4.531392932068294410e-01 3.000862749898669524e-01 3.791349607119317566e-01 4.559085924535408729e-01 4.309232321671085386e-01 4.192598330019041142e-01 4.583099002236490915e-01 5.187573150037403380e-01 5.183267778435418638e-01 5.203420363538020510e-01 4.764229429822007256e-01 5.129485588473822189e-01 5.279903576795785813e-01 4.956361319218042794e-01 4.775117693462515578e-01 4.852016812514517996e-01 5.024546294505298771e-01 5.041588647367163389e-01 5.228435464547794842e-01 5.157813821338979032e-01 5.354892139006055540e-01 5.250726772734406467e-01 5.545922563403050676e-01 5.504944235046611567e-01 5.453226614832233921e-01 5.569389860834360606e-01 5.557413466975097416e-01 5.601342780665169441e-01 5.487330977920790165e-01 5.552425390124868798e-01 5.407101466126504885e-01 5.243139307759332457e-01 5.322951110712557110e-01 5.437367516736555384e-01 5.510710609217900346e-01 5.534792960843896159e-01 5.495457984893029613e-01 5.497385984772434897e-01 5.478424551983617219e-01 5.531750848949547050e-01 5.444097262479251631e-01 5.545422007344772419e-01 5.515943618274562477e-01 5.471643962756783663e-01 5.428298563270026467e-01 5.462646223131631951e-01 5.527307881492523611e-01 5.573219443456636224e-01 5.482730507787281216e-01 5.476777291451181418e-01 5.412349588694242986e-01 5.243040442558721814e-01 5.533581290650028128e-01 5.564101374629004670e-01 5.333152228665549721e-01 5.531209282916647041e-01 5.612458891650350390e-01 5.621853714588624928e-01 5.606772375308007872e-01 5.493499232115642839e-01 5.660629456054193653e-01 5.603325818668382086e-01 5.582814012272158122e-01 5.617171833171006323e-01 5.519672114260006923e-01 5.494246810249470148e-01 5.393733261294161307e-01 5.453899058149079826e-01 5.549165294044784424e-01 5.495754001922364962e-01 5.550901711235944891e-01 5.514435928719122471e-01 5.486541387488592658e-01 5.591575414844646152e-01 5.640497775523646284e-01 5.622555101041701864e-01 5.523985712243097979e-01 5.544115385642838234e-01 5.492822613655330422e-01 5.485847536191198470e-01 5.557612349734404322e-01 5.475248578692087920e-01 5.593381599106126423e-01 5.552144836014214491e-01 5.564686525495562419e-01 5.578948975103784624e-01 5.608011646633025427e-01 5.583469300423681281e-01 5.508285749619937777e-01 5.560161449654463794e-01 5.610123802053065267e-01 5.559757303387655725e-01 5.560738493769533664e-01 5.567483053435785534e-01 5.550636199056069309e-01 5.546606643483901200e-01 5.549232462473842054e-01 5.603719535175951671e-01
-5.120755003827939800e-02 1.202475805568304773e-01 3.401657033947236286e-01 5.296399979768764421e-01 4.375471555903530096e-01 4.818672479999822622e-01 1.000000000000000000e+00 6.745623665837027216e-01 6.825567034661672583e-01 6.295963665504068496e-01 7.304924390311110516e-01 7.593685244847436788e-01 7.160366477365945892e-01 5.631162723970797312e-01 8.246012014211016039e-01 7.753696320605129033e-01 6.650088957923691035e-01 4.614858551156895139e-01 5.789340618866060106e-01 3.488275570031483253e-01 4.665428731717738975e-01 5.981131953532062839e-01 5.353349345209240662e-01 5.539080191493365168e-01 6.134675787831910254e-01 6.993663886379307693e-01 7.000447570270662556e-01 7.283597428170567323e-01 6.395820159702912955e-01 6.768397816510286491e-01 7.292805795595148632e-01 6.755261020021665619e-01 6.779339117451359531e-01 7.053666018449957775e-01 6.772193771182198896e-01 7.275419653418232491e-01 7.300081029612024430e-01 7.537264190139411069e-01 7.756326920168039596e-01 7.402452389441691594e-01 7.755829104645037830e-01 7.937602619250200275e-01 7.885092120476461242e-01 8.012524275849920441e-01 7.833993786060597930e-01 7.894381919376941559e-01 7.818815222960288081e-01 7.739672145506708567e-01 7.614296728691292149e-01 7.362217289255265085e-01 7.566348988123576813e-01 7.612006527951912238e-01 7.796167129033616527e-01 7.518431198705851637e-01 7.409066808242985580e-01 7.421780152146297826e-01 7.304046743130562236e-01 7.816277760006981046e-01 7.415039689595535055e-01 7.888115083401130434e-01 7.900510923541138597e-01 7.649010259476529683e-01 7.455937324871617644e-01 7.805609282386879455e-01 7.710328273328453941e-01 7.638357366593894193e-01 7.813366409017189484e-01 7.583562679161466313e-01 7.503743176422682515e-01 7.045528936290618160e-01 7.602869362803303943e-01 7.785471620334878384e-01 7.494907441933493786e-01 7.706752958311934298e-01 7.902415910055372583e-01 7.873131985585937187e-01 8.029936519007251361e-01 7.718521472708129716e-01 8.001488460439099004e-01 7.731781950853801044e-01 7.868880823595080232e-01 7.882775353361985982e-01 7.698058893469327257e-01 7.767962528770521180e-01 7.771092367454912608e-01 7.844588418878291058e-01 7.871719349618593320e-01 7.917613337100301019e-01 8.004152135693957115e-01 7.761352086741156731e-01 7.994130857956253111e-01 8.038572186591106394e-01 7.976599640314285811e-01 8.060758657789142134e-01 7.910541047574289886e-01 7.857530915743572431e-01 7.779362586762644804e-01 7.627179731110987904e-01 7.833069534926881961e-01 7.895544916785642853e-01 8.050086959973390410e-01 7.804573754208743441e-01 7.878879232870955596e-01 8.002371657548102979e-01 7.887800093129762047e-01 7.657133846145400824e-01 7.764233261488118210e-01 7.859785226115034718e-01 7.817721985652916761e-01 7.890658595272309617e-01 7.813949102146749981e-01 7.898736417803117194e-01 7.806068775750757416e-01 7.897944984173630445e-01 7.842199823031313910e-01 7.766893652095435696e-01
2.303537205280595940e-03 1.334675341021676620e-01 2.810236276746405637e-01 4.909891307110848535e-01 4.419131746438851871e-01 4.229235077042163837e-01 6.745623665837027216e-01 1.000000000000000000e+00 6.786989864871213474e-01 6.161959041065468989e-01 7.018833083583922994e-01 7.394012190683789676e-01 6.866966663061678799e-01 5.025585093087689970e-01 7.626668657741731971e-01 7.634318060452284227e-01 6.427338333511252166e-01 4.834485798211574092e-01 5.538407710183714805e-01 4.241476759552073594e-01 4.948028045137365938e-01 5.608363413813203247e-01 5.384048286685138018e-01 5.147644590060352909e-01 5.529360650451385917e-01 6.790201069046030158e-01 6.695611617926118253e-01 6.957994212843507942e-01 6.148250713294973746e-01 6.589307926906976531e-01 6.912565479603641760e-01 6.772187222089496306e-01 6.779219084192679157e-01 6.755312612443100662e-01 6.842940378848358929e-01 7.028378153656528182e-01 7.035873260892440140e-01 7.540752163344563996e-01 7.549796777221330357e-01 7.353169288502821033e-01 7.445219699012216585e-01 7.634494307456937134e-01 7.499798081666536609e-01 7.707206593347148971e-01 7.515712998557854130e-01 7.676782847842115176e-01 7.659312875537681586e-01 7.612663043130215579e-01 7.551132008765029102e-01 7.424255723600020618e-01 7.533990612027985367e-01 7.360559993421664782e-01 7.610383702110832260e-01 7.495649510070684363e-01 7.421615585653140723e-01 7.394830477662782675e-01 7.452582961518265936e-01 7.641551614530235348e-01 7.480992962645786060e-01 7.717677752379956679e-01 7.672478060760336005e-01 7.642760608723411231e-01 7.507149723602859481e-01 7.662082965324852335e-01 7.533392332755033394e-01 7.590038672225083438e-01 7.603009786830415839e-01 7.426721518512274800e-01 7.382310255514883401e-01 7.226596949328699671e-01 7.403603017949167420e-01 7.462060940398648201e-01 7.179799992140170062e-01 7.257032770147783252e-01 7.627878939944320313e-01 7.619545355892323180e-01 7.665661785631080472e-01 7.459232518723930561e-01 7.652017643204233055e-01 7.519742683923746895e-01 7.617028386685358310e-01 7.571582853057555740e-01 7.555499907957731187e-01 7.612190555546336501e-01 7.583955650830435102e-01 7.557513020682834481e-01 7.592078981746513966e-01 7.729039319618046244e-01 7.709258639870446572e-01 7.588132707085525341e-01 7.727561463507904849e-01 7.740987553991681702e-01 7.696871738012532882e-01 7.729846149346577544e-01 7.687370494072033322e-01 7.675635546259673703e-01 7.596837797098943135e-01 7.529054297566591947e-01 7.635260511316839249e-01 7.711873210937486567e-01 7.724549007042048610e-01 7.670102075359963578e-01 7.650957335470148779e-01 7.720226237251456292e-01 7.664512523514797060e-01 7.560404112333403148e-01 7.607631038513300581e-01 7.659968935257855938e-01 7.659051928446906077e-01 7.705145432877911205e-01 7.657329106712938982e-01 7.698013492757977971e-01 7.658876291359321131e-01 7.692812109790473363e-01 7.655678825468905657e-01 7.617709273894056610e-01
1.520343404935093623e-01 2.249006506043189635e-01 3.774605932381669415e-01 5.235489798373166304e-01 4.416422084436554263e-01 4.725267425380483832e-01 6.825567034661672583e-01 6.786989864871213474e-01 1.000000000000000000e+00 7.670681841757057695e-01 8.065735178187862786e-01 8.186845351234056656e-01 7.614039048125232911e-01 5.811382490799489320e-01 8.245688288107979602e-01 8.273543532356119057e-01 7.992077653012227278e-01 6.403464294432702486e-01 6.849031855606294572e-01 5.724462176240142641e-01 6.034451240212155287e-01 6.539030734737617534e-01 7.011194671069369555e-01 6.672406449387243699e-01 6.437689549228108321e-01 7.876298593003164816e-01 7.887743015401822433e-01 8.057045287756784413e-01 7.457856503805410098e-01 7.839002680410488422e-01 8.264609218756111542e-01 8.452451650734281730e-01 7.893092575277269596e-01 8.056428232941064138e-01 8.129502356227581439e-01 7.943582911077757824e-01 8.428412435161195537e-01 8.666517196489285091e-01 8.623035114927102285e-01 8.361978622295658248e-01 8.661114716519294765e-01 8.627809501601043651e-01 8.274124084635903209e-01 8.582976374804852648e-01 8.549894132007910263e-01 8.622218088702312544e-01 8.782518745784763103e-01 8.836222141774620065e-01 8.676230056684222092e-01 8.534099682901716832e-01 8.690764144750943165e-01 8.250305057003157749e-01 8.617820379755963822e-01 8.746058175735590412e-01 8.627781684140953811e-01 8.685426601879826514e-01 8.606950049026573790e-01 8.777286323530275602e-01 8.678943149767718301e-01 8.790839024675262126e-01 8.657872190484287023e-01 8.746889546314324804e-01 8.595953738660827570e-01 8.734254619888931481e-01 8.769073521930697002e-01 8.763829807090464108e-01 8.854014316292031506e-01 8.744498416965389431e-01 8.791161460404083305e-01 8.591088107558791931e-01 8.512336562877687030e-01 8.555034489881411242e-01 8.561335266016085743e-01 8.391786891287827954e-01 8.759402901126800423e-01 8.794346914635550183e-01 8.706273647988193032e-01 8.674862153416221799e-01 8.666543159085741133e-01 8.744703005237668414e-01 8.805655674683803280e-01 8.799399619501561132e-01 8.842962647868107817e-01 8.758472919409977520e-01 8.754489888836505251e-01 8.727401517970314604e-01 8.793015950058695740e-01 8.821002540860538588e-01 8.803220550029468017e-01 8.795231457558204680e-01 8.732467697651364880e-01 8.749548061204949212e-01 8.776974757640858549e-01 8.742553286022193282e-01 8.770047587979191706e-01 8.822705981342455761e-01 8.608165219910184351e-01 8.717312237704993860e-01 8.767085119583650776e-01 8.715702284893328544e-01 8.601078739629590686e-01 8.746672937313649809e-01 8.745857934797685029e-01 8.745048368334382705e-01 8.753345931690481585e-01 8.746694019098486539e-01 8.775718276635489090e-01 8.842343479511083348e-01 8.806024626916759690e-01 8.792453066117933425e-01 8.811184129506984819e-01 8.817402409070532743e-01 8.796132523928370528e-01 8.795737128713952968e-01 8.842049862928598181e-01 8.830508794757242486e-01
9.767181876750825886e-02 2.083459531060510017e-01 3.237967173941527776e-01 4.560415428657481063e-01 3.785008073368739123e-01 4.240364790450499299e-01 6.295963665504068496e-01 6.161959041065468989e-01 7.670681841757057695e-01 1.000000000000000000e+00 7.258043282791102335e-01 7.453674918753238066e-01 6.864305552821821088e-01 5.444585111425968016e-01 7.664534803565179466e-01 7.682688757694550175e-01 7.079379672414793934e-01 5.675098449664491840e-01 5.951953979094095626e-01 5.105905476142296173e-01 5.350210675449634801e-01 5.660654173851698001e-01 6.297122141111931581e-01 5.825787744208228425e-01 5.577228497215654945e-01 7.042806425519725355e-01 6.964740926906645146e-01 7.167391951828049335e-01 6.597951660888661252e-01 6.861651137101324460e-01 7.355929965334154774e-01 7.513876996462075519e-01 6.896771900934486332e-01 7.083629208644229847e-01 7.260352735329171914e-01 7.069317848745804156e-01 7.533156903877482602e-01 7.870696529573323330e-01 7.789500196704876034e-01 7.452325463644959846e-01 7.781313488190386707e-01 7.795129304394653458e-01 7.432403598145215229e-01 7.765488036762115964e-01 7.680993938770808160e-01 7.791793136503891715e-01 8.033454835668327743e-01 8.077025181852905966e-01 7.928041341014463450e-01 7.685309998011869981e-01 7.874926597429559028e-01 7.442780262999718621e-01 7.823014744265590625e-01 8.005009973315739824e-01 7.930779203408512279e-01 7.934491439190879403e-01 7.827520950226979357e-01 7.967672684113674686e-01 7.909156769594763992e-01 8.047459001329232420e-01 7.888255934223795673e-01 8.025590712145876937e-01 7.878863928734943789e-01 8.007803824305319562e-01 7.928813184993065422e-01 8.008593898088041119e-01 8.076286400460994663e-01 7.937189167126047495e-01 7.993787177721869419e-01 7.797885640638873017e-01 7.663642479757405424e-01 7.714190049865551346e-01 7.740780252325456523e-01 7.572958960496322112e-01 7.965264908225333507e-01 7.976653337412704659e-01 7.889922221416061365e-01 7.859929837384526108e-01 7.846877393965071557e-01 7.933134925392426595e-01 7.988007862298484030e-01 7.950732198295913378e-01 8.090118961328123248e-01 7.953445853968261758e-01 7.959875186663852853e-01 7.907057811958863036e-01 7.967028219826771673e-01 8.068622241375547066e-01 8.012653692061955102e-01 8.074097293957858135e-01 7.927667281207355643e-01 7.963412035474518591e-01 7.970605219263218189e-01 7.948528287075199428e-01 8.037283068222572657e-01 8.079698714701367690e-01 7.795127240124594126e-01 7.974813230826413024e-01 7.982745394390601268e-01 7.904889734814771751e-01 7.801295640024732414e-01 8.008618185252684984e-01 7.965537949197099010e-01 7.966525253384760807e-01 7.952401628338880979e-01 8.014710250488146226e-01 8.027263262994662751e-01 8.109837703544818810e-01 8.083717972372608251e-01 8.033746273619962741e-01 8.085488962367015642e-01 8.071223937023621620e-01 8.076181742601152846e-01 8.059345412453929880e-01 8.038848377112167709e-01 8.066614264474625262e-01
4.663466844230246267e-02 1.514708656123843755e-01 3.881612148352502900e-01 5.764371603771040187e-01 4.631972585346967319e-01 5.175030809542435772e-01 7.304924390311110516e-01 7.018833083583922994e-01 8.065735178187862786e-01 7.258043282791102335e-01 1.000000000000000000e+00 8.626494651823729543e-01 7.863058322459934857e-01 6.081190424507082470e-01 8.601491230661422183e-01 8.517765645293972065e-01 7.892561675438012347e-01 6.173446492864844704e-01 7.106723479597253368e-01 5.069378285896773972e-01 5.967416660167519371e-01 7.102461022777426525e-01 6.750491828762601454e-01 6.859112697797328240e-01 7.103493657421094953e-01 8.050317100087179822e-01 8.154659100856589404e-01 8.258091086957988214e-01 7.455567360489884221e-01 7.948157485623663643e-01 8.385881658190945664e-01 8.179708327865031769e-01 7.846784717455942415e-01 8.238251361943027540e-01 8.058929808271049211e-01 8.342728852332450540e-01 8.494970843991798137e-01 8.590654685685278347e-01 8.799987969086860984e-01 8.488172565464666697e-01 8.858728433855432849e-01 8.895508406104896126e-01 8.761209461376117114e-01 8.966038419102846380e-01 8.889650381078896269e-01 8.845476515224631742e-01 8.904429376418313558e-01 8.906142638473636408e-01 8.748447152649254654e-01 8.622946822801818012e-01 8.733046652032142587e-01 8.643376600930846587e-01 8.860970403872726608e-01 8.729596640209281722e-01 8.646450601298742988e-01 8.651304632576002351e-01 8.620049959402105166e-01 8.892416104964078194e-01 8.657071291035824956e-01 8.949464151099002507e-01 8.935895884735377548e-01 8.807203373839791460e-01 8.667764321825701668e-01 8.874081330818449631e-01 8.923046761077346734e-01 8.889783551920062976e-01 8.971763090418124476e-01 8.880589506457241544e-01 8.778038896130908597e-01 8.482622489842287505e-01 8.793554360922806179e-01 8.942647895834067162e-01 8.744829357669530179e-01 8.821883858376481369e-01 8.982712669431961450e-01 9.009526299321175546e-01 8.972103409984497624e-01 8.824956528807543776e-01 8.984954623103607041e-01 8.910196281555535780e-01 8.976815442810788248e-01 9.014094529913354581e-01 8.889967748402158865e-01 8.883350708796313722e-01 8.885326704634624040e-01 8.957804530679998045e-01 9.029555227098357006e-01 8.955113047940854720e-01 9.024131910734186635e-01 8.847867009628195278e-01 8.976846483795218878e-01 9.014587297336036364e-01 9.040776487228059377e-01 9.027508993873896159e-01 8.967214869921894538e-01 8.967205291186949312e-01 8.855148310939637835e-01 8.850151477145286050e-01 8.942010888641298560e-01 8.927498111673715098e-01 8.997815492360579093e-01 8.917137306253987150e-01 8.965883656165190008e-01 9.010704589700040401e-01 9.010610713881062050e-01 8.863493756250858668e-01 8.905743710007413272e-01 8.959894681478474121e-01 8.928187265059861488e-01 8.981589368552119756e-01 8.920887550395878440e-01 8.985366835002219776e-01 8.922481526354064663e-01 8.969309310240398680e-01 8.995987771855036286e-01 8.955079657156559403e-01
2.097981346928191101e-03 1.307148555321382410e-01 3.957281747218995283e-01 6.277857572324877511e-01 4.905989653678062279e-01 5.408272365049449082e-01 7.593685244847436788e-01 7.394012190683789676e-01 8.186845351234056656e-01 7.453674918753238066e-01 8.626494651823729543e-01 1.000000000000000000e+00 8.214552297321755514e-01 6.251428806028028751e-01 8.924161439726355782e-01 8.915711858093740005e-01 7.915539934350385165e-01 5.909621508214928376e-01 7.051422026030312873e-01 5.074627007402777723e-01 6.018807236303123087e-01 7.228978513594214172e-01 6.703363944089418824e-01 6.613203362544493036e-01 7.170139499492165225e-01 8.275731469440954502e-01 8.350598125559104412e-01 8.437921826086139943e-01 7.545175364897128700e-01 8.093892112598086719e-01 8.534484244293374378e-01 8.298743484260581171e-01 8.175510327306628744e-01 8.282077890753034577e-01 8.266919529994558591e-01 8.476537150417137179e-01 8.630164365231589585e-01 8.945457818942584849e-01 9.071757727764360180e-01 8.811490647349063954e-01 9.166860495966832056e-01 9.237407171620644064e-01 9.108042224230202821e-01 9.330083327425064965e-01 9.145861085568387505e-01 9.229960477701356636e-01 9.248229933275053938e-01 9.257196220164402023e-01 9.172497471915503908e-01 8.992376011711062933e-01 9.116133783206076258e-01 9.016330935293198623e-01 9.247603793948458994e-01 9.083950747001973136e-01 9.011572841431878533e-01 8.956217277634875851e-01 9.047347132055633123e-01 9.268345707548827361e-01 9.052573160176248246e-01 9.331628299636591795e-01 9.313321438753764392e-01 9.206436908944637398e-01 9.088888122762076582e-01 9.251026240375732623e-01 9.213742180300750206e-01 9.271711430370462859e-01 9.251339845549421126e-01 9.055755760110979491e-01 9.011654268378842536e-01 8.756975317953014093e-01 9.076614513896118508e-01 9.210812092324492939e-01 8.849748465317367474e-01 9.033376827693079258e-01 9.328103709056110304e-01 9.332147563230080989e-01 9.299876190491204175e-01 9.094134020461311918e-01 9.302639408868613735e-01 9.185809640742496063e-01 9.257589992773054277e-01 9.276297594419135040e-01 9.171627906870806202e-01 9.207693324071909435e-01 9.184159649266036007e-01 9.202156685776752276e-01 9.268730690520557980e-01 9.290895295351373484e-01 9.328082527632793886e-01 9.185186365319438773e-01 9.300755091364640847e-01 9.370461632146975806e-01 9.363658336910656299e-01 9.386543353242408072e-01 9.338966479335202298e-01 9.318698216187087935e-01 9.240970036863180859e-01 9.229993138692734744e-01 9.311057354976216560e-01 9.296036335976832765e-01 9.331689994752205841e-01 9.302447567168410369e-01 9.334909003518945259e-01 9.371340670492770419e-01 9.336733327621500322e-01 9.249212769277300739e-01 9.283512381406435754e-01 9.315423305041203861e-01 9.301802077162366622e-01 9.341180006949418857e-01 9.298835875873652235e-01 9.338689108435235253e-01 9.303134173802158902e-01 9.311865009263163850e-01 9.299901560463422756e-01 9.324991244928654277e-01
2.002023140123915940e-02 1.431872232312109139e-01 3.616214031782891136e-01 5.777318894612800682e-01 4.583572438162057394e-01 4.966393152078032447e-01 7.160366477365945892e-01 6.866966663061678799e-01 7.614039048125232911e-01 6.864305552821821088e-01 7.863058322459934857e-01 8.214552297321755514e-01 1.000000000000000000e+00 5.777781109127577697e-01 8.295571205460318120e-01 8.296720910849135766e-01 7.352438884367245020e-01 5.546503460503938721e-01 6.522233363900052927e-01 4.686476126696912936e-01 5.539979303279745082e-01 6.634837749087243441e-01 6.334079404564102456e-01 6.211807424901665264e-01 6.607322738399835638e-01 7.597037200192471307e-01 7.648270049393672831e-01 7.764479548054776803e-01 6.833477870837286750e-01 7.497886445261496835e-01 7.904074921529907760e-01 7.683549432292634540e-01 7.399398864121694563e-01 7.694142558493000106e-01 7.615328233333319430e-01 7.872412544902590570e-01 8.024722300234992112e-01 8.176402691935680256e-01 8.346645597727799792e-01 8.010917645303334833e-01 8.478440480097961807e-01 8.498905056429090221e-01 8.378564318656829268e-01 8.573077284146873867e-01 8.460645947964023916e-01 8.495508160667438746e-01 8.542705723615878766e-01 8.547668915024306813e-01 8.414394442553055908e-01 8.225965199489120305e-01 8.323368763594392039e-01 8.352664754084012655e-01 8.508751453622357408e-01 8.385456770732225840e-01 8.236543013424164617e-01 8.250204802774026014e-01 8.279974588952558889e-01 8.549083993719930330e-01 8.252973149922659957e-01 8.626399893345331193e-01 8.574823735986949469e-01 8.445757484433495943e-01 8.271899770290175313e-01 8.547061145574768037e-01 8.562703480027491487e-01 8.547562456364268257e-01 8.569986396575256515e-01 8.401060048311133066e-01 8.347491849720544144e-01 8.079312823316622261e-01 8.367014450356831112e-01 8.546541426524640883e-01 8.245281927607924777e-01 8.367760722270031204e-01 8.609546589577334874e-01 8.600879973187941507e-01 8.563326966098115944e-01 8.336939857470292425e-01 8.604133209663613613e-01 8.514740439330724664e-01 8.575758049436870145e-01 8.575925866498330663e-01 8.516049447788602844e-01 8.503392792349627749e-01 8.491324106009726647e-01 8.527728995470214013e-01 8.593796118400438555e-01 8.577909912095995626e-01 8.642909753129461858e-01 8.491642263102193722e-01 8.584684095954678851e-01 8.663598563012385734e-01 8.654614671196354525e-01 8.680638669055572576e-01 8.621156032680398207e-01 8.623328190180902242e-01 8.498056482607586615e-01 8.537968141536002031e-01 8.601151443017331921e-01 8.543334486442599740e-01 8.625205892273879460e-01 8.581170077485951175e-01 8.621606916850689251e-01 8.665759137082568175e-01 8.653497871434970845e-01 8.531689760010064960e-01 8.584945718177959817e-01 8.616011976089694713e-01 8.579988765787266436e-01 8.622424486291675461e-01 8.568264961706899552e-01 8.643392580984510243e-01 8.583831725231326759e-01 8.626551671153928069e-01 8.618628429458652374e-01 8.621655748462320190e-01
