1.000000000000000000e+00 1.274605802870606153e-01 1.154770065120290512e-01 5.448979062907158277e-02 6.154775981851599235e-05 1.536556315454228397e-03 1.409766261162531675e-02 2.216126519476996348e-02 1.801053548494237766e-01 1.927089627041356570e-02 6.283867133038852082e-02 2.363089076438687833e-02 2.260821595581448754e-02 -1.244018246255177915e-02 5.590982373773920218e-03 4.153685714496588299e-02 1.220672477750545104e-01 1.810837408504822332e-01 1.206606531592609444e-01 1.540595126052367869e-01 2.016320035251781551e-01 1.278646395897218846e-01 1.617899573293906101e-01 1.523279010804829414e-01 1.362796514679983362e-01 1.052815855264215839e-01 1.070074909016404535e-01 9.393459948565899276e-02 1.703534586983297128e-01 9.959970412078811286e-02 4.828626701349913314e-02 9.425526061415287482e-02 8.331477365021547343e-02 1.032405714438536237e-01 1.039234865788222772e-01 8.444987635317958985e-02 8.967578173059058411e-02 3.635884587862475703e-02 4.635692914716749852e-02 2.521816959924890952e-02 3.936824627391805054e-02 1.765201158105862700e-02 4.853586188686040762e-03 3.449260503320213805e-02 4.834876508300549325e-02 2.496766968577276979e-02 7.080433501671143555e-03 4.173398938112894002e-02 2.166370095254519998e-02 5.470189017108829238e-02 1.897300838721311528e-02 8.230207243156348329e-02 3.671545816936611084e-02 6.520133990467409657e-02 5.535576969866013580e-02 6.947337392919175625e-02 8.150377446628025158e-02 2.637747137473326481e-02 1.902784701605286788e-02 3.566231184398421794e-02 1.971095631860044287e-02 3.348681181664923956e-02 2.812934819088846669e-02 4.064032694020668079e-02 9.531914646091435572e-02 8.847384207736991302e-02 3.777901772378114420e-02 4.750427049181302902e-02 6.912311414327504400e-02 6.093273671779977918e-02 6.219173669077444205e-02 4.546275694193153277e-02 7.123604625386649458e-02 6.693137994538268798e-02 3.862306511114597940e-02 3.999337128760040855e-02 3.476563488116686529e-02 6.914378059122901210e-02 2.847756097555223867e-02 3.306807089633286706e-02 3.794160760353899181e-02 2.326778345722643748e-02 7.523665701171297626e-02 4.875052045180045673e-02 3.939390340383563255e-02 5.106715847577911194e-02 3.217944339796768860e-02 1.580205461291444430e-02 1.584109788752754641e-02 5.321685065152066685e-02 1.940418032889320091e-02 1.329396474992516029e-02 2.660655194388860528e-02 7.531777829684681118e-03 6.520195302120339494e-03 1.683298870520440541e-02 2.754802537772228083e-02 6.409400475259449670e-02 1.383701324076822003e-02 1.840320704513591712e-02 -1.996670785280750884e-03 2.550134207256705629e-02 2.095267786017985731e-02 1.024400695430097846e-02 4.980610075672761705e-02 5.913186127872210873e-02 2.938198612501978502e-02 3.524565905696980250e-02 3.681430787512929292e-02 1.908168946402534830e-02 1.483434401236557836e-02 1.723047470568770528e-02 2.000908349870687136e-02 2.660096057759973875e-02 5.898476700466352002e-02 5.262705002989578190e-02
1.274605802870606153e-01 1.000000000000000000e+00 7.995733812496315374e-02 4.860533598762373925e-02 6.390597103403850010e-02 7.898439472517637672e-02 1.461474606680489563e-01 1.181456787938582886e-01 1.932073269315237318e-01 1.817436746935601477e-01 1.696187212230682584e-01 1.238042110632022741e-01 1.343159249792975629e-01 1.236518999070345404e-01 1.509049801630644172e-01 1.412875158718764623e-01 1.796767694145163796e-01 1.473436988242833035e-01 1.556360317882746480e-01 7.044027283556346386e-02 1.352411946766665374e-01 1.690055637805598088e-01 1.633793067248996700e-01 1.222088479127241278e-01 1.517388176018419910e-01 2.185020946074259784e-01 2.003358344876905728e-01 1.929656316911583236e-01 2.125505718741410588e-01 1.930481109199012058e-01 1.990123907941937775e-01 1.703749202633731696e-01 1.641707305697511221e-01 1.513686456217702148e-01 1.724840406822091832e-01 1.567344445756146676e-01 1.844830317253063623e-01 1.721963653032500263e-01 1.835809357796436003e-01 1.675471389720176729e-01 1.841551745422486674e-01 1.730318690870213949e-01 1.468686420811044502e-01 1.678825568293387249e-01 1.788742437897484494e-01 1.850010543769730342e-01 1.577344904837998107e-01 1.747280769076288709e-01 1.604751876202232808e-01 1.362582608504937232e-01 1.450238942946008303e-01 1.268672461323476774e-01 1.419656880057340309e-01 1.771394900384684334e-01 1.754146843795662825e-01 1.841850153525519396e-01 1.553027611052832380e-01 1.739774603199056024e-01 1.499645233615967133e-01 1.624080906426627613e-01 1.505446500532452436e-01 1.574467369694508012e-01 1.483062343178343789e-01 1.501374783719203743e-01 1.816637434682973895e-01 1.667698694780829494e-01 1.701746473378091817e-01 1.739064558262156668e-01 1.706671031416996387e-01 1.420924018234718533e-01 1.716737599495957445e-01 1.793124365459854708e-01 1.562137569022679917e-01 1.629173500845813305e-01 1.780510193164878963e-01 1.776159734798149203e-01 1.794766140100709506e-01 1.933464021240590969e-01 1.819988221855789734e-01 1.774812567923075013e-01 1.777254991757335756e-01 1.791595585828741899e-01 1.866218993287021011e-01 1.755941589709678619e-01 1.593400795869513442e-01 1.638644743487563393e-01 1.739555211128183398e-01 1.651464108989056656e-01 1.736607371369426056e-01 1.913171295356555224e-01 1.756399688495717537e-01 1.718167879036929246e-01 1.739422257424531604e-01 1.723634327333388727e-01 1.627973160790090745e-01 1.671305482965994293e-01 1.514180092981707859e-01 1.583424775544561569e-01 1.580635165258895969e-01 1.592313351708294356e-01 1.560263227735544378e-01 1.617756818919345030e-01 1.552198962334732646e-01 1.619849182568210144e-01 1.644417496752700880e-01 1.696658399606524315e-01 1.638958231594243031e-01 1.755116064690754873e-01 1.805311793614161886e-01 1.665021422259158335e-01 1.731579658430137392e-01 1.652519237409340314e-01 1.652952237337743657e-01 1.618917149116781973e-01 1.740112055481055076e-01 1.679523330379069090e-01
1.154770065120290512e-01 7.995733812496315374e-02 1.000000000000000000e+00 2.819129025380417430e-01 1.733685507847226026e-01 2.094752456322733492e-01 3.233930613813331134e-01 3.134412265546888676e-01 3.613874248163407854e-01 3.373084171265527953e-01 3.750346345737728959e-01 3.575359531509612609e-01 3.268241107257173206e-01 2.842745922185804797e-01 3.626596127152713622e-01 3.656392969522025416e-01 3.605775358360591154e-01 3.345333773748572770e-01 3.564314364273056257e-01 2.708251316307315748e-01 3.520021540684618033e-01 3.799576965106314375e-01 3.398399864432452566e-01 3.302875805990455604e-01 3.535451887893536482e-01 3.715600418085761025e-01 3.851629701452633503e-01 3.739538505472271845e-01 3.708019927588117604e-01 3.931805041624316654e-01 3.917720944644945691e-01 3.839435737759932521e-01 3.541383806760580732e-01 3.761748251103501084e-01 3.767688101137340873e-01 3.642831609238394441e-01 3.836167488234187295e-01 3.783085857411729869e-01 3.849758109577290921e-01 3.763588271663256823e-01 3.903802501298534455e-01 3.870341229981289488e-01 3.782264348474609350e-01 3.907188650603713453e-01 3.916756629514943078e-01 3.810982626578935939e-01 3.769365211877748756e-01 3.811398755957129403e-01 3.723787279558125607e-01 3.729077457369496806e-01 3.742324927336962426e-01 3.544855425984047015e-01 3.727850951263093626e-01 3.786355530426004923e-01 3.764649150325740101e-01 3.870670621296841696e-01 3.652708900184337693e-01 3.809886083585042327e-01 3.671259812073009443e-01 3.785441047975467987e-01 3.738299826901722023e-01 3.679786826903814756e-01 3.661733370069536475e-01 3.677713890783438910e-01 3.821159255768940000e-01 3.764299063757265418e-01 3.855685493926573337e-01 3.986672194227603994e-01 3.968550505408808826e-01 3.759502373381882756e-01 4.065089003241527110e-01 4.032213028384192821e-01 3.989358942778197803e-01 4.029917328438870072e-01 3.879110998026482626e-01 3.937927704109775995e-01 3.902308891468196927e-01 3.908399718728985395e-01 3.904032199940585257e-01 3.916406966353347952e-01 3.986942210991613056e-01 3.890602627509232025e-01 3.964260030066279472e-01 3.876504121537498460e-01 3.941502286531985422e-01 3.955994255416279137e-01 3.909317579389481878e-01 3.859058063193916976e-01 3.851794652305913225e-01 3.869381692058262434e-01 3.890082086967521779e-01 3.882514116344927824e-01 3.900216285328979016e-01 3.850367486591611543e-01 3.762790962253649840e-01 3.800606457830684737e-01 3.775696450156023065e-01 3.782993088501234724e-01 3.759400453958103849e-01 3.837334714701617910e-01 3.765804576319100594e-01 3.737649010074914901e-01 3.792906447486020238e-01 3.834001916782074915e-01 3.841941335510667965e-01 3.767366781443112767e-01 3.799895245946044442e-01 3.828132510501718322e-01 3.832601888139717805e-01 3.763292982356284400e-01 3.780409878594903073e-01 3.781412407878335658e-01 3.713797174003544144e-01 3.768735820936450209e-01 3.858029145045533403e-01 3.812514167591317116e-01
5.448979062907158277e-02 4.860533598762373925e-02 2.819129025380417430e-01 1.000000000000000000e+00 4.025640103901109712e-01 3.006012759439413151e-01 5.371344046682337003e-01 5.506458976397662353e-01 4.884887592707449766e-01 4.296664986585833068e-01 5.085336641880732200e-01 6.199984490999613795e-01 5.117320522474311240e-01 4.344445051338217678e-01 5.608756115447747215e-01 5.746266121610860145e-01 4.554606225628322069e-01 1.652226024671994142e-01 2.061301400308888088e-01 4.010698511627266982e-01 3.845777981594462047e-01 2.721742344178634809e-01 1.952720871864395136e-01 1.741846276574767483e-01 1.897316919344448072e-01 3.438324506686399329e-01 4.021491226097343996e-01 3.179819865857178018e-01 2.964444378025735127e-01 3.862670900397836560e-01 4.468652687442448146e-01 3.566629782175851915e-01 3.024817360794077592e-01 3.611123179488707757e-01 3.581989644059890288e-01 3.882243849391520674e-01 3.719337725250422833e-01 4.386854215111823940e-01 4.297398715778719680e-01 4.245735750731591263e-01 5.050651718142014079e-01 4.873729993283870687e-01 5.219641673215760225e-01 5.175538221414481832e-01 4.890900500856499855e-01 4.726603745235435916e-01 5.447443166160346184e-01 5.332401111719043962e-01 5.446933578470702919e-01 5.140080710082328697e-01 5.255464796375444170e-01 5.377627285121321377e-01 5.706708407590059817e-01 4.948735519038573449e-01 4.724083960229839563e-01 4.295951305941043685e-01 5.311315717323992214e-01 5.343520112209213524e-01 5.287510160442647766e-01 5.603366195414259954e-01 5.583167853532071678e-01 5.384883416787262789e-01 5.337273086049896254e-01 5.472419304162404741e-01 5.209451576713238774e-01 5.390083676312951155e-01 5.245582309726426473e-01 4.746250886075658038e-01 4.765328641861493741e-01 5.485945895402573047e-01 4.955477258204495916e-01 4.779969195540678673e-01 4.412842954377378946e-01 4.456323128136544520e-01 4.993740248693263051e-01 5.018173321701694389e-01 4.874329444099462227e-01 4.760339829378372190e-01 4.861766917494058093e-01 5.083547976024811454e-01 4.976861246187766485e-01 5.217142445842276599e-01 4.989305965553017530e-01 4.806336061674604809e-01 5.208700616096728631e-01 4.900208160914257260e-01 4.895733754496969792e-01 5.438283565007515641e-01 5.064491210016638378e-01 4.951400567783982853e-01 5.043964078705540643e-01 5.316221618361552936e-01 5.208744960911469990e-01 5.275560446636486933e-01 5.495547831412109785e-01 5.425227002838276524e-01 5.739545382733219903e-01 5.666119496708648118e-01 5.693147950138891522e-01 5.541686885770963356e-01 5.550338852928138333e-01 5.707186086923037305e-01 5.700565389246778913e-01 5.569583601619102486e-01 5.456229762733835198e-01 5.608576858857164948e-01 5.576966118317795429e-01 5.162185557089383758e-01 5.150789584239116037e-01 5.565759556473998115e-01 5.434248413470368355e-01 5.590550376266917310e-01 5.636934405815522409e-01 5.592452547206436808e-01 5.388352639877432848e-01 5.567267142308996997e-01
6.154775981851599235e-05 6.390597103403850010e-02 1.733685507847226026e-01 4.025640103901109712e-01 1.000000000000000000e+00 2.575270100652919947e-01 4.633468417469116529e-01 4.654521590946411047e-01 4.427459603451115444e-01 3.976808066977620681e-01 4.346015823386756849e-01 5.033259135844034837e-01 4.837293526534457433e-01 3.843856218369330890e-01 4.877233662873702857e-01 5.180868029655024687e-01 4.094222238161342453e-01 1.670822976733468412e-01 2.052400191930687789e-01 2.962345884907326976e-01 2.844519218449976794e-01 2.352946306622505923e-01 1.932739071104253858e-01 1.669476995459161506e-01 1.777224016731537848e-01 3.494507209215311216e-01 3.756968162406338352e-01 2.967723767107841581e-01 3.002253104458345589e-01 3.533882749021289293e-01 4.234712889300701333e-01 3.420384573304284248e-01 2.816148263019748188e-01 3.444785612115805473e-01 3.313832337141601747e-01 3.614726773188661202e-01 3.490216325916877249e-01 3.990430662333374623e-01 3.982494612662581535e-01 3.736251462276378721e-01 4.437875263818183980e-01 4.259760716476778675e-01 4.464453566596325307e-01 4.570439798051086910e-01 4.268859388376811670e-01 4.368757900706221609e-01 4.902168029320194687e-01 4.759509648334416254e-01 4.882772261061670283e-01 4.497933402981798001e-01 4.609551696876544868e-01 4.473855788097297337e-01 4.973333487750725701e-01 4.588950879152771112e-01 4.315212601488569999e-01 3.998905322440020615e-01 4.731934043395975009e-01 4.727557368686752248e-01 4.751656652866015906e-01 5.024984239716240308e-01 4.956693364062019769e-01 4.919944692063922820e-01 4.759776565362101586e-01 4.999323640602809093e-01 4.661540159580456755e-01 4.866149995541700912e-01 4.730230389000697477e-01 4.308205860872594273e-01 4.303286299817484784e-01 4.669503676618259047e-01 4.266333934738651967e-01 4.304513368257670280e-01 3.972064182598019078e-01 3.921772095239428602e-01 4.585770852056750835e-01 4.502429284994661218e-01 4.374432364767200654e-01 4.422549988180635716e-01 4.421698186965629107e-01 4.620289346500032757e-01 4.485980779791234885e-01 4.724599524475519008e-01 4.452085398150713025e-01 4.324348852929605358e-01 4.547627537540696041e-01 4.413620733974700783e-01 4.398645491366830473e-01 4.723937206159903868e-01 4.546050463735886726e-01 4.396490306785710844e-01 4.401237000214890949e-01 4.670295967473734877e-01 4.585835227518187396e-01 4.651137616196371893e-01 4.908904417034651302e-01 4.827915169368187653e-01 4.824682890740051855e-01 5.019266559047621534e-01 5.045423449308509278e-01 4.815050311553981111e-01 4.815742460835709116e-01 4.987838042029874575e-01 4.972298002720486054e-01 4.887252879982023068e-01 4.785129119304819545e-01 4.914687471453750289e-01 4.976196416015954971e-01 4.690569573718058050e-01 4.637165846672037239e-01 4.946127749177455790e-01 4.757140357252733209e-01 4.998432218427715790e-01 5.003644129694573284e-01 5.001638478504329965e-01 4.851887180809719147e-01 4.947723532548943259e-01
1.536556315454228397e-03 7.898439472517637672e-02 2.094752456322733492e-01 3.006012759439413151e-01 2.575270100652919947e-01 1.000000000000000000e+00 4.664032794976520346e-01 4.287697085074554382e-01 4.765225708411614525e-01 4.565010652156635818e-01 5.111264159369629523e-01 5.075181092705586261e-01 4.591429071562009856e-01 4.338108797639143588e-01 5.294736224819230896e-01 5.076010695723368604e-01 4.698129569605268840e-01 3.588692774178010580e-01 4.107523904333861275e-01 3.413549791507279330e-01 3.780839040156341313e-01 4.283200643910740624e-01 3.808299131428879991e-01 3.445443592982189163e-01 3.874894843623862273e-01 4.853679554105368443e-01 5.003337058310036722e-01 4.820431655689043637e-01 4.409718086031618745e-01 4.895001930004136415e-01 5.187820317800445613e-01 4.884846968088118468e-01 4.499908699743718210e-01 4.683729835897774141e-01 4.644941110074192192e-01 4.854081169889570835e-01 4.983204721168309481e-01 5.126463245632240096e-01 5.172262281693613684e-01 5.169591345341827404e-01 5.407454656138456217e-01 5.407807139085950565e-01 5.351876359464076138e-01 5.459663836157493400e-01 5.357003148231243017e-01 5.371107705488590289e-01 5.463015256968554167e-01 5.471666035234044045e-01 5.430596275192761668e-01 5.098349824449690537e-01 5.238924663461594911e-01 4.867289199312301862e-01 5.263775406113991862e-01 5.407414079047516697e-01 5.374379632101934368e-01 5.310967591416548839e-01 5.216195945442734239e-01 5.408417321211771434e-01 5.331680901764802583e-01 5.424278622850001730e-01 5.430483357764677166e-01 5.374660125523730292e-01 5.322986277497694374e-01 5.304984330359058253e-01 5.253526818174549806e-01 5.265877672894382355e-01 5.467160512527530214e-01 5.384134175319343907e-01 5.316622183484379649e-01 5.362330178897751765e-01 5.381642603959078119e-01 5.398029993323971709e-01 5.127891774824586690e-01 5.206792562302984262e-01 5.430535703164117711e-01 5.458963576167541465e-01 5.426670708683934974e-01 5.307746587754634815e-01 5.379009915093714289e-01 5.381675101918333981e-01 5.387350664597895245e-01 5.446929124934556388e-01 5.400702069196300359e-01 5.340939332278646923e-01 5.397007399894659940e-01 5.377705757901273254e-01 5.422628371930496849e-01 5.492466246061025181e-01 5.470989316096029897e-01 5.418061153711496436e-01 5.471691378367546932e-01 5.527834069625261471e-01 5.498950947820926416e-01 5.505223449253170420e-01 5.474588058645045718e-01 5.508106888902855047e-01 5.396687172400617127e-01 5.345046482502344709e-01 5.457326297185557396e-01 5.468037781328595193e-01 5.489675195649690309e-01 5.421839303498267038e-01 5.440179979112133024e-01 5.498240194749509646e-01 5.423978209941374695e-01 5.347299549620351256e-01 5.456277576436459054e-01 5.470124932474472734e-01 5.480520231127709030e-01 5.477492810719504224e-01 5.478155960586386097e-01 5.471375337042132525e-01 5.441700421093853546e-01 5.448640157201085632e-01 5.424026318847804395e-01 5.405172365149100155e-01
1.409766261162531675e-02 1.461474606680489563e-01 3.233930613813331134e-01 5.371344046682337003e-01 4.633468417469116529e-01 4.664032794976520346e-01 1.000000000000000000e+00 6.854116535717299508e-01 7.023637496720307460e-01 6.779763530160366480e-01 7.358776260088631949e-01 7.770743957407655333e-01 7.218255432901479196e-01 6.191431070059751907e-01 8.267587205510553705e-01 7.849762986809997178e-01 6.925745810515965273e-01 4.565449746102347994e-01 5.217242504700524419e-01 5.386377574385818878e-01 5.487112179568855996e-01 5.552202316506980040e-01 4.862637684971846119e-01 4.633724424198654157e-01 4.962281708030882310e-01 6.594798418675473783e-01 6.900478235608108468e-01 6.319617460995246017e-01 5.804187421049161744e-01 6.752985036157721499e-01 7.413173522571369078e-01 6.679644979345460420e-01 5.938070669718569228e-01 6.561036398261858027e-01 6.386159919277848429e-01 6.695043072623305669e-01 6.746510483560413940e-01 7.187277423580187286e-01 7.241454230148888227e-01 7.065959973764577295e-01 7.719459414193589053e-01 7.629477681095311326e-01 7.650161150297323243e-01 7.777392790004690193e-01 7.635943073733046926e-01 7.639115284311692733e-01 7.957368900858328153e-01 7.943661826664558667e-01 7.955057810449566169e-01 7.494192785233858567e-01 7.579848406177102094e-01 7.343597624337038221e-01 7.873090223471607141e-01 7.687936094231748729e-01 7.447133271463041160e-01 7.315079993054951490e-01 7.551955535425517452e-01 7.835673764394374130e-01 7.649594096183114367e-01 7.966917095803695004e-01 7.901508156026398888e-01 7.727093865918461812e-01 7.600660791067063160e-01 7.740302982465266934e-01 7.760108435946859728e-01 7.766059953572341801e-01 7.936867837939006742e-01 7.666907275810345146e-01 7.607218803713635680e-01 7.811801842319053835e-01 7.606304596881628965e-01 7.666847572489116081e-01 7.348047920189400006e-01 7.361370580862615087e-01 7.810984048676644642e-01 7.801005551879740540e-01 7.720658558616884104e-01 7.539163695587515202e-01 7.750404680384098688e-01 7.816224286935661292e-01 7.751700688854489263e-01 7.898121375133404509e-01 7.751738749278624940e-01 7.564985675840854018e-01 7.834930834124865795e-01 7.700831287815372850e-01 7.709681217599719805e-01 7.962722462217315389e-01 7.835460125319609892e-01 7.742810278312753924e-01 7.795010498775459817e-01 7.971682938441437827e-01 7.884097358356989549e-01 7.957459397108309629e-01 8.020579333865255345e-01 8.002415879622928330e-01 7.914558770567801105e-01 7.944188359442044822e-01 7.996142238644017297e-01 7.974751510289553869e-01 8.000457886279811470e-01 7.970658381634547762e-01 8.056163297681427915e-01 8.036273438482099962e-01 7.973438567680953826e-01 7.849023554684151360e-01 8.032955695535308749e-01 7.896834052759811318e-01 7.868442393792177691e-01 7.977476696757084262e-01 7.941405569505107787e-01 8.028576676614678220e-01 7.949394101585454120e-01 7.978554994569782011e-01 7.956616846249868757e-01 7.982030902865545618e-01
2.216126519476996348e-02 1.181456787938582886e-01 3.134412265546888676e-01 5.506458976397662353e-01 4.654521590946411047e-01 4.287697085074554382e-01 6.854116535717299508e-01 1.000000000000000000e+00 6.658919481613306823e-01 6.307818234186991502e-01 7.045460533504585010e-01 7.607921528295938929e-01 6.947283431762913963e-01 5.944774750017132181e-01 7.529075226218220340e-01 7.821049824455202915e-01 6.482736841817076101e-01 4.224968700749742179e-01 4.672791889488611683e-01 4.943165087446907968e-01 5.636506839886157305e-01 5.122001772939773767e-01 4.424925805921823274e-01 3.978485063089550189e-01 4.259391524847436217e-01 6.108592046873677628e-01 6.463715296069466598e-01 5.772103640754464582e-01 5.500289114927223721e-01 6.332784959046189321e-01 6.911336054756134217e-01 6.200684452601499252e-01 5.505885414181389548e-01 6.083380826117189555e-01 5.995167077506801112e-01 6.350630382046951183e-01 6.261320854470934227e-01 6.862924060869277643e-01 6.761786437275393302e-01 6.667454418614884304e-01 7.263737617702868965e-01 7.124495351539447130e-01 7.324633182919197960e-01 7.481724078392784083e-01 7.167898989871523963e-01 7.130228945074351676e-01 7.595816697710014997e-01 7.562247192595822343e-01 7.589958910201912712e-01 7.310120824942619722e-01 7.457771921093024892e-01 7.123292212087505293e-01 7.606909645316730639e-01 7.406324078440551517e-01 7.251254655549689287e-01 6.956150982618959366e-01 7.589556296643203970e-01 7.628260642228157362e-01 7.615682152692823115e-01 7.687696132487548129e-01 7.685927718481733173e-01 7.618210033095427214e-01 7.628733169059680463e-01 7.595383532353426892e-01 7.459498947310989614e-01 7.553033513238808228e-01 7.471616736251648350e-01 7.163960723717550660e-01 7.125426079045074079e-01 7.380704920142677761e-01 7.222417456636699429e-01 7.156571433761229617e-01 6.738296443295633820e-01 6.768550145010679975e-01 7.298085533720972684e-01 7.329727025701610055e-01 7.184362269280500923e-01 7.162014990243280588e-01 7.197628141528584766e-01 7.342249401322340496e-01 7.267751668895400252e-01 7.438257143005447825e-01 7.335646810937422879e-01 7.129503307513923582e-01 7.382324417931945826e-01 7.231971162673704878e-01 7.216972348476103916e-01 7.575241884696849448e-01 7.351085375454271542e-01 7.317608718893777731e-01 7.252659870668365372e-01 7.483990035476507652e-01 7.419989084568299198e-01 7.454546739831691138e-01 7.631614996021405251e-01 7.586484889886897509e-01 7.711140290251355944e-01 7.747369291439106798e-01 7.771716739308385247e-01 7.665913840436826554e-01 7.572313709142622917e-01 7.770459174042845252e-01 7.692306233305968854e-01 7.676150655271929413e-01 7.586399122475250278e-01 7.684828659551081742e-01 7.694735606145598483e-01 7.448030189018658431e-01 7.454186980239341231e-01 7.695572243823511904e-01 7.609636887284474405e-01 7.664798442901241682e-01 7.703885082191146427e-01 7.693985065892253727e-01 7.572457160045945601e-01 7.671870143150072430e-01
1.801053548494237766e-01 1.932073269315237318e-01 3.613874248163407854e-01 4.884887592707449766e-01 4.427459603451115444e-01 4.765225708411614525e-01 7.023637496720307460e-01 6.658919481613306823e-01 1.000000000000000000e+00 7.398178005189444129e-01 8.176224180846296541e-01 8.146380185278334629e-01 7.599287947410930943e-01 6.450401129445366699e-01 8.259805002754271319e-01 8.237483065640054392e-01 8.168559447640492133e-01 6.179674745458269003e-01 6.578175436963118461e-01 6.180115439502473773e-01 6.811591636655087711e-01 6.910013826528658143e-01 6.410147970565885922e-01 5.943183031543195494e-01 6.311042892049315567e-01 7.860166461269830762e-01 8.074704957946040595e-01 7.557717569197087704e-01 7.459078579449142099e-01 7.956660404278562693e-01 8.371055723571166896e-01 8.089186660987177646e-01 7.283591251571930325e-01 7.912046640900113337e-01 7.890081003432968254e-01 7.953128056387822609e-01 8.127546411807475835e-01 8.167559532846451198e-01 8.274594054277342181e-01 8.010037463713312045e-01 8.631021023256633118e-01 8.373772324182910953e-01 8.272675735966794619e-01 8.597056420722845038e-01 8.521844417227695256e-01 8.426327122719534657e-01 8.661662919448859244e-01 8.786254181438153399e-01 8.677612784799791923e-01 8.401106031045939559e-01 8.388964552604208924e-01 8.379899384754768699e-01 8.674384445863848603e-01 8.739847682525984096e-01 8.542388696963372219e-01 8.453391769434297487e-01 8.654214157469127811e-01 8.594849012867656901e-01 8.478205045640505588e-01 8.739907385254870320e-01 8.662688240863517519e-01 8.605459089136743289e-01 8.509529487632446765e-01 8.577128176847285124e-01 8.854787714897356388e-01 8.841513816379263924e-01 8.749305329824003108e-01 8.575434685181060335e-01 8.648603691303445862e-01 8.629957000456771610e-01 8.550037285575542434e-01 8.555232882538282846e-01 8.325631880092926318e-01 8.366250014075451436e-01 8.670743602659862770e-01 8.647305477958981967e-01 8.547952287108373515e-01 8.590999701320528592e-01 8.536742541501728399e-01 8.607019198721220787e-01 8.637647776662481514e-01 8.649532284356565848e-01 8.753673730039845946e-01 8.587499594468874786e-01 8.606156511254995367e-01 8.630908420562664052e-01 8.601850779041696482e-01 8.586694056172846645e-01 8.584921760392786316e-01 8.643339209402204348e-01 8.522265189608896341e-01 8.629064104191821460e-01 8.656129512787366087e-01 8.599860227085404096e-01 8.665085832245490449e-01 8.710180223573048552e-01 8.523170080738420307e-01 8.752139893621808664e-01 8.638538796163685030e-01 8.604480967372103439e-01 8.520315574673484882e-01 8.645962863391696285e-01 8.725415491589523231e-01 8.650595735764737837e-01 8.781543099994232326e-01 8.690014649617642251e-01 8.739517296331547058e-01 8.751555995557173118e-01 8.708451435065198698e-01 8.687084598936398727e-01 8.613567993379812604e-01 8.700987277685422461e-01 8.642855131162321403e-01 8.676182745446894273e-01 8.811950816955438359e-01 8.804651912467537089e-01
1.927089627041356570e-02 1.817436746935601477e-01 3.373084171265527953e-01 4.296664986585833068e-01 3.976808066977620681e-01 4.565010652156635818e-01 6.779763530160366480e-01 6.307818234186991502e-01 7.398178005189444129e-01 1.000000000000000000e+00 7.650117597932755142e-01 7.667575385328423421e-01 7.197069169998051574e-01 6.347149957123086050e-01 7.939690273102943951e-01 7.742477256940931696e-01 7.333056530300517961e-01 5.553291481751903014e-01 6.124007541993246040e-01 5.043163301686784949e-01 5.738705350850925591e-01 6.360902062564125492e-01 5.917245727396139854e-01 5.264137449250364531e-01 5.775039755149331544e-01 7.465069080492009457e-01 7.635317164428422343e-01 7.230455484663472765e-01 7.030759979770351276e-01 7.529780803881795936e-01 8.132599365337249697e-01 7.491390581939496585e-01 6.927055269167992080e-01 7.302157513613781736e-01 7.367221858135153401e-01 7.436420468876361323e-01 7.690765594543215178e-01 7.908973227793302252e-01 8.082930488187568541e-01 7.679936091968212475e-01 8.156243840158171610e-01 8.079355427693302172e-01 7.995543203150897726e-01 8.162069186279036215e-01 8.085141749924046328e-01 8.261613321253240549e-01 8.297724298279145483e-01 8.367675117672540575e-01 8.304113946047556594e-01 7.777145770169342498e-01 7.961990659259943204e-01 7.346410249137202975e-01 8.073107708493443280e-01 8.276619011554342542e-01 8.075412995851816156e-01 8.034124340219040983e-01 7.950575868354838871e-01 8.234088218423826211e-01 8.117855995235795374e-01 8.263224580984318557e-01 8.224898330211961595e-01 8.196196380983582497e-01 8.017463274445428834e-01 8.158973286543109715e-01 8.194121793699867817e-01 8.147769170275588335e-01 8.364452593233667743e-01 8.199679317609460671e-01 8.164350376036799695e-01 7.965272021348329679e-01 8.052868016658532024e-01 8.182095896457238782e-01 7.780837157219206990e-01 7.872809847920533288e-01 8.278845566412691426e-01 8.274625327100556538e-01 8.265672297642613353e-01 8.241632802079622566e-01 8.294761224575190051e-01 8.299696520130711574e-01 8.299193147201725518e-01 8.361821947250299703e-01 8.261795747277849156e-01 8.199010234917837314e-01 8.194993608813238017e-01 8.174485079093245510e-01 8.282428730992537069e-01 8.300954371658777475e-01 8.345754909105053132e-01 8.252269055105867501e-01 8.224234092162276966e-01 8.306820664903545870e-01 8.283850892442480296e-01 8.338533969027770443e-01 8.348318624589585735e-01 8.371832542868773430e-01 8.089886754945637692e-01 8.184672177599306986e-01 8.267921089038474669e-01 8.240479748206711585e-01 8.197415954991480458e-01 8.243948072041314967e-01 8.254163293770201415e-01 8.290284165203506417e-01 8.257515765566256771e-01 8.175161454315189591e-01 8.347288471879046323e-01 8.355305982390786035e-01 8.318669248946336525e-01 8.314746400745905985e-01 8.295377710952045458e-01 8.335454288673557199e-01 8.303032656670271683e-01 8.299551220015081165e-01 8.337156135429916182e-01 8.306785730119677913e-01
6.283867133038852082e-02 1.696187212230682584e-01 3.750346345737728959e-01 5.085336641880732200e-01 4.346015823386756849e-01 5.111264159369629523e-01 7.358776260088631949e-01 7.045460533504585010e-01 8.176224180846296541e-01 7.650117597932755142e-01 1.000000000000000000e+00 8.549734610896686515e-01 7.822387112024473677e-01 6.717296923759719096e-01 8.597861351985690570e-01 8.434630042897275359e-01 8.059892227498217654e-01 6.494446461689612482e-01 6.984725320845934782e-01 5.999568727781571242e-01 7.040387354250561280e-01 7.354598631544376763e-01 6.634332276654544280e-01 6.181423261724162677e-01 6.702324352245274675e-01 8.081269406539444144e-01 8.345946857110850825e-01 7.910611705492237578e-01 7.619592849866569928e-01 8.329544212227348865e-01 8.729869216597252457e-01 8.309057048082978403e-01 7.641822081115339227e-01 8.126324164798652827e-01 8.225740562559771263e-01 8.211494330254043295e-01 8.443776914338431139e-01 8.560675474587523537e-01 8.723251600222092783e-01 8.343115402894726307e-01 8.886210279081643293e-01 8.751975142136213526e-01 8.745392030281007312e-01 8.943292126108095541e-01 8.822350565605221462e-01 8.820350664076074265e-01 8.966963190503568493e-01 9.031620408059706229e-01 8.987613419535974701e-01 8.600608111677892076e-01 8.721787058626393474e-01 8.336780120821137841e-01 8.832165137187409920e-01 8.965784825288646287e-01 8.820571872121975021e-01 8.777360061213403952e-01 8.767362635678924709e-01 8.953452122554064196e-01 8.823715636127382744e-01 8.986537911566789827e-01 8.975965641320362565e-01 8.893247175132540372e-01 8.810998488604580015e-01 8.842645910015298760e-01 8.967035826925198183e-01 8.941535333626273729e-01 9.044636863578796593e-01 8.984074194761206833e-01 8.960378690422898806e-01 8.829088418698211038e-01 8.975756939510803889e-01 8.987390280255747044e-01 8.666514705775825167e-01 8.760311510810749880e-01 8.982371090424413618e-01 9.033572259718800623e-01 8.937411750133643640e-01 8.906873552626359825e-01 8.934270340131893473e-01 9.007940335484728722e-01 9.026281276286128863e-01 9.022107012379143587e-01 9.026385891357731062e-01 8.975338838519740792e-01 8.958366850402442738e-01 8.975531005970937004e-01 9.001760116769502718e-01 8.973678370255141479e-01 9.009900212059356317e-01 8.971563826476042225e-01 8.908731652094031839e-01 9.002259138342666445e-01 9.026571826942878518e-01 8.998487258008002199e-01 9.018469680627121399e-01 9.046390274525893949e-01 8.847809699439793674e-01 8.922988450769031576e-01 8.974091324623395538e-01 8.952848117111527060e-01 8.934095175418574897e-01 8.959516487918937067e-01 9.001254015407896825e-01 9.010992701584505937e-01 9.039844863550045018e-01 8.929159648488116385e-01 9.028931912490572032e-01 9.037085096039789711e-01 9.017849177769582392e-01 9.005061086773948897e-01 8.961055637452863820e-01 9.014847657471825038e-01 8.964937762469816773e-01 9.005037118705550014e-01 9.061337991806921455e-01 9.021311860143063077e-01
2.363089076438687833e-02 1.238042110632022741e-01 3.575359531509612609e-01 6.199984490999613795e-01 5.033259135844034837e-01 5.075181092705586261e-01 7.770743957407655333e-01 7.607921528295938929e-01 8.146380185278334629e-01 7.667575385328423421e-01 8.549734610896686515e-01 1.000000000000000000e+00 8.208738754240821889e-01 7.017729107149691670e-01 8.961338826998598295e-01 8.914334040975301354e-01 7.924813729361182002e-01 5.232599607202695902e-01 5.946560126582399741e-01 5.826195575799837378e-01 6.527183701424423834e-01 6.427943945934200265e-01 5.532864437390456747e-01 5.025940619459826619e-01 5.513258533567423347e-01 7.473702209045862688e-01 7.987873865345651581e-01 7.240310261003247705e-01 6.838679156029157102e-01 7.815460535216135485e-01 8.546504326254785733e-01 7.766772024421885190e-01 7.065593042475056818e-01 7.647814081950498055e-01 7.623631560598180812e-01 7.844520874458822401e-01 7.864148674656390448e-01 8.483673516381265989e-01 8.466294277351964492e-01 8.150658286800243069e-01 8.877772960607765995e-01 8.732597697539227211e-01 8.846856390519851621e-01 9.014736665134076565e-01 8.723404263883842713e-01 8.784504367752412612e-01 9.234002570803762078e-01 9.164779695075423449e-01 9.224773245721906711e-01 8.822538229409265798e-01 8.952567382199466683e-01 8.629943157657891106e-01 9.164450805587522897e-01 8.942294676423581112e-01 8.744946029716319513e-01 8.496010514245454504e-01 8.967268061958487690e-01 9.104342420265227886e-01 9.078794767898272777e-01 9.240482750559245728e-01 9.238931390124056620e-01 9.117995492426775872e-01 9.053232601369038957e-01 9.128067768908888491e-01 9.042007564792698959e-01 9.086856050151129738e-01 9.127523494975817719e-01 8.783455292775323997e-01 8.743663485510428934e-01 8.938731770779464458e-01 8.802648976901218392e-01 8.790562180220995447e-01 8.309853309095417417e-01 8.384056753192062894e-01 8.954783206210058522e-01 8.974116844893619271e-01 8.842927413540268011e-01 8.760826076770226178e-01 8.849330871592505643e-01 9.001367255136778489e-01 8.965358910871069620e-01 9.101820810623425517e-01 8.913243588481877255e-01 8.829645562595486163e-01 9.005056608956274466e-01 8.858112928736502356e-01 8.902266379469542246e-01 9.138179671567224771e-01 9.013673284357098803e-01 8.875111822870875855e-01 8.902018855929140217e-01 9.115905872406581123e-01 9.057967851591813835e-01 9.100962696346526215e-01 9.254784973819564220e-01 9.229668481862015605e-01 9.122203553901511164e-01 9.223509718867992646e-01 9.272656213244221401e-01 9.175004342988397621e-01 9.154516204710191341e-01 9.256942907615381966e-01 9.274406136127683054e-01 9.242639732731888769e-01 9.184074449828903974e-01 9.133080001719001695e-01 9.266889874411314842e-01 9.095555408024074140e-01 9.047792043451493571e-01 9.254473455627769685e-01 9.158283439806401693e-01 9.270552425732339064e-01 9.232964677509077900e-01 9.251001479674860750e-01 9.192627020685621986e-01 9.231865056580713658e-01
2.260821595581448754e-02 1.343159249792975629e-01 3.268241107257173206e-01 5.117320522474311240e-01 4.837293526534457433e-01 4.591429071562009856e-01 7.218255432901479196e-01 6.947283431762913963e-01 7.599287947410930943e-01 7.197069169998051574e-01 7.822387112024473677e-01 8.208738754240821889e-01 1.000000000000000000e+00 6.606417414384283537e-01 8.318474164006128824e-01 8.299535674161720999e-01 7.350458080419383089e-01 5.159014480982841988e-01 5.820111237705348772e-01 5.608493028915350065e-01 5.887429447404169958e-01 6.071366863971240369e-01 5.518352183460576432e-01 5.118395724232540633e-01 5.488948345388425798e-01 7.238023637152529721e-01 7.567653744735061139e-01 6.912619921941417500e-01 6.594639873453692624e-01 7.334511094623736849e-01 8.007000619267129471e-01 7.390411995598876738e-01 6.641547088447314895e-01 7.217040328609610755e-01 7.235095011573605683e-01 7.358490172808258567e-01 7.540686578705740883e-01 7.805905923077511854e-01 7.930599407962198866e-01 7.620707854163863981e-01 8.334905416564827307e-01 8.187836909548615871e-01 8.204257226981402917e-01 8.373456032339794408e-01 8.182683131503265539e-01 8.228510435175802051e-01 8.594526031561969814e-01 8.559614309791109266e-01 8.549274787608894810e-01 7.979073756542741647e-01 8.132901988529840365e-01 7.832411401944732177e-01 8.459630984122729069e-01 8.418745381641411507e-01 8.178416650726948456e-01 8.017644368785968867e-01 8.237619375419026335e-01 8.445005297118993726e-01 8.323438511607541557e-01 8.637453492305723346e-01 8.555895232377542792e-01 8.481495023717982029e-01 8.317897418346092975e-01 8.444578847062451654e-01 8.424515703631176855e-01 8.462822616777092577e-01 8.550445441763778742e-01 8.275346488742221229e-01 8.287054829109552490e-01 8.385929018556610437e-01 8.197521811204188102e-01 8.273862659722845958e-01 7.940484512057265354e-01 7.986920505775580992e-01 8.431939571571233083e-01 8.399031149433658916e-01 8.309600399916999836e-01 8.243829866037037934e-01 8.326518373297000508e-01 8.430343433052410740e-01 8.411547672758186156e-01 8.503132883806627795e-01 8.353714995245705710e-01 8.295012903001409699e-01 8.377699376825858968e-01 8.309076453489019354e-01 8.373485541547660560e-01 8.479350622673684779e-01 8.452454138229930081e-01 8.325708042729380587e-01 8.346122738191661394e-01 8.516866217549374785e-01 8.465142093151422076e-01 8.513172647656439551e-01 8.626015658734289548e-01 8.614849161710149694e-01 8.382300279799488330e-01 8.496679050125521826e-01 8.593728365722560492e-01 8.484332239079660498e-01 8.527281500294593419e-01 8.548979899545340322e-01 8.612712967181191948e-01 8.595946719410869630e-01 8.531197079306324094e-01 8.470185246468662221e-01 8.627896936658729921e-01 8.541521123808127891e-01 8.495242610068265421e-01 8.603655275786530332e-01 8.520650014864969979e-01 8.655261363389280538e-01 8.608097159928496112e-01 8.599052654375258786e-01 8.563018537675296527e-01 8.598311910206780651e-01
