1.000000000000000000e+00 1.119120559249436736e-01 2.126681778238410370e-01 7.554228974430209076e-02 8.612725208906968355e-02 2.420612278040187165e-02 5.533540492028595631e-02 8.290580341595099600e-02 1.590503874045539889e-01 6.469656611959705150e-02 7.195276184020446553e-02 5.067553544795051074e-02 4.808949591009919339e-02 3.741184356853933385e-02 2.674807940296561673e-02 1.170729805872723628e-02 1.459570816155462136e-01 1.631038056856300433e-01 1.047028180593674446e-01 2.119849881765518695e-01 1.679663884811320451e-01 1.349500802579633174e-01 1.701981144530823886e-01 1.149979528711396193e-01 1.137277657168013906e-01 1.278159450791386542e-01 9.843211375535834695e-02 8.102634381179114886e-02 9.799198791048313595e-02 1.158310493975795719e-01 9.986477045160668808e-02 7.178224327431100005e-02 5.435306892132937134e-02 4.174199267759523546e-02 8.225185094855459733e-02 5.467425408412590615e-02 8.591247991367335912e-02 1.115356216692983161e-02 2.635572046736600615e-02 -9.709337426018131538e-04 1.644774210698193156e-02 2.265380691007834717e-03 2.353531543126742218e-02 3.356834845894585834e-02 4.470666757638178113e-02 6.422617838153565038e-03 1.968534754756903413e-02 1.939958208325518602e-02 2.110949054893914226e-02 2.278720762943229824e-02 2.896555069048177555e-02 5.764368601080254589e-02 3.665787746720598067e-02 5.614169066866943336e-02 5.480696674892376191e-02 6.033292425890385280e-02 8.382089778535137259e-02 1.698148341057867730e-02 3.212696123853716473e-02 6.418175758597841063e-02 3.739656918928166429e-02 6.565344954975936564e-02 4.886254088009056584e-02 6.757700610371268624e-02 6.066422190564623590e-02 7.841951245818701288e-02 3.628099073542302017e-02 5.028937227601192744e-02 4.748788301323057792e-02 7.524302278014100009e-02 4.573895967689148995e-02 4.486098141947982704e-02 5.890036203820422228e-02 3.414848272165071918e-02 5.435567378027288121e-02 4.150682272439843584e-02 2.796879816136865066e-02 5.284958581983296988e-02 2.000884762680561410e-02 5.933203327388277687e-02 6.160132383332078687e-02 4.482039868847419867e-02 4.597716668296886883e-02 3.480860192460502600e-02 1.116942549585167761e-02 2.731225731878382870e-02 3.387635139310998800e-02 6.220499137210472144e-03 1.750888175519526788e-02 3.646027190357122721e-02 -1.858264807088185876e-03 4.409546230556345148e-03 1.608114819842986626e-02 4.868810560056910895e-03 9.156663449526428883e-03 1.444845526797907710e-02 1.357587179362081987e-03 5.243658443819537024e-02 1.775639331668735568e-02 4.383002018347676235e-03 4.646201554246274720e-03 2.894405726950620428e-02 2.172427133173722782e-02 1.566967463243761072e-02 2.219032875738655847e-02 6.330710204562656207e-02 2.782724386966165322e-02 2.669695317493384762e-02 3.179693295612533860e-02 1.855521730443671774e-02 1.737340291933393496e-02 2.911330966089911015e-02 3.645798711463484748e-02 3.614436134325973299e-02 3.580952181820856728e-02 4.121733344547796885e-02
1.119120559249436736e-01 1.000000000000000000e+00 4.191689400726623244e-02 4.926941481556015162e-02 5.442736595446043268e-02 6.439550942571548031e-02 8.960927034677351743e-02 9.139863350669967523e-02 1.652489289419201979e-01 1.901648039663481338e-01 1.459840075633504208e-01 1.079696258014412047e-01 1.222238223750303360e-01 1.227066651255456220e-01 1.407220273454962978e-01 1.177232571488033841e-01 1.279595058200429236e-01 1.370845363816199369e-01 1.302401146815423960e-01 1.285018350081917338e-01 7.366512065745925431e-02 1.183618324060236038e-01 1.725320445990802809e-01 1.336604478106676874e-01 1.331687733216517233e-01 1.942650376153661207e-01 1.789779041342923482e-01 1.823579531163974365e-01 1.720601279956563145e-01 1.975595573244716130e-01 1.741786750525905481e-01 1.649069681737673765e-01 1.659661337839993533e-01 1.495702402613129089e-01 1.771212702855569643e-01 1.515110798467647901e-01 1.759390714070130091e-01 1.510342652651799067e-01 1.625806715466688868e-01 1.445269411074068533e-01 1.590992528936946981e-01 1.418073680262898206e-01 1.454800731901870758e-01 1.387165200416173305e-01 1.522571154194778120e-01 1.448814337114433248e-01 1.549423809632862747e-01 1.612893499852172119e-01 1.438323151521328780e-01 1.289856635866069856e-01 1.451650245708326348e-01 1.187322195025946048e-01 1.274808312428795110e-01 1.631251088221141454e-01 1.679520820264273906e-01 1.737789225997445897e-01 1.416292486224959291e-01 1.463519594965251303e-01 1.524292584600339395e-01 1.530927339937280807e-01 1.459977936999478920e-01 1.528350216601100930e-01 1.466869731487656647e-01 1.466891430258531748e-01 1.466954880766447589e-01 1.494979606517952420e-01 1.554166989509198626e-01 1.583201957131237236e-01 1.641472066338632851e-01 1.562380075198852025e-01 1.365141508989447805e-01 1.508492381406701111e-01 1.545960262621643988e-01 1.584603116347462481e-01 1.725918121370848268e-01 1.633456686198075658e-01 1.629354670137736216e-01 1.671706747770363433e-01 1.556906620270747110e-01 1.799088511893022491e-01 1.694237807600466050e-01 1.650116402429398221e-01 1.539776109701188334e-01 1.669328923952943244e-01 1.448793993676975866e-01 1.544866886870328027e-01 1.563698041718827314e-01 1.518335383867384369e-01 1.575058670110700831e-01 1.743036670254968223e-01 1.518101440955548775e-01 1.514290650568657637e-01 1.521305672171645862e-01 1.485604641962809114e-01 1.526705159200809070e-01 1.593942832034190571e-01 1.242583639464939493e-01 1.336979013336754285e-01 1.461519759520428785e-01 1.413005944969816796e-01 1.429573345654622796e-01 1.437603201317525226e-01 1.459451558404303018e-01 1.424369875018374754e-01 1.458145709674941171e-01 1.430512647988626818e-01 1.487560746503544251e-01 1.589475571350878746e-01 1.634817204756587317e-01 1.495221512247064122e-01 1.554025671939422426e-01 1.538675510953784187e-01 1.520158014155935378e-01 1.458036828879921143e-01 1.549506526073827772e-01 1.522884986347568803e-01
2.126681778238410370e-01 4.191689400726623244e-02 1.000000000000000000e+00 3.176724860074180423e-01 1.269301733870493443e-01 1.723375804247397614e-01 2.778660131163693259e-01 2.365955662349111255e-01 3.257631641888137364e-01 2.493234560488481188e-01 3.243791871655770098e-01 3.011045584451538804e-01 2.561936958909851181e-01 2.545624108677542186e-01 2.890452030089820656e-01 2.425485081879538152e-01 3.123751980000566419e-01 3.573930566808385390e-01 3.435976856948362856e-01 3.174802549927975281e-01 3.710533876594721003e-01 3.783899475637301779e-01 3.662909682177855619e-01 3.487073094079670699e-01 3.724536609655109687e-01 3.574057631705853666e-01 3.547622233651711587e-01 3.304389583713807643e-01 3.518000865987225834e-01 3.489315777031652965e-01 3.637256058351462373e-01 3.343944739349066775e-01 3.047723658420012915e-01 3.298416323997299116e-01 3.377577717895788867e-01 3.313788242205601420e-01 3.517327063895611672e-01 2.939630086835050560e-01 3.025902680931438771e-01 2.911726977333261024e-01 2.929967791838007374e-01 2.881065262709084918e-01 3.080533730618036925e-01 3.143867007015623827e-01 3.278846473250641713e-01 2.913508367937648336e-01 2.878216375281487660e-01 2.827362858042082872e-01 2.916798782748777352e-01 3.037914055562817572e-01 3.011358860077338884e-01 3.054158643663615891e-01 2.974698726320471609e-01 3.038707470826603196e-01 3.060314834804971351e-01 3.187196802503187154e-01 3.193462230324998208e-01 2.904152466427407098e-01 2.955848469283632318e-01 3.068526125434530849e-01 3.031927109126782982e-01 3.115667381547608250e-01 3.079452836207943189e-01 3.060412962836808748e-01 3.078557435519188035e-01 3.134852590170540410e-01 2.966508754385051572e-01 3.208719983795740305e-01 3.162931807960042696e-01 3.320114167191173804e-01 3.271583511248413734e-01 3.278960119542811413e-01 3.322213788352353370e-01 3.212674923425031803e-01 3.233339350164649018e-01 3.204108343532000025e-01 3.112341156565757716e-01 3.261092929502729110e-01 2.985509706592887613e-01 3.183987440516453105e-01 3.249756332454184493e-01 3.199668475711829885e-01 3.110270968398005098e-01 3.062427081896685888e-01 3.038369791706878043e-01 3.162848576426557368e-01 3.109213684618565288e-01 2.898068333641014016e-01 3.045630758734967358e-01 3.028276356966113636e-01 2.923074579817885876e-01 2.890650697456839113e-01 3.008685465458836861e-01 2.988817494366625693e-01 2.841216883979303942e-01 2.850788103573930754e-01 2.857937132513224121e-01 3.114314370337247784e-01 2.935442718965192155e-01 2.857574592095877830e-01 2.937857632517531514e-01 3.000813868069926449e-01 2.904358481043344264e-01 2.950485300814411627e-01 2.986790589593694700e-01 3.137664306888329757e-01 2.938101174604823562e-01 2.885255226164088471e-01 2.992719399418883874e-01 2.889465965051731255e-01 2.906928857157842772e-01 2.928817363959002606e-01 3.021489236066713935e-01 3.005825566360546541e-01 2.986900658276990250e-01 2.967077461165735786e-01
7.554228974430209076e-02 4.926941481556015162e-02 3.176724860074180423e-01 1.000000000000000000e+00 2.108922929480016029e-01 2.892468108930374426e-01 4.599856768738355695e-01 4.539683807295741280e-01 4.274155134909590203e-01 3.611190020113768662e-01 4.656664844663283565e-01 5.573241365925207802e-01 4.459148953718375386e-01 4.107263380145888543e-01 5.046138496256117323e-01 4.789627075389246147e-01 4.652899223258588624e-01 4.054483576044529136e-01 4.562607257128584726e-01 4.019637751170975215e-01 4.865236231762022356e-01 5.259586067762505035e-01 4.090958449374228478e-01 4.101504540431869517e-01 4.642800039557157254e-01 4.505620316458699981e-01 4.924332429536894540e-01 4.658181762271025872e-01 4.808770456236821089e-01 4.438105935578476324e-01 5.044801966520946479e-01 5.029105195968146536e-01 4.666803708484786317e-01 5.006943066384146324e-01 4.750296319704047088e-01 4.980473711795859182e-01 4.827182443708722959e-01 4.983446850938341166e-01 4.921362694101650281e-01 5.119846675287087479e-01 4.911139527039612984e-01 5.014035118688749959e-01 5.100260991395276777e-01 5.303069385560666982e-01 5.048736127881338076e-01 4.943790247104750124e-01 4.907952278783335176e-01 4.785814884309398942e-01 5.143659612228549394e-01 5.466736565956976657e-01 5.341405235627094683e-01 5.401607427810622974e-01 5.165585305062453392e-01 4.702798399872910040e-01 4.722528060282053519e-01 4.761162316941648376e-01 5.215959092501526451e-01 4.878687186966187417e-01 4.925299674287205720e-01 4.908919339519300373e-01 5.113385581086115073e-01 4.973097096257174665e-01 5.087970456176750256e-01 5.205421504396442467e-01 5.029543613556011206e-01 5.071968306196789067e-01 4.845187912283815401e-01 4.914531990268965478e-01 4.895396126248700019e-01 5.012391457360673153e-01 5.109991516126909383e-01 5.030673128151980089e-01 4.885284560840980617e-01 4.883843620425192822e-01 4.912009652625655143e-01 5.036902674405816516e-01 5.020580036015998004e-01 5.080012394191916192e-01 4.975153070249743736e-01 4.717530788802345443e-01 4.854951955582407219e-01 4.978544009602183795e-01 5.020162679082582624e-01 4.876276614103328133e-01 5.204524542966213474e-01 5.036503643757901383e-01 4.886780156918634210e-01 5.089299433900641434e-01 4.940326938819863956e-01 4.746479675662366171e-01 5.046825945343346165e-01 4.997544393489650183e-01 5.000245790228259324e-01 5.068486512904961661e-01 4.878396426894557325e-01 4.851039033607162376e-01 5.363550080500600892e-01 5.361961403869484055e-01 5.090757470906988047e-01 5.210244755441600928e-01 5.087636947666079879e-01 5.181008154115316344e-01 5.106951388284277638e-01 5.152156827490134150e-01 5.092047923570599544e-01 5.127272937946891762e-01 5.071701621943693894e-01 4.799826920301096256e-01 4.883858838065353036e-01 4.942508448083183792e-01 4.948208777054738383e-01 4.923030340690277007e-01 4.984131735761713200e-01 5.135744796148529190e-01 4.975946019975907020e-01 4.972981283614679171e-01
8.612725208906968355e-02 5.442736595446043268e-02 1.269301733870493443e-01 2.108922929480016029e-01 1.000000000000000000e+00 2.095462359243608907e-01 3.309602082232763198e-01 3.044495945402780346e-01 3.717987098608694918e-01 3.136638972917166202e-01 3.363521121054329210e-01 3.587227838141661129e-01 3.474476370630626976e-01 3.420131834769685186e-01 3.805931513219666384e-01 3.737033943141131465e-01 3.796159681374908779e-01 3.307752172812249425e-01 3.483265679064528886e-01 3.267830600964468091e-01 3.496418368682017164e-01 3.441270108446978782e-01 3.484827221520446772e-01 3.132083533666363273e-01 3.291092442547956520e-01 3.634588339076048613e-01 3.452976579537132551e-01 3.265454786974273382e-01 3.179471892429675539e-01 3.598236272140317715e-01 3.680524589306015115e-01 3.934227626596580318e-01 3.229545738007048028e-01 3.479927264233771411e-01 3.573328653869959348e-01 3.677800905558938904e-01 3.552943352015388023e-01 3.558876032334793993e-01 3.812190110910760876e-01 3.393329769893453363e-01 3.766397257860608083e-01 3.774554871586026650e-01 3.871752340074241516e-01 3.876040789011563348e-01 3.743938327882062600e-01 3.731549530023755556e-01 3.947714672890594856e-01 3.910766133703068581e-01 3.924523912226425271e-01 3.697085802625391104e-01 3.741694814683183545e-01 4.007236410891917844e-01 3.851348364892878684e-01 3.987897487471344093e-01 3.951717150231983111e-01 3.906276535366826619e-01 4.025612946908706524e-01 3.894718303790523084e-01 3.786152625021870777e-01 4.078387295592247330e-01 4.037719520886741131e-01 4.002835416028352467e-01 3.993761601395089400e-01 4.133498619009597363e-01 4.032976165575242189e-01 4.068328386983794953e-01 3.983164017495319786e-01 3.927166152327762338e-01 3.961274122531873720e-01 4.068182457121666817e-01 3.916131490109897584e-01 3.898818699695442147e-01 3.850628083791015066e-01 3.823945104168566256e-01 3.901278360292059211e-01 3.875516389168602860e-01 3.745332134148524617e-01 3.668493680026199688e-01 3.765933873794206077e-01 3.921716183305425929e-01 3.877116674287465203e-01 3.887838945363933929e-01 3.977152601549388544e-01 3.806698119940876146e-01 3.796829564912747590e-01 3.833436980880127742e-01 3.836329515390130562e-01 3.803528489751390462e-01 3.886597021039076005e-01 3.939241466048238882e-01 3.702729651886075835e-01 3.872721053755698306e-01 3.861463815047256332e-01 3.805725811934768665e-01 3.974213129799229471e-01 3.944951161039043086e-01 3.876565148140057593e-01 3.990331895672637463e-01 3.974665670332094281e-01 3.870760980251390371e-01 3.955275239396661702e-01 4.005961139560956785e-01 3.988494782026967833e-01 3.993417223640028935e-01 3.990455721073167261e-01 4.058854661500868044e-01 3.977781718332957794e-01 3.961664972617672253e-01 3.965234495624510580e-01 3.938009576966092773e-01 3.908956090948322859e-01 4.035944040054024740e-01 4.009438717038633637e-01 4.082681752942096121e-01 3.991150041608355070e-01 4.068366975782402584e-01
2.420612278040187165e-02 6.439550942571548031e-02 1.723375804247397614e-01 2.892468108930374426e-01 2.095462359243608907e-01 1.000000000000000000e+00 4.252821171815225898e-01 3.613033851550378484e-01 4.104863883324626483e-01 4.058581781111634257e-01 4.239590744946940548e-01 4.617720482559126705e-01 4.110158922745624221e-01 3.904025575633773837e-01 4.700615901978615341e-01 4.411099255648204820e-01 4.289376276107834673e-01 3.984937806031711993e-01 4.383059988518834271e-01 3.349372375855746431e-01 4.088203458895624531e-01 4.494697357794108505e-01 4.238637316161987245e-01 4.240728098647739142e-01 4.477028515335025882e-01 4.594891799316157543e-01 4.525805878581636299e-01 4.680310747033733509e-01 4.602515225512404662e-01 4.596721173112209846e-01 4.784348652431547055e-01 4.836795136269149142e-01 4.603400865621651294e-01 4.754797111673297882e-01 4.697450093471978727e-01 4.567477418516248666e-01 4.803162861677178763e-01 4.913552713947201278e-01 4.889280563039196670e-01 4.699945991613514451e-01 4.778008846048928393e-01 4.784687972918130194e-01 4.732964738895172885e-01 4.862847313485287870e-01 4.821685082272053058e-01 4.928088842155547433e-01 4.794863733833874542e-01 4.762437760730559022e-01 4.834904948572840144e-01 4.742949093081655909e-01 4.857710139566963625e-01 4.486912404994219949e-01 4.624033871845110721e-01 4.780424693486192145e-01 4.814072193581661052e-01 4.794676633795809106e-01 4.759166563650442661e-01 4.769156127876933993e-01 4.915189101017775064e-01 4.805648896589744812e-01 4.859823375670260792e-01 4.791492400885664638e-01 4.801940721589836869e-01 4.757504009446645310e-01 4.715773227741568152e-01 4.742231042475652525e-01 4.834448350533036565e-01 4.915660609939627168e-01 4.901902216281685543e-01 4.739465058825353960e-01 4.885966866221992388e-01 4.930739812015809687e-01 4.857506628127203907e-01 4.879678822290542950e-01 4.862110962576833839e-01 4.893461912792407276e-01 4.879053870189419273e-01 4.870300384294000695e-01 4.912377917606157718e-01 4.771720229293447413e-01 4.862524959347920284e-01 4.863925233618114907e-01 4.892319888046403054e-01 4.889633746336642384e-01 4.941042614700410507e-01 4.933105989327936647e-01 4.839206781449874040e-01 4.938217153248888880e-01 4.897286474515397670e-01 4.810712618835328303e-01 4.911169565849496377e-01 4.858393753001971072e-01 4.869622193931618659e-01 4.916662555177430116e-01 4.829171148945295977e-01 4.792475965150430062e-01 4.810330792710172942e-01 4.847592418984161822e-01 4.838587249380071897e-01 4.891601809253311450e-01 4.854056331930324819e-01 4.857472438013660243e-01 4.786196824237543002e-01 4.887390418916731649e-01 4.850933720421483075e-01 4.796032043453470894e-01 4.842275500528749888e-01 4.813597365572197528e-01 4.812569515373850693e-01 4.840659625391526832e-01 4.852779544411039980e-01 4.821243359852729893e-01 4.824802873922642288e-01 4.833576870674531900e-01 4.813826001889006112e-01 4.779204931317345140e-01
5.533540492028595631e-02 8.960927034677351743e-02 2.778660131163693259e-01 4.599856768738355695e-01 3.309602082232763198e-01 4.252821171815225898e-01 1.000000000000000000e+00 5.699373259111962797e-01 6.263961809732785380e-01 5.799140821212470653e-01 6.560685228848595063e-01 6.825625569128217496e-01 5.811427015410867147e-01 5.900524971169021082e-01 7.590001575656885047e-01 6.655758008432864914e-01 6.468340190779968690e-01 5.824949378448903703e-01 6.554182173810242373e-01 4.668960102881351548e-01 6.045607519830463739e-01 6.777688258144040079e-01 6.462160904285949581e-01 6.194287887911875679e-01 6.716023970638886897e-01 7.017073259591000145e-01 6.971173919894391169e-01 7.260685246974691864e-01 7.040301322704894949e-01 7.049433393084115762e-01 7.171291884600596855e-01 7.243276773916930145e-01 7.188372746882201181e-01 7.218165331446373401e-01 7.190532923163549528e-01 7.251154032537261429e-01 7.206144518219300688e-01 7.236967578930209033e-01 7.401973766137898147e-01 7.300273583876473182e-01 7.193515682017976864e-01 7.312373108249723419e-01 7.358739824211626424e-01 7.409908121202465336e-01 7.358418190606504927e-01 7.337679201742903778e-01 7.063444508778025099e-01 7.070279179163051486e-01 7.113658290186779531e-01 7.085748443732089452e-01 7.225039969019990682e-01 6.946691574569280325e-01 6.935804974899644204e-01 7.086849032106472546e-01 6.969318977978832264e-01 7.187277100123601326e-01 6.934240284325968728e-01 7.040829323375548121e-01 7.057983545340222875e-01 7.097586824084035628e-01 7.156798183025531168e-01 6.929681184352034506e-01 6.989199117269038197e-01 7.062329597448085972e-01 7.050691602427768823e-01 6.965540485223808975e-01 7.148983367658385824e-01 7.192289995515853684e-01 7.265388629107614182e-01 6.959682536056440716e-01 7.201177822537884188e-01 7.305686640364805751e-01 7.165026381447894277e-01 7.168611565032099175e-01 7.276127167849237853e-01 7.245842808635017951e-01 7.388360129160235212e-01 7.313328259064031389e-01 7.384052390838454771e-01 7.110952358536074547e-01 7.235388445926010936e-01 7.225200567935430307e-01 7.334013623182823460e-01 7.288895431710575856e-01 7.388955795718850084e-01 7.349411333112045863e-01 7.235289327757492561e-01 7.414798388090799719e-01 7.364519230152483109e-01 7.204468143927413859e-01 7.464155488872876720e-01 7.292701731181714386e-01 7.284559207288295868e-01 7.409230359543643729e-01 7.109907172463340030e-01 7.102887387895252536e-01 7.212421237019608355e-01 7.161661928827811607e-01 7.176973438112318471e-01 7.232484760658928202e-01 7.339640161966253240e-01 7.219064542882898117e-01 7.140042181286773149e-01 7.253056055574267358e-01 7.249665584563436127e-01 7.074165713853596271e-01 7.135661948803223575e-01 7.114920750538724636e-01 7.170743297760059365e-01 7.129543942322212891e-01 7.190156597635599667e-01 7.124818158901620180e-01 7.093923598379913154e-01 7.182794265648850818e-01 7.155577339201905085e-01 7.094352339305270982e-01
8.290580341595099600e-02 9.139863350669967523e-02 2.365955662349111255e-01 4.539683807295741280e-01 3.044495945402780346e-01 3.613033851550378484e-01 5.699373259111962797e-01 1.000000000000000000e+00 6.005512587951459258e-01 5.221890754905492704e-01 5.907962223515894618e-01 6.621150164933321536e-01 5.859583741750791219e-01 5.697101134307703818e-01 6.610421729863328322e-01 6.622871408330173182e-01 6.134702160447945696e-01 5.315791167483916446e-01 6.060931919559482406e-01 4.884491461743218910e-01 5.896903154830771543e-01 6.378993466368592102e-01 5.518370916768901013e-01 5.353477954438575770e-01 5.810049936351839861e-01 6.180628046219925897e-01 6.142222293098501540e-01 6.128705471935743665e-01 6.064972803394926837e-01 6.166572207399709793e-01 6.601836356940008477e-01 6.764658961865490650e-01 6.186405184297602000e-01 6.498532762060075241e-01 6.346411412829842114e-01 6.579476792004772534e-01 6.408796047113178851e-01 6.726863488118179912e-01 6.752740592399513186e-01 6.512395405610791332e-01 6.544272462801545842e-01 6.748758020488693221e-01 6.816845847817688542e-01 6.929198035879834405e-01 6.586919224914621340e-01 6.727658262995365179e-01 6.778658965445870654e-01 6.678098784590970061e-01 6.901389638361148382e-01 7.020142182979181023e-01 6.953847546554695613e-01 6.926759203073424853e-01 6.776986000677407418e-01 6.654378962164638756e-01 6.551932152378493468e-01 6.608123284764734207e-01 6.865970188480224889e-01 6.755403998848991121e-01 6.681500472841448435e-01 6.786187620440823354e-01 6.974960677283230659e-01 6.785649906491706407e-01 6.851111552180515485e-01 6.969411827542821847e-01 6.791616898488602727e-01 6.878434825346310122e-01 6.777126543904175016e-01 6.765067659794069543e-01 6.795651466924390594e-01 6.692944286051837333e-01 6.828091065895698364e-01 6.789748639251025342e-01 6.572635132882478359e-01 6.606052900966612462e-01 6.751197244213230642e-01 6.743372242494899416e-01 6.737016966473953206e-01 6.745386050331310113e-01 6.735093183154041707e-01 6.645032435423289252e-01 6.716876538918961081e-01 6.806841545244316505e-01 6.909547751091377199e-01 6.751053473153714179e-01 6.950031195937819151e-01 6.812106455018478446e-01 6.719390924637826945e-01 6.922994696370885492e-01 6.845417968301544809e-01 6.734352913033317956e-01 6.777342720418965127e-01 6.826729397773559915e-01 6.780522750813982036e-01 6.831579004841447089e-01 6.788170209472138561e-01 6.770346778854502423e-01 7.078836566222649340e-01 7.135729181960458467e-01 7.012447781596345964e-01 7.045003465189505487e-01 6.956128654053738147e-01 7.051966636681009648e-01 6.865149945746173987e-01 6.967913247419593725e-01 6.903138771977419541e-01 6.992075318983372867e-01 6.963045728132535306e-01 6.769625703995886257e-01 6.819961892222341504e-01 6.933214510559965182e-01 6.892443207926816084e-01 6.837986783092834253e-01 6.895881482402973495e-01 7.006140486887529883e-01 6.821782863356640192e-01 6.863279090376711578e-01
1.590503874045539889e-01 1.652489289419201979e-01 3.257631641888137364e-01 4.274155134909590203e-01 3.717987098608694918e-01 4.104863883324626483e-01 6.263961809732785380e-01 6.005512587951459258e-01 1.000000000000000000e+00 7.218616467749168208e-01 7.432320579199108712e-01 7.608387883500441484e-01 6.953993241699524264e-01 7.052982974675761074e-01 8.019476823670184107e-01 7.731756183201410337e-01 7.947907073154252267e-01 6.774137181496528992e-01 7.371846198608457135e-01 6.459042778978358879e-01 7.114666766722240743e-01 7.535628425296455601e-01 7.293077465493745803e-01 6.776318050970414619e-01 7.245610914463729291e-01 8.169814585139908436e-01 8.013722629559957289e-01 7.795969898279395682e-01 7.740212998058390026e-01 8.086775585407814937e-01 8.378310564174442643e-01 8.245633442353969000e-01 7.632774502891617185e-01 7.690450841029562445e-01 8.017082014238867682e-01 7.858180348044802033e-01 8.101361300402607490e-01 8.126133566659180518e-01 8.256471525218154195e-01 7.694927049876324476e-01 8.285834780021995583e-01 8.198716940507306816e-01 8.067156926563583408e-01 8.328755308120471268e-01 8.191538852952613414e-01 8.139057382093805026e-01 8.458363841037890296e-01 8.500446146405811199e-01 8.393476647530491164e-01 8.066092120019786593e-01 8.264392245813986237e-01 8.077910061209113701e-01 8.234016159242150135e-01 8.563990521289595037e-01 8.404901112359932647e-01 8.441687383391682786e-01 8.438994418224697869e-01 8.404067341903972421e-01 8.370094860557394378e-01 8.599339676308533909e-01 8.465176588078476838e-01 8.511311018001233020e-01 8.398483482502979713e-01 8.526708439162979936e-01 8.472403892195315978e-01 8.580482292680788881e-01 8.515058608093553083e-01 8.471315520303654978e-01 8.451639215161295127e-01 8.512571069420554748e-01 8.400975177581552211e-01 8.498336653812100794e-01 8.237680042347617082e-01 8.254145738739603333e-01 8.546773568535590559e-01 8.482461871219384442e-01 8.364506421672818215e-01 8.374828630400449336e-01 8.240890721146877373e-01 8.506292337690601890e-01 8.506054030906897712e-01 8.542360448789118044e-01 8.474371900659417589e-01 8.365313745013018831e-01 8.247129564796784607e-01 8.337416677267750487e-01 8.409406907811116660e-01 8.309684407018860242e-01 8.416272443388179703e-01 8.479546172819726335e-01 8.104320335713278700e-01 8.363206032357141106e-01 8.408068668892330066e-01 8.349623730783956033e-01 8.467904652668603038e-01 8.484992295123094941e-01 8.176453750715904079e-01 8.439909135341145952e-01 8.460370443663026707e-01 8.312736536832272538e-01 8.318957713101481355e-01 8.475344852141759588e-01 8.415923095712858348e-01 8.452294518487559749e-01 8.465097113991670863e-01 8.521479150691055882e-01 8.498549647975127685e-01 8.524022009282420376e-01 8.524898202586201901e-01 8.461738257485745818e-01 8.429446100885630289e-01 8.540570291624453025e-01 8.534036073977881998e-01 8.546211317193826984e-01 8.512911324661027734e-01 8.574572354100996607e-01
6.469656611959705150e-02 1.901648039663481338e-01 2.493234560488481188e-01 3.611190020113768662e-01 3.136638972917166202e-01 4.058581781111634257e-01 5.799140821212470653e-01 5.221890754905492704e-01 7.218616467749168208e-01 1.000000000000000000e+00 6.904839095674019100e-01 6.843335823373221105e-01 6.230343336366488405e-01 6.508540907825317579e-01 7.438078546937501034e-01 7.167120707696653659e-01 7.065372213599458995e-01 6.499488074322927744e-01 6.928162016890934138e-01 5.395984541797872458e-01 6.127492024349887600e-01 6.668527039306860749e-01 6.869590264508450561e-01 6.612311660143368464e-01 6.783283276323074373e-01 7.602555900375222997e-01 7.488578445757426705e-01 7.453612040698803787e-01 7.269083535503478855e-01 7.710001248750051328e-01 7.788456817326605552e-01 7.744425860326139555e-01 7.357982596905958683e-01 7.383337013043173025e-01 7.586590613963010155e-01 7.369224095129414120e-01 7.677675247470878706e-01 7.673535228518731932e-01 7.840584855881239656e-01 7.448898232732901192e-01 7.812684132292618822e-01 7.743285657436237424e-01 7.656205397359634457e-01 7.715334000837297257e-01 7.807523035366588093e-01 7.718905542188435609e-01 7.835956880836958405e-01 7.957842102641367044e-01 7.750262422060657519e-01 7.283000913627467598e-01 7.589641044401331804e-01 7.181302214227662795e-01 7.478041771765442380e-01 7.948312419382680405e-01 7.811093713123514748e-01 7.902489492212559918e-01 7.569796973011638785e-01 7.825839236871082738e-01 7.781515326817333156e-01 7.889548157529342465e-01 7.768420752338007773e-01 7.801286531721397521e-01 7.716244040031721152e-01 7.674382082220133627e-01 7.699849094746425981e-01 7.712628734043932566e-01 7.963044333569436750e-01 7.953902495016538232e-01 7.977979776928204592e-01 7.774524460495899625e-01 7.738053077233666421e-01 7.896058998385434569e-01 7.877113669744483238e-01 7.834142793254434967e-01 8.018710471000579654e-01 7.933787377738061863e-01 7.886071266581795580e-01 7.835690569860127574e-01 7.835647339409087531e-01 8.008813046959658566e-01 7.994363488537264972e-01 7.967815049661913784e-01 7.938371436380722290e-01 7.969987879372872897e-01 7.738128991107482424e-01 7.916388615330287593e-01 7.956505897987729004e-01 7.860543932790963195e-01 7.966563038045780809e-01 7.988364752834925531e-01 7.810727374424017988e-01 7.897776134136526016e-01 7.922270471634228484e-01 7.892899904620762630e-01 7.895540812571422151e-01 7.954139698523726709e-01 7.507478892853901575e-01 7.535082012606300061e-01 7.783169699073690939e-01 7.698282741819962860e-01 7.802989509597436646e-01 7.792656662852919247e-01 7.780489727519621646e-01 7.808247132196767248e-01 7.849488258316200673e-01 7.691275614134114313e-01 7.808568562399895718e-01 7.960091700223824729e-01 7.945204538709225162e-01 7.841442919652629184e-01 7.898220670036057989e-01 7.906617109764667584e-01 7.850986441674543403e-01 7.808978914889094236e-01 7.876578408845527068e-01 7.863620298197401270e-01
7.195276184020446553e-02 1.459840075633504208e-01 3.243791871655770098e-01 4.656664844663283565e-01 3.363521121054329210e-01 4.239590744946940548e-01 6.560685228848595063e-01 5.907962223515894618e-01 7.432320579199108712e-01 6.904839095674019100e-01 1.000000000000000000e+00 7.943997652624599226e-01 6.909259449178283274e-01 7.080072380141894106e-01 8.128190089784652628e-01 7.481862270320698283e-01 7.472351389577915892e-01 6.746958959768449837e-01 7.443720080553719587e-01 5.904981842198788744e-01 7.044583946721784118e-01 7.702026890963730166e-01 7.276163372370406668e-01 6.979373741592252989e-01 7.470690184903487907e-01 8.004954459994328975e-01 8.107785951632284771e-01 7.962962446677717132e-01 7.792890723305386791e-01 7.915598538284464025e-01 8.296325564274197317e-01 8.307342878306139822e-01 7.986110418009179091e-01 8.005277397655002902e-01 8.058716201715052652e-01 8.096353653782774051e-01 8.192814139999042844e-01 8.239448905173005766e-01 8.367508923774027441e-01 8.141196313991687639e-01 8.377102188454880194e-01 8.315933782209877778e-01 8.234019505708786157e-01 8.466204045254105415e-01 8.356560267710099188e-01 8.294485771676769481e-01 8.359898782271087958e-01 8.355321789993624959e-01 8.310043640078018656e-01 8.174728963158842676e-01 8.289292083990258408e-01 7.972865508538882207e-01 8.162219806449868553e-01 8.308822675054627904e-01 8.180736505738509523e-01 8.386011531353790849e-01 8.179785159305711373e-01 8.323541826456239967e-01 8.271188900342407724e-01 8.332988970821765262e-01 8.325559878870361086e-01 8.259164050880214436e-01 8.231592789102666341e-01 8.274709743574618637e-01 8.284790196657834116e-01 8.246735263986670894e-01 8.396954602253181577e-01 8.422294626935997730e-01 8.434564543474392107e-01 8.295181512258945622e-01 8.396672060436450868e-01 8.490000965141669687e-01 8.283657646665171237e-01 8.305613214637995734e-01 8.470096389403516390e-01 8.439549497799292421e-01 8.406720416729410728e-01 8.353961163782467336e-01 8.319081630654175941e-01 8.379956909073154048e-01 8.423650017575874394e-01 8.469099734101078747e-01 8.456565211670642457e-01 8.451849966054841845e-01 8.440243059575422979e-01 8.442809050328716758e-01 8.435865628979393183e-01 8.424065915417826567e-01 8.460761728442711682e-01 8.386092390995857349e-01 8.408074500015693120e-01 8.443054850451887638e-01 8.463913479931521877e-01 8.467961202667726450e-01 8.378444576095189777e-01 8.372974205179085638e-01 8.302596350960020910e-01 8.308845586593133214e-01 8.365102834955614464e-01 8.358064458532862284e-01 8.398050272835162477e-01 8.379476290862322152e-01 8.364978016034904096e-01 8.426054069821968806e-01 8.433109304327075506e-01 8.259372473335193643e-01 8.369903067045085798e-01 8.373290283226505482e-01 8.419659277303542799e-01 8.375472350939627830e-01 8.370175811511658681e-01 8.375761243308734727e-01 8.365705415223021468e-01 8.410309628044339014e-01 8.394790998427793527e-01 8.357370490464830493e-01
5.067553544795051074e-02 1.079696258014412047e-01 3.011045584451538804e-01 5.573241365925207802e-01 3.587227838141661129e-01 4.617720482559126705e-01 6.825625569128217496e-01 6.621150164933321536e-01 7.608387883500441484e-01 6.843335823373221105e-01 7.943997652624599226e-01 1.000000000000000000e+00 7.359188227799022819e-01 7.462963647923656074e-01 8.596395739124261803e-01 8.335225982674629996e-01 7.839051700499684028e-01 6.429656955017631903e-01 7.432517481991961494e-01 6.204343957516044172e-01 7.322205213214429964e-01 8.054122580995590752e-01 7.014662540588545436e-01 6.620074961503195077e-01 7.374408962953116209e-01 7.940148650339945435e-01 8.246346976000161755e-01 7.976093072782914906e-01 7.886780105492220416e-01 7.909608297173343905e-01 8.582059690975252231e-01 8.548104561383792488e-01 7.974093710145297997e-01 8.118321309924367846e-01 8.041062654748346583e-01 8.333637652011456343e-01 8.371120369659743599e-01 8.708743871249734481e-01 8.667144901948251601e-01 8.535538306935794850e-01 8.728315508047549409e-01 8.772009202609035716e-01 8.690472124450121516e-01 9.010881689727201493e-01 8.692157923163654765e-01 8.801383417567388845e-01 8.905600802128610383e-01 8.844482239784159372e-01 9.000986164294897396e-01 8.841675512873012899e-01 8.944159858174021149e-01 8.798469534058181996e-01 8.867632304791847053e-01 8.765225288542236592e-01 8.679974404943382460e-01 8.673488620137581595e-01 8.879581322962583068e-01 8.810007407164679449e-01 8.826971761146227280e-01 8.879029206331232604e-01 8.975724115992179675e-01 8.876732199562307191e-01 8.882297407042010207e-01 8.953202625951798277e-01 8.875860249438554117e-01 8.886062762498976308e-01 8.899577607078038577e-01 8.765519914804609236e-01 8.754017859614181551e-01 8.764579162570345083e-01 8.865691104809161338e-01 8.906945694496503085e-01 8.481877797047273626e-01 8.606445569242864302e-01 8.826372490442133678e-01 8.918572288588201280e-01 8.816266207582948988e-01 8.726745246205205309e-01 8.744752689671935197e-01 8.675300085040253961e-01 8.757429520077143481e-01 8.923188563813010399e-01 8.895593479770297352e-01 8.715779765999444040e-01 8.864631990697081632e-01 8.789107388415863253e-01 8.846707155570464609e-01 8.881594713940054175e-01 8.850565046784670820e-01 8.747247534562646587e-01 8.796450509750831648e-01 8.943900475601369582e-01 8.933040185977709768e-01 8.960347681617627513e-01 8.951879501853291510e-01 8.923759662353664135e-01 8.972978675835423523e-01 9.022168567000455885e-01 8.976071756593484441e-01 8.979785494675311952e-01 8.931728189963410447e-01 9.003001353105810622e-01 9.002808699236120038e-01 9.043240308896193236e-01 9.002528364125514937e-01 8.911438978916551568e-01 9.022291719922380659e-01 8.888238891894968408e-01 8.895751212051281609e-01 8.952148662895509368e-01 8.912441365504196744e-01 8.957556240890438559e-01 8.943054408619933726e-01 9.028998043363659631e-01 8.961818969632774357e-01 8.982116401356488034e-01
4.808949591009919339e-02 1.222238223750303360e-01 2.561936958909851181e-01 4.459148953718375386e-01 3.474476370630626976e-01 4.110158922745624221e-01 5.811427015410867147e-01 5.859583741750791219e-01 6.953993241699524264e-01 6.230343336366488405e-01 6.909259449178283274e-01 7.359188227799022819e-01 1.000000000000000000e+00 6.755542195097163916e-01 7.652273187006710664e-01 7.440581752936581417e-01 6.927066348697066278e-01 6.030549220305856384e-01 6.694068715648184842e-01 5.583164457973346373e-01 6.551417473334097963e-01 6.953880430844863181e-01 6.521161220946988246e-01 6.279532821653002195e-01 6.718576317264988162e-01 7.155641852926943880e-01 7.187996927466856478e-01 7.079975162929873500e-01 6.854616026830163689e-01 7.257760813584782644e-01 7.581710862260930828e-01 7.642105168059296627e-01 7.034249610659922824e-01 7.313138028503630705e-01 7.355635379696714438e-01 7.385864699193942506e-01 7.434127914582714380e-01 7.622158803356364754e-01 7.787065922644154092e-01 7.290542482889373899e-01 7.707299460523906465e-01 7.714834090747031414e-01 7.744926767351266728e-01 7.904563723320031654e-01 7.719337658665473834e-01 7.806128236266496323e-01 7.943183335502450593e-01 7.903181702039324685e-01 7.890252710414772386e-01 7.613256033308422044e-01 7.735749575970477521e-01 7.659059518874369310e-01 7.789644988560130434e-01 7.860698923188220721e-01 7.743647307642020916e-01 7.764809580966964830e-01 7.773754329138469199e-01 7.840707818545342711e-01 7.737594688327666947e-01 7.993695047188478231e-01 8.009995760644585960e-01 7.885685164248562584e-01 7.852342027668800517e-01 7.994467839295217315e-01 7.860098954221121925e-01 7.901201432402455982e-01 7.959123780435812812e-01 7.900506080551564780e-01 7.885326269387971099e-01 7.845822808921056879e-01 7.914347221489379525e-01 7.950710445916842062e-01 7.711484424497530021e-01 7.796721676484392738e-01 7.866390904100472037e-01 7.857259788138034606e-01 7.788633353623413136e-01 7.723829703152457204e-01 7.780928754284615056e-01 7.812632505428778185e-01 7.821513624369337281e-01 7.937507506524250633e-01 7.927599407909702300e-01 7.818687024201230740e-01 7.850192771746751230e-01 7.861739198824106989e-01 7.889247845304664386e-01 7.844288635508168683e-01 7.929297539936914774e-01 7.857470732867005703e-01 7.741850615340383213e-01 7.913895669563514312e-01 7.934803434229005248e-01 7.923419889138030303e-01 7.987050782589525388e-01 7.976025032050011454e-01 7.831999926591936001e-01 7.900434760195966799e-01 7.986320892178125908e-01 7.896081324922000766e-01 7.968928616290378297e-01 7.988433948853947975e-01 7.962443121457898343e-01 8.034335186920376071e-01 7.980898353861709538e-01 7.902332072330774393e-01 7.983774666036361767e-01 7.950315625085686566e-01 7.951800129431012554e-01 7.939143401543873324e-01 7.902743268783146702e-01 8.019188474579407311e-01 7.968163606565162871e-01 8.026173404779038956e-01 7.968582826933215957e-01 7.980138870863675571e-01
