1.000000000000000000e+00 1.538218438996563631e-01 1.694814957388959542e-01 -7.153787137290726524e-03 7.184631258358655133e-03 8.932344409897211707e-03 5.675868406773224711e-02 -7.220619376681346006e-03 1.440861960340956427e-01 5.361674172237630015e-02 1.034533188831360390e-01 1.304290437583002608e-02 3.335825334456178626e-02 2.249614453465787617e-02 9.844668131126355429e-03 2.542130950180863935e-02 1.760783962699117300e-01 3.126914476957319278e-01 2.468285663583494882e-01 1.943829193002682698e-01 2.409066636215290713e-01 1.862253924822905027e-01 2.806699161523580899e-01 3.033420505387501298e-01 2.471489434005522401e-01 1.926817938551536047e-01 1.487974215696218072e-01 1.503408468041384505e-01 1.886624873303115180e-01 1.992499203069255376e-01 1.873476046626899594e-01 1.812518877494304903e-01 1.363662980660434731e-01 1.866104714245341578e-01 1.491129125355731833e-01 1.467051850312850736e-01 1.697768854209538714e-01 8.551101695980219131e-02 9.473612831332166306e-02 2.661506709938896847e-02 6.889060612620794000e-02 5.210581684237910322e-02 6.336173470980958899e-02 6.655868004637727209e-02 1.033304723224129085e-01 7.337783692288944726e-02 1.382077102776813234e-02 2.716992022468396259e-02 3.358469955786223121e-02 7.549267676209063527e-02 7.292691149316955779e-02 4.512179473091558479e-02 5.660223703067251977e-02 6.052251255950841929e-02 9.751445903839579821e-02 9.035200022248128515e-02 8.949434686120032179e-02 2.518380292299618808e-02 5.242890833294462649e-02 3.348671845443958184e-02 3.397161417133121031e-02 4.825304651862401262e-02 5.000476602067639720e-02 6.085163033616185213e-02 1.162910883313306581e-01 8.869151507306254067e-02 4.993210581878372578e-02 1.060376769608881858e-01 1.095156013812358803e-01 8.105342783963853659e-02 1.088435702018971524e-01 7.776816427891168615e-02 1.366516293402833260e-01 1.314629015569749593e-01 6.811686439185839215e-02 8.648421523839193437e-02 6.530329955066496717e-02 8.828409937201063540e-02 6.411864416097216857e-02 9.356254206688445485e-02 1.008735393375113226e-01 7.306782731723993063e-02 7.521864865771381303e-02 8.196778574147466079e-02 4.230318207481501003e-02 7.950451180972266385e-02 7.749152679704425506e-02 3.787829123302281081e-02 3.145797556747430279e-02 6.404558227325073128e-02 4.323946606237715623e-02 2.240596136058980309e-02 5.061853565585451575e-02 1.827257039771057814e-02 2.492429176946603635e-03 1.415785977292604268e-02 2.277158632158510568e-02 5.652263792651122248e-02 1.730738738276761321e-02 3.599544307494229045e-02 1.166116423146223123e-02 2.056273619428191160e-02 1.826969362020703855e-02 1.498275206187608954e-02 3.755694648536366670e-02 4.434194577030339812e-02 2.338843305906305320e-02 3.667253104276382847e-02 4.620623025483940743e-02 1.223652230875378610e-02 2.041320297636716255e-02 1.537535773666161114e-02 1.279849638441030169e-02 2.824933187852136582e-02 6.186252154596030839e-02 4.680105142212499791e-02
1.538218438996563631e-01 1.000000000000000000e+00 4.379381647666000243e-02 8.919579585195674953e-02 1.214383316694962883e-01 7.450747811488331318e-02 1.361078272880097695e-01 1.442789176044872446e-01 2.117977893385272758e-01 1.894829074412702763e-01 1.559633731372983279e-01 1.402059199683708124e-01 1.534305228527168552e-01 1.303624656546632232e-01 1.531558765651809817e-01 1.738213014178655869e-01 1.560251018358519426e-01 1.164555366512503853e-01 1.126042961716573060e-01 1.043046714053422475e-01 5.666874987553040949e-02 9.168573903092422372e-02 1.635627201593461144e-01 1.416707348286930790e-01 1.339277288728685511e-01 1.555938224167156270e-01 1.475161642231817005e-01 1.625798779055969978e-01 1.653508573540470039e-01 1.628035705501228170e-01 1.741510415359260322e-01 1.826576331522845598e-01 1.584879913198256884e-01 1.667082179191495261e-01 1.613563614451168360e-01 1.626632784475765259e-01 1.707539161869472966e-01 1.673387250044277297e-01 1.804082485774707034e-01 1.442938680449209199e-01 1.700209286852328028e-01 1.671042091054358025e-01 1.783104196425719934e-01 1.648862598381785061e-01 1.574411600092660846e-01 1.724322628668286950e-01 1.608935111317401634e-01 1.714708083777224945e-01 1.652821492449425833e-01 1.567543809875547312e-01 1.703562675551665850e-01 1.232197796484484908e-01 1.502290227010424639e-01 1.779418027352014653e-01 1.724044324732773859e-01 1.672838550780950395e-01 1.682902626303468818e-01 1.666690651979776949e-01 1.756495476158607405e-01 1.679688868802725887e-01 1.636331758830760763e-01 1.799553489088785430e-01 1.711793304257094028e-01 1.708547267404131043e-01 1.560876140445462135e-01 1.664887335784766276e-01 1.684573480147206481e-01 1.758206414974431142e-01 1.887288879142836329e-01 1.510246497273093902e-01 1.395462451431631612e-01 1.575551800383988843e-01 1.729897980615846265e-01 1.597158964543708148e-01 1.643417900961986478e-01 1.630260248452948257e-01 1.689598365825076831e-01 1.685821572774760524e-01 1.695897284275405259e-01 1.675138645939707183e-01 1.644743418044050387e-01 1.722136419828984299e-01 1.728734269209334651e-01 1.666485671697056636e-01 1.649107326065308854e-01 1.677783035152439761e-01 1.675865506830225837e-01 1.704695222999697002e-01 1.706372430594312317e-01 1.742713241686497383e-01 1.608668329686206155e-01 1.689546090252363741e-01 1.618125206869028276e-01 1.643779375415283794e-01 1.608379995510948179e-01 1.694558763852381800e-01 1.559458981599627370e-01 1.539225020181344827e-01 1.596041886544539989e-01 1.694437160654503893e-01 1.628104630642789874e-01 1.584516019571347856e-01 1.531488200088234886e-01 1.600506113171828448e-01 1.513691868432926191e-01 1.583309961809172273e-01 1.640744672877029464e-01 1.702881746256752482e-01 1.695822020192560287e-01 1.635740673048899640e-01 1.688301867994226324e-01 1.651285238411263345e-01 1.667460126237867712e-01 1.652962327090571892e-01 1.603320791270027579e-01 1.596816330565366537e-01
1.694814957388959542e-01 4.379381647666000243e-02 1.000000000000000000e+00 2.914076714899177523e-01 1.761468576052662161e-01 2.039327443179375088e-01 3.460557377842690130e-01 2.391851760364948620e-01 3.153062890833340792e-01 2.669207660603618026e-01 3.865528737608592835e-01 3.399586050876221011e-01 2.949052685451974964e-01 2.817991406258183451e-01 3.180841780978314604e-01 3.048986631410856574e-01 3.743874804525221811e-01 4.013093391735170767e-01 4.323084542438457301e-01 3.550602011870770403e-01 4.140471084701938254e-01 4.483890903843344433e-01 3.853604700623148305e-01 4.181624763947675572e-01 4.335535838648582052e-01 4.116735175695023230e-01 4.106087820387966936e-01 3.941346278490666655e-01 4.056825448093956399e-01 4.034638482604947507e-01 4.298798933154437951e-01 3.752201645461824553e-01 3.714302665398969694e-01 3.865331088860251008e-01 3.690907199791170212e-01 4.028895715577751058e-01 3.925608437888076785e-01 3.450907122201191113e-01 3.430584993117175574e-01 3.636274551580874204e-01 3.718548189523803726e-01 3.464046520951964414e-01 3.471236584318531104e-01 3.589954582996189303e-01 3.930041664905169485e-01 3.443604526044635739e-01 2.945711439201273985e-01 2.974314518048251088e-01 3.133354790999693384e-01 3.517859301587581977e-01 3.446335641494880919e-01 3.468207750576602355e-01 3.482375375470546097e-01 3.108206094090057436e-01 3.331034862970664312e-01 3.520330340439281058e-01 3.313603073033624113e-01 3.117138375874856093e-01 3.077256204982535270e-01 2.984639325747224237e-01 3.196840410054315185e-01 3.018696955436466212e-01 3.104741637694301004e-01 3.189042334868552042e-01 3.599261608268486401e-01 3.387916395461380015e-01 3.217371396857830468e-01 3.560717413422093136e-01 3.475280423508130268e-01 3.584154174823209749e-01 3.880266067105643812e-01 3.584259236611401223e-01 3.789614679486508764e-01 3.873769413780896453e-01 3.501678661028719275e-01 3.673774103267578028e-01 3.467904262597276688e-01 3.665625345157572101e-01 3.544271271104771914e-01 3.537752445618474462e-01 3.577098932048201618e-01 3.462021866041355977e-01 3.543603360724911777e-01 3.433771946838933276e-01 3.306491239392159165e-01 3.470137718508072289e-01 3.489726679524918218e-01 3.217965773212727032e-01 3.128975041671995250e-01 3.468782081913204252e-01 3.470295594577667564e-01 3.220145162325855348e-01 3.470144752009772793e-01 3.171947869164690736e-01 2.955211628034971616e-01 2.970221429061475349e-01 3.291499223386297746e-01 3.223712220741445922e-01 3.091314453466197376e-01 3.257462937860530761e-01 3.222722943306874921e-01 3.071851846124353247e-01 3.147984327477936772e-01 3.151784291440429819e-01 3.356690169679050206e-01 3.153929093192243682e-01 3.052484178884755650e-01 3.126822108499789921e-01 3.235445665737226029e-01 3.017895835074497768e-01 3.105040005040826112e-01 3.019519379721912200e-01 2.964266881544231902e-01 3.060161980905086732e-01 3.306272551352255618e-01 3.205142254019437420e-01
-7.153787137290726524e-03 8.919579585195674953e-02 2.914076714899177523e-01 1.000000000000000000e+00 3.829934307774116586e-01 3.758773000216079074e-01 5.651366752473268029e-01 5.729330259477232179e-01 4.466097544085167459e-01 3.968239510776216949e-01 5.149234307787270426e-01 6.502612136161389778e-01 4.828437575224994727e-01 4.719560339778507974e-01 5.572030791664264182e-01 5.615918908471474458e-01 4.544355596961495714e-01 2.999536862780056157e-01 3.579275259862893521e-01 5.010726764977891934e-01 4.317168641244748528e-01 4.213743288163419032e-01 2.703724728858041826e-01 2.967819665006842800e-01 3.767591378093027021e-01 4.704185617017281329e-01 4.719435865607529701e-01 4.020045801009456965e-01 4.179739229545568202e-01 3.605901793602564465e-01 4.597369017395205870e-01 4.001250781903245013e-01 4.001709172720174790e-01 4.152821435802503403e-01 3.663580858323323142e-01 4.609111684212566229e-01 4.221689263661592695e-01 4.607733122921834901e-01 4.484337023547377843e-01 5.380443308105573585e-01 5.234165348157010511e-01 4.924675066264115331e-01 5.127670307184172271e-01 5.211626759723723135e-01 5.074252574882914812e-01 4.675964788227173763e-01 4.862860672714425792e-01 4.717653491414733335e-01 4.974814585648782428e-01 5.236993710058975848e-01 4.940341418158089581e-01 5.658866793020983499e-01 5.517516684529013560e-01 4.578381438746425558e-01 4.316516404715053379e-01 4.416448147944419533e-01 4.984271670264980303e-01 4.818063954513974179e-01 4.638436077798186452e-01 4.862357727793608086e-01 5.114488180429155317e-01 4.758826525733480528e-01 4.856709555306137904e-01 4.906675160317137130e-01 4.691472658889766501e-01 5.013589959883801850e-01 4.744297047564645098e-01 4.531398514469220373e-01 4.503924127264978816e-01 5.545874175980120002e-01 4.751220462483128903e-01 4.655110827334806300e-01 4.492077665520990415e-01 4.541702880069189430e-01 4.962099616081876996e-01 4.792546102401388231e-01 4.744136303318036152e-01 4.783722723557025658e-01 4.702858421113145226e-01 4.393140081577475708e-01 4.368262519123758958e-01 4.717793258981018978e-01 4.866256676063125952e-01 4.444543305713555270e-01 4.794303949824344491e-01 4.648891817451666908e-01 4.660677272490693634e-01 4.678295183167863747e-01 4.732852958716109448e-01 4.933612240475303001e-01 4.913817613089629388e-01 4.983151927099909173e-01 4.944077419061218559e-01 4.878345964933686885e-01 4.794684435820789625e-01 4.737820292194475091e-01 5.442850288538834125e-01 5.178017610619803923e-01 5.046246183386641215e-01 4.945195104289002441e-01 5.131178363230897155e-01 5.110060475055882012e-01 5.093754920680215736e-01 5.047493486492993231e-01 5.215005712265836646e-01 5.080706168382090882e-01 4.862809395559556935e-01 4.763821594255473468e-01 4.796601408126486832e-01 4.880014162896638141e-01 4.907444687215158363e-01 4.801738311231504297e-01 4.830968380549472974e-01 4.906056621703652199e-01 4.779420819275129739e-01 5.002399639406208687e-01
7.184631258358655133e-03 1.214383316694962883e-01 1.761468576052662161e-01 3.829934307774116586e-01 1.000000000000000000e+00 2.907377371438135683e-01 4.639719779816042222e-01 4.777816468962186591e-01 4.333698761860156901e-01 3.941873605479897513e-01 4.316541043928552313e-01 5.176813657554213410e-01 4.674352735897371880e-01 4.432836803322201535e-01 5.038192913961925257e-01 5.052735257017618720e-01 4.148830129400051248e-01 2.670671438654674823e-01 3.289597431184676513e-01 3.553640283372369590e-01 3.061675212533087609e-01 3.507035234075849828e-01 2.975875413255996138e-01 2.831961901727942932e-01 3.349034238571402256e-01 4.393144341520292540e-01 4.452090140428503484e-01 4.146198767486740655e-01 4.064839896162218413e-01 3.882701219612540999e-01 4.423979376439263755e-01 4.105552315864465229e-01 4.049596101577346841e-01 4.103818129391095249e-01 3.918495332144801835e-01 4.235195443142512617e-01 4.276045615363136543e-01 4.544382511361822474e-01 4.555958390340725250e-01 4.690123435134126995e-01 4.855531733985569698e-01 4.820091761364337368e-01 4.850361142345429588e-01 4.927380027863753620e-01 4.740934719616670678e-01 4.722393326072220621e-01 4.851530034844667716e-01 4.804517231071256389e-01 4.893629573606442795e-01 4.760805440695013990e-01 4.809226339620145674e-01 4.860630618574564021e-01 4.967015850191786042e-01 4.664538658857752540e-01 4.510023167731572191e-01 4.540596145795751104e-01 4.745260164276614567e-01 4.855157384262041020e-01 4.784998302261326275e-01 4.874514357963921074e-01 4.967253376976000223e-01 4.831482196453303901e-01 4.821021536077432779e-01 4.811707271499412464e-01 4.632936628946991431e-01 4.790425039814633079e-01 4.756770015702499466e-01 4.580828891554016291e-01 4.595457490772334452e-01 4.831673607564589967e-01 4.546550455284850689e-01 4.627056152753766249e-01 4.414697167443969450e-01 4.479844534309372905e-01 4.897491077994081676e-01 4.736646037773232232e-01 4.751305345512681910e-01 4.738687500818138942e-01 4.688537292950497037e-01 4.557982732320179919e-01 4.528003562070720411e-01 4.804401008131090056e-01 4.687301348682367808e-01 4.524765281369109715e-01 4.753267790566596540e-01 4.646007128760211158e-01 4.716942873367224176e-01 4.728607538737737981e-01 4.810443041716132018e-01 4.781027350654489250e-01 4.815119313821302205e-01 4.908085176334243682e-01 4.850698446191781255e-01 4.874397228492706735e-01 4.855948105316088559e-01 4.834710750191599238e-01 4.961910743516368405e-01 4.868218379253654304e-01 4.919546105559213234e-01 4.848519446117099951e-01 4.911656370329348098e-01 4.896046445603142727e-01 4.944099680546575337e-01 4.955471913267945339e-01 4.897912815917359608e-01 4.847634957748455653e-01 4.853433559636025074e-01 4.812730438714509229e-01 4.811433779998090521e-01 4.887474195128373444e-01 4.869756144642628515e-01 4.847058786542934872e-01 4.844919810072108590e-01 4.855570869001209489e-01 4.754898142614519818e-01 4.884033403438287624e-01
8.932344409897211707e-03 7.450747811488331318e-02 2.039327443179375088e-01 3.758773000216079074e-01 2.907377371438135683e-01 1.000000000000000000e+00 5.145770168283775314e-01 4.827566001066372903e-01 4.966182575785040854e-01 4.551548375555590775e-01 5.022342171385415499e-01 5.571227416036608204e-01 5.093520080551914297e-01 4.961841370823291686e-01 5.619118217702765428e-01 5.551461707686297098e-01 5.060220823969769910e-01 4.083178675739490560e-01 4.654905947306016145e-01 4.486164377132673131e-01 4.302097668957255427e-01 4.829258832707275517e-01 4.388331756337138789e-01 4.245076853592203436e-01 4.682509926683843804e-01 5.433084280240867425e-01 5.431193566311033338e-01 5.265896395935083518e-01 5.098947378826349519e-01 5.008945153817985219e-01 5.486948156991556802e-01 5.239232770270253470e-01 5.271624946285686786e-01 5.305728936205935664e-01 5.109301017923412180e-01 5.511995501447792822e-01 5.421375510890398264e-01 5.639432480539711134e-01 5.482843187916640604e-01 5.769279563968190416e-01 5.784972480421596286e-01 5.707852665722052965e-01 5.728692601266486273e-01 5.833265919024335222e-01 5.763316995481951865e-01 5.603612028185942506e-01 5.566385365271254715e-01 5.591729740272340932e-01 5.626328977353398653e-01 5.731098172416742020e-01 5.659963067345653576e-01 5.682899279019558714e-01 5.832044363579698132e-01 5.543049488138792613e-01 5.491169631703970433e-01 5.581864431249649039e-01 5.583725354482045322e-01 5.610310407808557498e-01 5.501819883291588775e-01 5.537917791912575494e-01 5.677954618537524034e-01 5.496254084830098918e-01 5.542912790151238722e-01 5.574183387092747077e-01 5.577661706384829943e-01 5.656260486912183527e-01 5.618138624606893172e-01 5.613963263223473721e-01 5.567804282307073915e-01 5.770742342918973034e-01 5.653107633353346984e-01 5.612655121589530394e-01 5.533303155835065379e-01 5.552470530953138583e-01 5.734288591569799420e-01 5.700920569820772110e-01 5.629177561579375988e-01 5.666422008740510385e-01 5.629379425397604830e-01 5.461741170321412486e-01 5.539667681392196341e-01 5.629720822839067162e-01 5.714909824634549773e-01 5.579576726859543090e-01 5.670118536476750348e-01 5.649091571952680191e-01 5.649955948972354980e-01 5.633619413697930067e-01 5.581933739564211017e-01 5.697501537336033817e-01 5.746241345504741194e-01 5.715995225962792192e-01 5.741248507869901596e-01 5.652291904537781742e-01 5.591162551302754080e-01 5.580743166076632678e-01 5.784134774761370279e-01 5.731039094589011063e-01 5.675591144236655783e-01 5.691669424852444648e-01 5.743623046923290731e-01 5.692088906338501619e-01 5.717093924328243704e-01 5.695775425651432577e-01 5.771139273012376725e-01 5.676526542335287306e-01 5.618100533824637033e-01 5.650983230254249534e-01 5.676808572075803250e-01 5.622689480401115159e-01 5.658825931529387621e-01 5.599989750638918462e-01 5.616340675634678981e-01 5.626029814082417202e-01 5.614059648819651471e-01 5.674373049447497541e-01
5.675868406773224711e-02 1.361078272880097695e-01 3.460557377842690130e-01 5.651366752473268029e-01 4.639719779816042222e-01 5.145770168283775314e-01 1.000000000000000000e+00 7.414731297646633967e-01 7.045853557905519260e-01 6.288079817262938187e-01 7.274670285771883682e-01 7.900195043279019114e-01 7.271191622537117594e-01 6.917960333975046172e-01 8.260673399199531808e-01 8.064233456357600138e-01 7.243177408373225878e-01 5.803159423298329678e-01 6.619807102559177592e-01 6.425715380099514817e-01 6.409775042128011968e-01 7.038760929265505117e-01 5.822040415663796153e-01 5.734829818136696344e-01 6.626662528495235183e-01 7.540753797719559337e-01 7.598697849344030475e-01 7.261364457170498277e-01 6.982688270159927990e-01 6.897448281223973465e-01 7.556438006555150633e-01 7.204364828727778391e-01 7.149893346939234506e-01 7.057310276580360808e-01 6.986705542381846934e-01 7.472921924907153235e-01 7.449158528859782802e-01 7.586403150110334614e-01 7.550060105277974776e-01 7.793355211376210567e-01 7.899405690288849868e-01 7.810684233725987413e-01 7.936777266902812489e-01 8.004382308921285105e-01 7.890134693383442643e-01 7.760037878394570043e-01 7.602342962925940917e-01 7.582443610171398785e-01 7.675386154606792521e-01 7.769095854149544733e-01 7.733948566753185982e-01 7.748986303325229308e-01 7.990719523524461021e-01 7.607419717132566372e-01 7.538836374728584699e-01 7.490935574395812813e-01 7.683335009799975301e-01 7.637561783949081695e-01 7.636660087749542747e-01 7.636388413218185844e-01 7.802477867485260177e-01 7.678170115977377419e-01 7.660833412136818232e-01 7.664709153138179465e-01 7.666204240931462355e-01 7.818043696727324798e-01 7.682086412535802378e-01 7.698935916879321439e-01 7.626298803925656289e-01 7.999341508539599133e-01 7.809385648696776094e-01 7.758082802009397261e-01 7.528513710003253978e-01 7.567904607023672181e-01 7.867157197042988770e-01 7.846515299055754067e-01 7.805802158135237701e-01 7.780285269795492731e-01 7.728954146474725784e-01 7.460117525167733188e-01 7.533281920942473953e-01 7.703077513486802363e-01 7.749512107579703546e-01 7.664407502190101473e-01 7.674033298844118445e-01 7.627250466803860984e-01 7.655463503966403183e-01 7.635368316369193220e-01 7.622247442291786301e-01 7.767357354826633919e-01 7.890731236216931288e-01 7.790721205686308437e-01 7.779482925710503594e-01 7.722331796275961890e-01 7.609618020570905195e-01 7.594383908602063693e-01 7.807591832558500311e-01 7.759452277584312219e-01 7.735883326454559006e-01 7.744486645737798103e-01 7.814956048369324781e-01 7.736989830110742039e-01 7.763535937646020013e-01 7.752673749064489250e-01 7.800137517983704027e-01 7.702512182124257034e-01 7.646020220881153406e-01 7.700298892487812408e-01 7.724942321493215580e-01 7.688375593309973999e-01 7.705012823349441931e-01 7.667999334723067939e-01 7.646622745760255357e-01 7.675933312718576929e-01 7.682723100223682877e-01 7.744101642026995913e-01
-7.220619376681346006e-03 1.442789176044872446e-01 2.391851760364948620e-01 5.729330259477232179e-01 4.777816468962186591e-01 4.827566001066372903e-01 7.414731297646633967e-01 1.000000000000000000e+00 6.965262174655472149e-01 6.417118721423792360e-01 6.591218469637180055e-01 8.036197538236593552e-01 7.351774025359089082e-01 6.894560002705726331e-01 8.135419689000616961e-01 8.347193241469195168e-01 6.698913810566647919e-01 4.528303184636824352e-01 5.261249096091864530e-01 5.822457725223926239e-01 5.321363357346374778e-01 5.811314092350186034e-01 4.669688887950451117e-01 4.212398320532634299e-01 5.266039607176806747e-01 6.787214611073636439e-01 6.854106704700655417e-01 6.400798798549373059e-01 6.077297404666762715e-01 5.955310072398164456e-01 6.669591776030944219e-01 6.661117764835472466e-01 6.421903425293593592e-01 6.292945398468873242e-01 6.162295449705083028e-01 6.738884215876184136e-01 6.519173154257029701e-01 7.373304534375260122e-01 7.218261378811716700e-01 7.407202394700456161e-01 7.606410338070198618e-01 7.611871031860104608e-01 7.742797911509214925e-01 7.792130666193780586e-01 7.408575356239256449e-01 7.491844484210261612e-01 7.740646668841311140e-01 7.666389038432357417e-01 7.796245003143740249e-01 7.661541879991496939e-01 7.671428728417720722e-01 7.825863955997319765e-01 7.957069763615971514e-01 7.621916193502387138e-01 7.423693255918375478e-01 7.234652526439551146e-01 7.785120576536763704e-01 7.788876910505658779e-01 7.768451057203688004e-01 7.802265817825775329e-01 7.906122413312683950e-01 7.838565957312528809e-01 7.810536917799733025e-01 7.783211633865968482e-01 7.391571891454629117e-01 7.793238632551171552e-01 7.630949118977277124e-01 7.316819419235945920e-01 7.321041849653525668e-01 7.751216360652131154e-01 7.277316644648152977e-01 7.398802531257967496e-01 6.945959073402738770e-01 6.949395700028718759e-01 7.658141484150438050e-01 7.452353125401226519e-01 7.500373248051337427e-01 7.416799667900481063e-01 7.399292117471608643e-01 7.110137630842595646e-01 7.092043858161832803e-01 7.467734830163907933e-01 7.503200860854124521e-01 7.291120002321026528e-01 7.559924479567149413e-01 7.351305755403736431e-01 7.333833838214250944e-01 7.576411059735009834e-01 7.607024112588022247e-01 7.605281076990114686e-01 7.580352836164717667e-01 7.766550992692192734e-01 7.585808350594691607e-01 7.702500761278519015e-01 7.721639525694750095e-01 7.697590388002563122e-01 7.916079880943214242e-01 7.860206814543734266e-01 7.872126320335277594e-01 7.763183272022057269e-01 7.832404132726620283e-01 7.918362400536560486e-01 7.836641970489109932e-01 7.840705654518684842e-01 7.796727172850413945e-01 7.844221574272022268e-01 7.767157644183906307e-01 7.689629007644929182e-01 7.701156802142761215e-01 7.819279016237740132e-01 7.797143545919544838e-01 7.759834818980159143e-01 7.806288371538424586e-01 7.802391904537795408e-01 7.598889729353134337e-01 7.799961442641329956e-01
1.440861960340956427e-01 2.117977893385272758e-01 3.153062890833340792e-01 4.466097544085167459e-01 4.333698761860156901e-01 4.966182575785040854e-01 7.045853557905519260e-01 6.965262174655472149e-01 1.000000000000000000e+00 7.399922127084955781e-01 7.509706700690751413e-01 7.918440547485930958e-01 7.718830519924166911e-01 7.478896874281431018e-01 8.279714994148306140e-01 8.253886115086982445e-01 8.128819155276292285e-01 6.339691313979188836e-01 7.054598448216973239e-01 6.320469371809149806e-01 6.079705860079057667e-01 7.018636749155913179e-01 6.843338155991252059e-01 6.503488897548578285e-01 7.067223547533491024e-01 7.867740184029773376e-01 8.140113371386389352e-01 7.940580425449381696e-01 7.600061391790506882e-01 8.041434350844579582e-01 8.365897248565895561e-01 8.274186535865292180e-01 7.945949394889423312e-01 8.117538707786541297e-01 7.983384287004472446e-01 8.285257213659599218e-01 8.333868234865587921e-01 8.466738795716681754e-01 8.541394095251022556e-01 7.918508291520293119e-01 8.472036360037007441e-01 8.437948541121944590e-01 8.433673817958533547e-01 8.549662360990069043e-01 8.504672785830466042e-01 8.464852953933339474e-01 8.529771112290851498e-01 8.625681499986044276e-01 8.623672283962185992e-01 8.514823300612734958e-01 8.601288758747319685e-01 8.137764604330181006e-01 8.520989250885714350e-01 8.705278237135892772e-01 8.545335076614167802e-01 8.446378334621627015e-01 8.642752870803618315e-01 8.493142403931075446e-01 8.630446442369440474e-01 8.580834043176900350e-01 8.630401814823632778e-01 8.661505701959510972e-01 8.640740756280104184e-01 8.698282831538372006e-01 8.638990021386897533e-01 8.726916514386015011e-01 8.675989418390495089e-01 8.676796304607953259e-01 8.654549821997462589e-01 8.490998716837008242e-01 8.461286530898174396e-01 8.596399733613667715e-01 8.499203472601565279e-01 8.457801642269940912e-01 8.651993838613063481e-01 8.629734790688498025e-01 8.587289805900779616e-01 8.553531647851525532e-01 8.576190916009807097e-01 8.629011448545719221e-01 8.603130773611575854e-01 8.701857762970816035e-01 8.636188869869196871e-01 8.615374052841504593e-01 8.559908956425024140e-01 8.628986613388966997e-01 8.644252443841117239e-01 8.588412320981099191e-01 8.579338485815549697e-01 8.600129566028964501e-01 8.526384059032169338e-01 8.566157490199411972e-01 8.604617492749699892e-01 8.539388347701410975e-01 8.547648596735787363e-01 8.579311133552732782e-01 8.462231232001818926e-01 8.630291632731901252e-01 8.592640624496891144e-01 8.613882201875401323e-01 8.495763748117258762e-01 8.572026234209093598e-01 8.586138363788250460e-01 8.549009303725952913e-01 8.613863032415803866e-01 8.575405724883601311e-01 8.628309003268727073e-01 8.671942222390380817e-01 8.664400574383969156e-01 8.574480754787680015e-01 8.585653037254132869e-01 8.601928732470152106e-01 8.570410311022385041e-01 8.642707503603455077e-01 8.700914208263746952e-01 8.672707298790810482e-01
5.361674172237630015e-02 1.894829074412702763e-01 2.669207660603618026e-01 3.968239510776216949e-01 3.941873605479897513e-01 4.551548375555590775e-01 6.288079817262938187e-01 6.417118721423792360e-01 7.399922127084955781e-01 1.000000000000000000e+00 6.878349764762820007e-01 7.303632872452471281e-01 7.358723748843271073e-01 7.070538089028899353e-01 7.822213288418615740e-01 7.778408419235570692e-01 7.279965412604906261e-01 5.242466694367423630e-01 6.058924204910182132e-01 5.201530938673359916e-01 4.872577977659473536e-01 6.047984789534086580e-01 6.311743125955724398e-01 5.591138413023190035e-01 6.113707042948840487e-01 7.207650285045172911e-01 7.551175683170180397e-01 7.558460143274271514e-01 7.160212939907545371e-01 7.344187026819410935e-01 7.610126915988103535e-01 7.803135666419589445e-01 7.615998886933197376e-01 7.475342309775817595e-01 7.441492623752581359e-01 7.611424543488717331e-01 7.703916410620935684e-01 8.060849336197428716e-01 8.095213255154457554e-01 7.655043195550218504e-01 8.075119906690310101e-01 8.133125947054469229e-01 7.953608717573203979e-01 8.049159224757783671e-01 7.972288370868712004e-01 8.094149945261188694e-01 8.181779697035900245e-01 8.258686105370404151e-01 8.177459645339827388e-01 7.884969740162729446e-01 8.140109565421069782e-01 7.325180542566023245e-01 7.887029145160727728e-01 8.216465355220625710e-01 8.053587000762942871e-01 8.104170247434397956e-01 7.952438656569102982e-01 8.151329832335072467e-01 8.169894245048382464e-01 8.111672486032690532e-01 8.114393323584484508e-01 8.150114821518062991e-01 8.086075022885547137e-01 8.135577708674723851e-01 7.927075013064187603e-01 8.038147969857112329e-01 8.243214284443927120e-01 8.071740978403036948e-01 8.168392261887386097e-01 7.752733690609855399e-01 7.790438987274834748e-01 8.076608581916761009e-01 7.860308933632306205e-01 7.833100160618320373e-01 8.190243004365100887e-01 8.150016365263341722e-01 8.208830177997531452e-01 8.110060559653895496e-01 8.160696459772998068e-01 8.133661999521434316e-01 8.086241734298641459e-01 8.222928553290272946e-01 8.202691567671385187e-01 8.154133971826944549e-01 8.147176178204822428e-01 8.133178055379088889e-01 8.199566833410051325e-01 8.236640528451319998e-01 8.231858039370076874e-01 8.215143993609997919e-01 8.158963997990631434e-01 8.236021795517163291e-01 8.184814289210674554e-01 8.205509777274895278e-01 8.183020346294522795e-01 8.234049745715803503e-01 8.022755591110029005e-01 8.004297079777826784e-01 8.171516486925174405e-01 8.215441401456965442e-01 8.149775107114340944e-01 8.119381983663124247e-01 8.136406108916123259e-01 8.163955841863997920e-01 8.085213895707232812e-01 8.062557616838100794e-01 8.224385308561327212e-01 8.262093738952974720e-01 8.256849316093662905e-01 8.193799526636448283e-01 8.231384066144289413e-01 8.205424261760404514e-01 8.174968300391937115e-01 8.190627149715726807e-01 8.180825619508460544e-01 8.149401550979958886e-01
1.034533188831360390e-01 1.559633731372983279e-01 3.865528737608592835e-01 5.149234307787270426e-01 4.316541043928552313e-01 5.022342171385415499e-01 7.274670285771883682e-01 6.591218469637180055e-01 7.509706700690751413e-01 6.878349764762820007e-01 1.000000000000000000e+00 8.048094701171225607e-01 7.425389198572477367e-01 7.235439562208856312e-01 8.028207751528202429e-01 7.893370293996846421e-01 7.914570906060770517e-01 6.543906231685765462e-01 7.423934174852107049e-01 6.316675678151106865e-01 6.530303431562270999e-01 7.551794398655948815e-01 6.954078431200808597e-01 6.858485903962626695e-01 7.473868949764886915e-01 8.012497560666280716e-01 8.192801956919416595e-01 7.987206955358437943e-01 7.858824455974472434e-01 7.938610127575961295e-01 8.408045330036426623e-01 8.084263876736115240e-01 7.912694927188484995e-01 8.076798971873079269e-01 7.845939235649843635e-01 8.322901477075431709e-01 8.280779249124593511e-01 8.240112415309559513e-01 8.276373915163525163e-01 8.102981124543185976e-01 8.388951708134745333e-01 8.240447086108756425e-01 8.349200462143029355e-01 8.448011011234592971e-01 8.500642928048465219e-01 8.321302093760394314e-01 8.095958998253758310e-01 8.153734230698806984e-01 8.218178019017902125e-01 8.307315824250133263e-01 8.332756763208609696e-01 7.935873025187436536e-01 8.323351517480249706e-01 8.199945326387267919e-01 8.171561435666563344e-01 8.229875283136475206e-01 8.216452676767996843e-01 8.161095338744878136e-01 8.151866794243726178e-01 8.096132144228675998e-01 8.276096984450397320e-01 8.160350917042390462e-01 8.184126727144437341e-01 8.225063807894199552e-01 8.337981102156252211e-01 8.348835108144085915e-01 8.267773020380958515e-01 8.400165534929366906e-01 8.355860714671050626e-01 8.315192162756395167e-01 8.437481477810986341e-01 8.410373239385949828e-01 8.352360379892361797e-01 8.404246986705516953e-01 8.407756790405725988e-01 8.458342025945518872e-01 8.347318504511160864e-01 8.437508010884663401e-01 8.370146434007901259e-01 8.287624478170745324e-01 8.321219175717763372e-01 8.420058946067691119e-01 8.428345963177188427e-01 8.324702663801539781e-01 8.271648399819626629e-01 8.363648995399904917e-01 8.417845785360686950e-01 8.235989594198174224e-01 8.221931351441906788e-01 8.376172218897690591e-01 8.376164578142821782e-01 8.266669391879541973e-01 8.394650180774114734e-01 8.241873449044567757e-01 8.104583629642494458e-01 8.134652074599015847e-01 8.234550059306227077e-01 8.236265958934503306e-01 8.216308227715272139e-01 8.289481913577566585e-01 8.256103188554440031e-01 8.159452775171157635e-01 8.194864924523076466e-01 8.230841131837594027e-01 8.340493100750894229e-01 8.169292303868451732e-01 8.196151557919119091e-01 8.258370491430583327e-01 8.294964068294972126e-01 8.149694866291378181e-01 8.202242154286139009e-01 8.166193958957181920e-01 8.121238401748132052e-01 8.190709035795528115e-01 8.317957115877671059e-01 8.265202663004224126e-01
1.304290437583002608e-02 1.402059199683708124e-01 3.399586050876221011e-01 6.502612136161389778e-01 5.176813657554213410e-01 5.571227416036608204e-01 7.900195043279019114e-01 8.036197538236593552e-01 7.918440547485930958e-01 7.303632872452471281e-01 8.048094701171225607e-01 1.000000000000000000e+00 8.242277571787617330e-01 8.053269817947363851e-01 9.066156567175308600e-01 9.016563554788952217e-01 7.975358607178751891e-01 5.724099324479805517e-01 6.765490571634511507e-01 6.723920271807314331e-01 6.279570857288579999e-01 7.190043016357248185e-01 6.042035908651743892e-01 5.858560112778791185e-01 6.809905521511743220e-01 7.939199989252651024e-01 8.185177271593018222e-01 7.891430538399346606e-01 7.561685318773537778e-01 7.556117665086076185e-01 8.230959664222571304e-01 8.049046312178185225e-01 7.907764177179242848e-01 7.950324937693277194e-01 7.670052788486214634e-01 8.251513609517939773e-01 8.134517027969693226e-01 8.699513127940047275e-01 8.638843051219267100e-01 8.691128848072343649e-01 8.900161169127153160e-01 8.873103157519034445e-01 8.889024511587279020e-01 9.068679844968335901e-01 8.870549633102042808e-01 8.781342961678390013e-01 9.008078465725992690e-01 8.936462262624922381e-01 9.033434342591414312e-01 8.942881683524376291e-01 8.910883866015276711e-01 8.931643461113090154e-01 9.120315467509323426e-01 8.829205035902134568e-01 8.570141644062707620e-01 8.580138611472688526e-01 8.898021350972530330e-01 8.979312582384656460e-01 8.892308923115165298e-01 9.021159020143197926e-01 9.133393766496687993e-01 8.969077993164711327e-01 8.959828274980055074e-01 9.002179262421619033e-01 8.778171759737357638e-01 8.991022959967744921e-01 8.944346444551407593e-01 8.748796263964522257e-01 8.693279382893138729e-01 9.050859713227521475e-01 8.752027239202401221e-01 8.869123651524758456e-01 8.508978334332577553e-01 8.562676833937975518e-01 9.019269087300678667e-01 8.889554270506260236e-01 8.857336312398378375e-01 8.810468561568519652e-01 8.859331679377385749e-01 8.673203885058680118e-01 8.654269220287778008e-01 8.935784038449190447e-01 8.884354409565645705e-01 8.717088317696798372e-01 8.914047056451144257e-01 8.823721514558539036e-01 8.851387801281997980e-01 8.916399699942867407e-01 8.950700875658088584e-01 8.921914368663286243e-01 8.960718800421301200e-01 9.058074165758870366e-01 9.025341763070662271e-01 9.026443534477356367e-01 9.015260047951821898e-01 8.985185710485625865e-01 9.102343770870664486e-01 9.048171757923418879e-01 9.091914088491532819e-01 9.010207896071923406e-01 9.074324156515044537e-01 9.089859034293849005e-01 9.124623361122707887e-01 9.110631043049484123e-01 9.139758008822025381e-01 9.031570245340623249e-01 9.034017031664181019e-01 8.973225678226913749e-01 8.986541551422699836e-01 9.046106083536114006e-01 9.019711265024310531e-01 9.020115450158241455e-01 9.023848241972325379e-01 9.041479286675945248e-01 8.969906503503686235e-01 9.082413865389977747e-01
3.335825334456178626e-02 1.534305228527168552e-01 2.949052685451974964e-01 4.828437575224994727e-01 4.674352735897371880e-01 5.093520080551914297e-01 7.271191622537117594e-01 7.351774025359089082e-01 7.718830519924166911e-01 7.358723748843271073e-01 7.425389198572477367e-01 8.242277571787617330e-01 1.000000000000000000e+00 7.515788856362012327e-01 8.500425293739273247e-01 8.552460304137063929e-01 7.772969248260125363e-01 5.598588062664348053e-01 6.465424954987007977e-01 5.956152315700863342e-01 5.605306209560296793e-01 6.616095077663924906e-01 6.164026267807695136e-01 5.762609675681600319e-01 6.490398851564995741e-01 7.597237138852409588e-01 7.872211022266533131e-01 7.720637699754081540e-01 7.275521591659692699e-01 7.530310389838050789e-01 7.919124541455783151e-01 7.975702429785173075e-01 7.789533295496455789e-01 7.748250270617690338e-01 7.682707285460541602e-01 7.871169640594997130e-01 7.964390722663868827e-01 8.426711431730911084e-01 8.431184463765403203e-01 8.096842370423771307e-01 8.442658213290495928e-01 8.493001274448404025e-01 8.518558566787732822e-01 8.623460817165559122e-01 8.430069438628626788e-01 8.505018420815396718e-01 8.680242543755332107e-01 8.683464430924667798e-01 8.706021043654026403e-01 8.461502151788601322e-01 8.569271347665753380e-01 8.262791946025456191e-01 8.593990001818290203e-01 8.626046461560719081e-01 8.405389869715297335e-01 8.381490755065419407e-01 8.521847395213620890e-01 8.628929851988608180e-01 8.628595340631751709e-01 8.687198141265786155e-01 8.721043491892430666e-01 8.675096342137796901e-01 8.634126433373520149e-01 8.686584446519307612e-01 8.471309051775116616e-01 8.628092099035682416e-01 8.690960534401422910e-01 8.515708442575637971e-01 8.515346382415441839e-01 8.483579036494535153e-01 8.362303126300457690e-01 8.554833769369047936e-01 8.240045340101339599e-01 8.265040306076242294e-01 8.673651905806434304e-01 8.578401016850388805e-01 8.591033084742680792e-01 8.498812736748674324e-01 8.561227713602430622e-01 8.475252592386528505e-01 8.452720892598893920e-01 8.637118648964594581e-01 8.589090668986544275e-01 8.534871950220838110e-01 8.621729327515392782e-01 8.556102483591784269e-01 8.588212744287719858e-01 8.657619932029674281e-01 8.683416736704246963e-01 8.617744012477239757e-01 8.631254184961149045e-01 8.709691722304326866e-01 8.666871290752928836e-01 8.692868589959503733e-01 8.708326854803100092e-01 8.706525154992558191e-01 8.610655941680883663e-01 8.643503591639940531e-01 8.724196844400089468e-01 8.702094770561649151e-01 8.693004983882870462e-01 8.702036638484009767e-01 8.711749056506455924e-01 8.739117180909342641e-01 8.690782293089113208e-01 8.646122529364529408e-01 8.728232589662402452e-01 8.702715427397205161e-01 8.701077316647497506e-01 8.715494998003548988e-01 8.706107476003593915e-01 8.723575698465900752e-01 8.703242076294260832e-01 8.723594240205886363e-01 8.662236683396546955e-01 8.721284206362257541e-01
