1.000000000000000000e+00 1.477731406267293879e-01 1.368959233646292184e-01 9.837257560698262071e-02 1.924274739310278051e-02 4.344256450490956850e-02 -1.464677229747180821e-02 3.425251822476988676e-03 1.139101076210569385e-01 3.105738733526992174e-02 8.014221331713269891e-02 5.255378795161646382e-02 6.102306420557876768e-03 2.220490226225893884e-02 -6.735279996623210440e-03 4.418009845565111504e-02 1.288979683986438696e-01 2.752441726225936525e-01 2.160741339385489623e-01 2.195381354063861146e-01 2.131573515270048791e-01 2.130321346273643390e-01 2.150151021641069082e-01 2.677650408857190634e-01 2.067430128512821597e-01 1.584209940999729005e-01 2.133987380746007190e-01 1.791561410529553533e-01 2.019395334568579448e-01 2.016060347197432823e-01 1.685304178323170643e-01 1.537248888580101391e-01 1.786767950910394254e-01 1.999336252904559685e-01 2.137074816753786466e-01 1.615212650182586140e-01 1.741923398620318919e-01 9.694074540439644172e-02 9.933530073986487907e-02 1.067939489484782539e-01 7.478251053255281777e-02 6.823925837569132236e-02 3.843871941641831269e-02 8.634282265644058207e-02 1.259050393238556886e-01 9.414612338689926085e-02 4.584002622495366233e-03 4.613337284829203272e-02 4.662565743813607694e-02 1.224850457210982652e-01 6.239180971817454013e-02 1.033638444819483387e-01 3.504363290806424003e-02 6.946394645844523874e-02 6.889907712558929198e-02 6.698223425741160753e-02 9.452867581080688641e-02 4.383745452114007346e-02 3.335813006539633391e-02 2.926347950221334579e-02 3.365353039814533709e-02 2.778706606286569097e-02 3.604963325205294555e-02 3.837912121415350264e-02 7.392474903542342601e-02 8.648340875292620522e-02 4.668812868269747035e-02 7.760004390565825028e-02 1.029683556218604912e-01 8.764136932776446509e-02 1.034715941471288370e-01 8.350408417976128150e-02 1.198301355757226405e-01 1.212938675071808803e-01 6.463820523927400752e-02 8.013614293120724374e-02 8.240472391896831728e-02 1.007902318965497312e-01 7.542478290614361425e-02 1.023459926169460882e-01 1.103033648617904872e-01 8.461721954175210891e-02 8.674958422068136665e-02 1.142827885572471891e-01 8.771235103428004498e-02 1.022187790038653205e-01 9.198392684396146379e-02 5.788964087622663901e-02 6.212723320844321800e-02 8.242790898579362147e-02 6.628067498140928493e-02 2.803784536815216027e-02 5.124030158871291374e-02 5.297233438703195102e-02 8.666691991961683605e-03 2.370878185296652549e-02 3.494918338539546726e-02 4.495079474718069457e-02 1.020385776124046844e-02 2.612832040424486676e-02 2.593313162880411110e-02 3.728858779995380957e-02 9.142429069938919767e-03 2.105159094046437154e-02 5.428366050108592716e-02 5.190603335745860858e-02 2.616834066741642942e-02 4.261013799759032217e-02 4.810763473479066216e-02 1.379032798907700412e-02 1.129080054659858251e-02 1.532811018175031167e-02 4.510364158558260485e-03 2.188816718011837512e-02 5.088427739603707672e-02 3.517013960832857805e-02
1.477731406267293879e-01 1.000000000000000000e+00 1.089014379508381480e-01 9.029250199667686327e-02 5.198277935890242146e-02 1.159456470429671843e-01 1.173350752663878949e-01 1.197816979765069512e-01 2.234081001575407843e-01 2.046911496395364960e-01 2.047673196075742719e-01 1.786785263373835975e-01 1.725307517946672586e-01 1.492361107354190364e-01 1.760837444236901250e-01 1.890181988936551205e-01 1.940536161639832557e-01 2.780121757846167885e-01 2.440286673464322764e-01 2.189415548872542527e-01 2.162284269496192457e-01 2.511287838426723984e-01 2.921689950250987433e-01 2.701512784173848991e-01 2.558280887798966008e-01 2.500370453534944692e-01 2.488560892112414158e-01 2.591836513055502667e-01 2.678632815672018497e-01 2.938067790856403461e-01 2.619251086549160834e-01 2.599789967432468707e-01 2.702383194331545169e-01 2.661796345356524651e-01 2.920198593047903524e-01 2.312635918842285143e-01 2.693831431659741704e-01 2.485224602973255537e-01 2.341440499217852522e-01 2.212771481224931058e-01 2.091523101648368466e-01 2.032860110350684368e-01 1.943616812090557533e-01 2.074673750409317396e-01 2.263000034192147458e-01 2.286146081704054089e-01 1.802980966188061918e-01 2.071823811193937992e-01 2.099975744220569929e-01 2.252012921691012304e-01 2.095489426494123730e-01 1.800125354779209541e-01 1.800393107114319491e-01 2.242530624785886162e-01 2.241510266240439864e-01 2.337552326204343500e-01 2.286122316185255354e-01 1.937945941484050250e-01 2.075189950265281247e-01 1.929048039136667947e-01 1.986010601022825672e-01 2.017776828787749277e-01 2.050351499525085164e-01 2.061466032479755961e-01 2.057483668272540867e-01 2.207362368635749084e-01 2.014315668818652538e-01 2.219502584401852330e-01 2.432688162313906000e-01 2.149295577923300560e-01 2.145396629809004641e-01 2.121946675923498116e-01 2.341934420327635158e-01 2.279905774415006692e-01 2.097067191949776865e-01 2.056370140506859623e-01 2.060570170249817756e-01 2.258407627819160324e-01 2.173797799062065772e-01 2.360096290452008694e-01 2.342001533962947413e-01 2.244736553065584672e-01 2.237219478778447457e-01 2.410012101918598271e-01 2.105996935852954000e-01 2.282966009230447957e-01 2.194777823248343085e-01 2.080191750927103400e-01 2.120240436236809078e-01 2.191472440976118263e-01 2.062638127056801440e-01 1.868947360016339765e-01 1.980425721565908792e-01 2.048004320086070917e-01 1.830257857274814604e-01 1.901128632364220417e-01 1.622184919254043844e-01 1.731968795658871407e-01 1.765169966568373439e-01 1.856962337514579953e-01 1.822463698804362431e-01 1.899128564994724266e-01 1.698015127741788477e-01 1.830760356310408010e-01 1.867381119520950539e-01 1.968989780039656634e-01 1.850301967666319047e-01 2.009962134375218312e-01 2.015445091296354241e-01 1.848687039897443096e-01 1.826007168575045914e-01 1.873644829200896977e-01 1.812583444364663787e-01 1.834433025041433130e-01 1.942335660574520673e-01 1.860601023303948831e-01
1.368959233646292184e-01 1.089014379508381480e-01 1.000000000000000000e+00 3.148311063885800287e-01 1.585007671434943144e-01 2.648520269364766921e-01 3.197293932337677558e-01 3.013250225154177619e-01 3.829661366917165854e-01 3.616875733900065670e-01 4.123287624474496482e-01 4.153151805166613308e-01 3.513486547807151417e-01 2.937501457088645962e-01 3.811474780386027716e-01 4.094566738826166397e-01 4.013945776800172394e-01 3.924617900835759010e-01 4.075454294945747291e-01 3.376247660381938021e-01 3.702417297802590435e-01 4.163458222290042920e-01 3.858629797940514305e-01 3.780408825729891786e-01 3.887005042224447871e-01 4.357787123828111842e-01 4.279322315323115244e-01 4.372416575186552357e-01 4.238492818710701826e-01 4.276502447433637721e-01 4.445164116767692519e-01 4.326257442494669259e-01 4.127917165858639437e-01 4.248453323359314138e-01 4.114074966021702973e-01 4.298657535058477142e-01 4.370464087637788153e-01 4.326248270084984693e-01 4.258798864049056498e-01 4.260598088291278063e-01 4.263606624830324487e-01 4.191314313544625136e-01 4.155260456648334766e-01 4.202061129917449844e-01 4.313832139031430479e-01 4.269156211421534231e-01 4.026245713580106078e-01 4.152755840247387975e-01 4.204133751733922786e-01 4.272978585772809201e-01 4.263416729035044983e-01 3.905044980247779352e-01 4.016768941431046458e-01 4.234357933974689514e-01 4.291476799800708619e-01 4.222875219735094943e-01 4.213794303834862420e-01 4.128081405931225967e-01 4.177732223335019479e-01 4.053700456989395851e-01 4.143566997966535714e-01 4.120402746992362086e-01 4.174345003129565357e-01 4.179578544361860493e-01 4.179734447596288871e-01 4.185266814924197831e-01 4.146644176371768742e-01 4.262292703133686023e-01 4.340655192851019528e-01 4.276179055226238535e-01 4.289995071098099411e-01 4.251598601399897981e-01 4.330859479089814168e-01 4.256219629303297780e-01 4.215098344338373826e-01 4.172691409548247576e-01 4.206339981922330717e-01 4.263369860085724494e-01 4.234115880223143225e-01 4.310602251698306686e-01 4.248946681733117292e-01 4.290911791519375629e-01 4.286702958058219437e-01 4.327345014125155709e-01 4.255956115760516356e-01 4.307656388327855135e-01 4.261370897712897232e-01 4.212736605455529304e-01 4.206533117460133919e-01 4.261921030528615928e-01 4.206197225246426363e-01 4.098328675921091846e-01 4.172214610308597194e-01 4.199839655940547645e-01 4.022270468996138604e-01 4.066324130374041612e-01 4.016912355199455664e-01 4.079478852972654446e-01 4.037585890054826709e-01 4.112308479139955564e-01 4.107964906089027202e-01 4.166685448378462664e-01 3.972342484941051022e-01 4.059835724303929028e-01 4.126418398298788426e-01 4.134071520308595926e-01 4.086252230260322138e-01 4.141543178903741018e-01 4.166369650608267028e-01 4.043810198960086089e-01 4.086393342216693148e-01 4.048742767680974519e-01 4.034630437950892934e-01 4.081604793973466205e-01 4.095265993442890329e-01 4.080512226294824019e-01
9.837257560698262071e-02 9.029250199667686327e-02 3.148311063885800287e-01 1.000000000000000000e+00 3.851073561968950676e-01 4.353542942054653420e-01 5.725528320672329530e-01 5.381764886851335694e-01 5.540609065096560037e-01 4.917191652354530595e-01 5.976218355076533539e-01 6.840589547200053300e-01 5.685370303993205754e-01 4.533565372926487980e-01 6.137848717455206549e-01 6.341012074078919980e-01 5.741700111512304527e-01 4.201084166959621613e-01 5.209119046481593962e-01 5.215872528874158087e-01 5.118012390533721589e-01 5.584687483098691452e-01 4.231213844940774904e-01 4.287324889312116860e-01 4.920581575715474165e-01 5.898749121450169719e-01 6.113843306850229586e-01 5.842969166752709498e-01 5.025096139754902103e-01 4.888133062948390450e-01 5.800790384402197963e-01 5.627832908423978653e-01 4.856846492536340820e-01 5.151499408950328540e-01 4.641768303643353799e-01 6.120019393135520680e-01 5.688897093212813560e-01 5.543046018336921232e-01 5.791879134944529772e-01 6.213486651670985239e-01 6.296136506001154265e-01 6.309211023925709316e-01 6.339254987541163011e-01 6.509251913686251445e-01 6.413947938241097990e-01 6.016045306820529959e-01 6.145416436706455654e-01 6.123582619438787678e-01 6.162814808071165329e-01 6.162676798678005108e-01 6.283074892860182059e-01 6.862248408971282077e-01 6.564348255895178230e-01 5.996713966901814352e-01 5.907450299307012154e-01 5.865663633601273519e-01 6.105936499426251052e-01 6.219521937752735541e-01 5.922548175166413298e-01 6.166995659140617203e-01 6.200194465651834852e-01 6.023901798069276614e-01 6.001618669178855336e-01 6.025576289431787691e-01 6.290831605448201636e-01 6.398355789692885542e-01 6.134211467962310538e-01 6.022877866138873770e-01 5.875677713215137210e-01 6.549948987869236294e-01 6.451600810281210574e-01 6.249737028683202134e-01 5.907518985047869320e-01 6.322991507123372212e-01 6.269503441867365634e-01 6.333184534316117498e-01 6.307032202328910486e-01 5.962257494465318386e-01 6.134983516470109421e-01 5.820852549855656255e-01 6.074063870762349548e-01 6.157385424226877735e-01 6.154280380115018101e-01 5.876933404640595215e-01 6.255357153809567583e-01 6.017889221910471820e-01 6.341919314544893771e-01 6.131903222207646387e-01 6.091273943551160919e-01 6.276801149976323213e-01 6.350123385783286167e-01 6.282639559231932846e-01 6.339828395478428469e-01 6.242926050382110459e-01 6.164198866850530978e-01 6.167013406590262647e-01 6.533302533557842073e-01 6.474606678583624264e-01 6.282478796045722902e-01 6.297964640992338436e-01 6.336867694650162308e-01 6.320298423764543205e-01 6.406413751689012948e-01 6.295049550822304774e-01 6.615557372538100056e-01 6.324894537661723826e-01 6.290627639647754510e-01 6.163069404100808280e-01 6.171042883987446492e-01 6.204054280258861631e-01 6.199741039436749146e-01 6.174200565417345965e-01 6.151844342887493600e-01 6.218144022692316808e-01 6.334550374730588684e-01 6.425928063490871089e-01
1.924274739310278051e-02 5.198277935890242146e-02 1.585007671434943144e-01 3.851073561968950676e-01 1.000000000000000000e+00 2.986260688327989632e-01 4.908895002639542815e-01 4.533899972496527320e-01 4.475249567092769443e-01 4.243510027033491894e-01 4.325858824005996972e-01 4.980232908703569050e-01 4.729904506993996560e-01 3.496581868161087736e-01 5.057369447667438012e-01 5.008999910646531051e-01 4.153227880160094698e-01 2.432951506819724108e-01 3.458663321348769970e-01 3.327439893431214935e-01 2.817082713806424166e-01 3.412773942783451364e-01 2.812896840066905213e-01 2.513032713299216403e-01 3.145137088177166196e-01 4.293854837781274636e-01 4.300665266532923137e-01 4.238331167575546399e-01 3.663238136367310549e-01 3.620589392356718950e-01 4.146692667841311852e-01 3.997323706709086655e-01 3.698710187359108281e-01 3.483565791415156321e-01 3.335843410542986276e-01 4.196975802301409764e-01 4.187418754927219045e-01 4.229389308793676250e-01 4.585814277075704326e-01 4.733722366415826222e-01 5.008598274394239214e-01 5.028484055137862896e-01 4.956047748317021773e-01 5.122577210772342182e-01 4.714940234865351298e-01 4.795178241026541444e-01 5.119592398666712452e-01 4.983775471645564559e-01 4.836558472680820286e-01 4.424943801532026377e-01 4.799269090405489657e-01 5.193165917150638355e-01 5.267962136606878509e-01 4.764944245170745218e-01 4.604482089531065636e-01 4.457886363306352573e-01 4.554482898553763870e-01 5.085452318388404835e-01 4.752177313689859850e-01 5.107440950218585796e-01 4.984750534946438272e-01 4.908502439283073948e-01 4.774052691964364992e-01 4.778750503540286632e-01 4.957285764672416661e-01 4.927241499204790265e-01 4.970196630216843214e-01 4.734222307150884324e-01 4.524317170914862185e-01 4.935494226248194338e-01 4.781187345964045821e-01 4.841825635813426509e-01 4.428715863880705039e-01 4.755109625301393583e-01 4.966780292791307949e-01 5.083250684250772977e-01 5.093101267569846158e-01 4.698099998605411165e-01 4.918604443200479404e-01 4.645168386732196342e-01 4.855881182387034034e-01 4.833696245490834986e-01 4.734266435181434529e-01 4.636082924389781090e-01 4.915009799154748671e-01 4.671729640309355558e-01 4.980582877849387691e-01 4.925825481827296737e-01 4.956913175710690456e-01 4.891538471154263101e-01 5.056404287616472759e-01 5.191345473911946895e-01 5.074553263102544731e-01 5.042817400119733451e-01 5.128910008463758441e-01 5.099662591634765985e-01 5.239984364521180771e-01 5.092200757343016138e-01 5.142737800969503503e-01 5.111515153625866281e-01 5.166653086134026518e-01 5.017042561305569137e-01 5.302798745513234158e-01 5.195252913728041211e-01 5.239955108510824244e-01 4.963678359536984885e-01 5.102930432409068517e-01 5.021740967291707936e-01 5.000445217907504292e-01 5.127039368150299037e-01 5.075459507877508880e-01 5.123863908175392279e-01 5.088976285243724806e-01 5.073528876069222093e-01 5.056674283286708427e-01 5.190195778585448005e-01
4.344256450490956850e-02 1.159456470429671843e-01 2.648520269364766921e-01 4.353542942054653420e-01 2.986260688327989632e-01 1.000000000000000000e+00 5.460615901024923335e-01 4.791991483062724710e-01 5.487904734182420530e-01 5.194069601025087524e-01 5.540460410907172006e-01 5.915705087673988061e-01 5.421324639695427328e-01 4.396518722752890684e-01 5.845952981070893228e-01 5.866446242026924773e-01 5.335436282874825853e-01 3.877953173136405862e-01 4.775041863939976650e-01 3.693275140108246979e-01 4.081322382895907763e-01 4.901175425238316619e-01 4.257745955256290182e-01 3.880762512562519473e-01 4.636899148089883016e-01 5.696895726429384021e-01 5.573693954199677725e-01 5.568740519653777588e-01 5.125284379044592331e-01 4.937719502512871173e-01 5.605894454640004687e-01 5.500341868773086507e-01 5.047829019338949674e-01 4.977615104474067964e-01 4.594974657849514865e-01 5.508528184877621303e-01 5.401104607886979547e-01 5.726304014989257452e-01 5.839538654657102645e-01 5.914153821395213839e-01 6.033766536385837265e-01 6.101706418395702602e-01 6.015690285200866461e-01 6.123305751153464982e-01 5.959945966950673801e-01 5.966565662703159356e-01 6.099312401233459857e-01 6.064629828048452298e-01 6.012252753631271984e-01 5.803501457369187877e-01 6.016439122050089017e-01 5.855006177762568376e-01 6.122845203994260466e-01 5.954352151339775689e-01 5.867321031312192625e-01 5.794488895880243184e-01 5.836657099442559282e-01 6.035131686380263982e-01 5.973331956334644310e-01 6.082861982090453923e-01 6.042751564706391187e-01 6.044963104491499761e-01 6.021884225336150420e-01 5.988011518787463849e-01 6.000214213871390978e-01 6.045100052278171709e-01 6.024023241446413435e-01 5.919387004128734420e-01 5.775709331240029831e-01 5.844807842753395599e-01 5.914424620496443463e-01 6.007820746092357167e-01 5.673884384742975406e-01 5.868335225892749030e-01 6.099175184159176810e-01 6.084646180720051367e-01 6.072322365835601810e-01 5.945829934643586112e-01 6.052311238600043275e-01 5.828920598883533533e-01 5.931396220157840737e-01 6.019803123527023292e-01 5.954288727535443915e-01 5.817250618352561853e-01 6.013329231012602971e-01 5.846984433764859102e-01 6.007180598478464306e-01 6.052142207247611649e-01 5.993135089116599090e-01 6.041693185268159905e-01 6.110051997038947746e-01 6.142813348554744257e-01 6.127437533672390746e-01 6.107595718561832365e-01 6.097908937282725539e-01 6.078445897035269496e-01 6.093024614298387931e-01 6.028262275483626809e-01 6.063628799060474250e-01 6.101788157535245061e-01 6.119432369929598270e-01 6.104553459268580173e-01 6.139697366755348940e-01 6.133129151195785278e-01 6.120953796947526948e-01 6.033386035882729592e-01 6.102403562581287799e-01 6.097102907202266442e-01 6.076398655278194560e-01 6.113659250046261651e-01 6.094226278872595381e-01 6.076030743036018311e-01 6.073561589833815777e-01 6.089694359576036664e-01 6.065019886294965579e-01 6.112208172834142639e-01
-1.464677229747180821e-02 1.173350752663878949e-01 3.197293932337677558e-01 5.725528320672329530e-01 4.908895002639542815e-01 5.460615901024923335e-01 1.000000000000000000e+00 7.184456639430262248e-01 7.240817863675909072e-01 7.133720953293820610e-01 7.342405468418727876e-01 7.925992574677880320e-01 7.422301422977971574e-01 5.744242399187112769e-01 8.435806875870967003e-01 8.041263766303132776e-01 7.082202595143948232e-01 4.272063718633379303e-01 5.680103795152937618e-01 5.068952622780783512e-01 4.523269766275018200e-01 5.915900313571488267e-01 5.038327971258323990e-01 4.370548888324545800e-01 5.542727592331515574e-01 7.441825780282321778e-01 6.938001283692788457e-01 7.108271939933593631e-01 6.507564355735816486e-01 6.183266988965473443e-01 7.141654607970876478e-01 6.940545243508169371e-01 6.236440634372315550e-01 6.215594395612111800e-01 5.753004066172163755e-01 7.013800217128265402e-01 6.856662562999216171e-01 7.468308877085361175e-01 7.522450149883753712e-01 7.809429255656294977e-01 8.006883427804829534e-01 8.153984000347275218e-01 8.155135784651510455e-01 8.162967753764724943e-01 7.744395452396563018e-01 7.799748369426954264e-01 8.166186328658009419e-01 8.038130621092032246e-01 8.056800740013377871e-01 7.562992804704677940e-01 8.052170135536669271e-01 7.915464219473434815e-01 8.198870496132129038e-01 7.852558561324123332e-01 7.789023897821858444e-01 7.742677407509191978e-01 7.689758846488333743e-01 8.123630527586983563e-01 7.935922283945964217e-01 8.135137784056865051e-01 8.108927307925845041e-01 8.080233739526532233e-01 7.963338996526250213e-01 7.986596245365759072e-01 7.900208296561834764e-01 7.991672919897800931e-01 8.023337642653421975e-01 7.679671863828392286e-01 7.490493202822209318e-01 7.758463095991312564e-01 7.572968290624025878e-01 7.844023902049597208e-01 7.238480000466628317e-01 7.546786663070963463e-01 8.081085545942784387e-01 7.999415459056152811e-01 8.021274655028425293e-01 7.747155371115891365e-01 7.968232354076488777e-01 7.637222949107049796e-01 7.747621370273800601e-01 7.865963649197820207e-01 7.810885121482801230e-01 7.532741508520721663e-01 7.906215162654187667e-01 7.625900527509774651e-01 7.886803161116392458e-01 8.085385810728041855e-01 7.951533604899968521e-01 8.006813390305403955e-01 8.113853704662337130e-01 8.251466933226665468e-01 8.108822175179627445e-01 8.124259888928259121e-01 8.191980903578232054e-01 8.150307228782753821e-01 8.277123355580036090e-01 8.159255173091899405e-01 8.219472392272385575e-01 8.230424509543720069e-01 8.248235225760117695e-01 8.167603118911649362e-01 8.279471388183454739e-01 8.267400855613549204e-01 8.224254630830715174e-01 8.052970785458473113e-01 8.187851963824884782e-01 8.088070294407797567e-01 8.109815175604557780e-01 8.227760219591073731e-01 8.237735892320094955e-01 8.168438950449604663e-01 8.198062604725817604e-01 8.176018258495549862e-01 8.075642981110113805e-01 8.199819486048638417e-01
3.425251822476988676e-03 1.197816979765069512e-01 3.013250225154177619e-01 5.381764886851335694e-01 4.533899972496527320e-01 4.791991483062724710e-01 7.184456639430262248e-01 1.000000000000000000e+00 6.939230647882915770e-01 6.754757915619384878e-01 7.192411179699826906e-01 7.544528205401799248e-01 7.074020040580549784e-01 5.329565618602932764e-01 7.769046277453078853e-01 7.816868174927465995e-01 6.880705624992712321e-01 4.775445961123108152e-01 5.995085444212120418e-01 5.218291576864380055e-01 5.139449766981838419e-01 6.192949532454711248e-01 5.205853789556508238e-01 4.765211359835123117e-01 5.788899474677169366e-01 7.210664227074892185e-01 6.800115886054876047e-01 6.846026324556975240e-01 6.287830019555028516e-01 6.211063008823520804e-01 6.872434400308496949e-01 6.892303124526315550e-01 6.338112095084121878e-01 6.328243639121128306e-01 5.950462532058351517e-01 7.001411733184521591e-01 6.792495401170024483e-01 7.343443365470140316e-01 7.365476183892144535e-01 7.501333892076347265e-01 7.678972598630986468e-01 7.794206033603224837e-01 7.861005328190858732e-01 7.831586590846854046e-01 7.472565788615714855e-01 7.558515457341241639e-01 7.844044606939807318e-01 7.765901817246618766e-01 7.733337849017226651e-01 7.355360249741456080e-01 7.761474967602499664e-01 7.475160135384588678e-01 7.804078001392084074e-01 7.636442806442743647e-01 7.595918900438219934e-01 7.540503488413407007e-01 7.520259688330793724e-01 7.850763458482045154e-01 7.720271604051234249e-01 7.817229528016905737e-01 7.852555966753491656e-01 7.795674690272292873e-01 7.696479951747027259e-01 7.739125715205784628e-01 7.686601977461742230e-01 7.718020050464853288e-01 7.767862902715924056e-01 7.584687622063134294e-01 7.364171370474853484e-01 7.611449343756391261e-01 7.562873725481439324e-01 7.664664182255075398e-01 7.222549591058873286e-01 7.424035660390371216e-01 7.779565491142280687e-01 7.718729993156565605e-01 7.719754180727627091e-01 7.470779921352259656e-01 7.622266968830344602e-01 7.444813881468238526e-01 7.512320955055046268e-01 7.563348125289324209e-01 7.631212568863618984e-01 7.462170047067189227e-01 7.723797358303268190e-01 7.517094170823159782e-01 7.668271388669640753e-01 7.821091241224527035e-01 7.728802866819626249e-01 7.738183683015045222e-01 7.788732019998727552e-01 7.907054496334433580e-01 7.811583581715912938e-01 7.809776706241714495e-01 7.866207545033147008e-01 7.845182506074818152e-01 7.952819424854404851e-01 7.891902853201202550e-01 7.952374132799348017e-01 7.945135632136605119e-01 7.965964309541797572e-01 7.898149604543851510e-01 7.880354436507256422e-01 7.933753586627535492e-01 7.926305467341220323e-01 7.813272586471863290e-01 7.895189458696345586e-01 7.815366844567258608e-01 7.834134603552677101e-01 7.893477285953525158e-01 7.915775950822981910e-01 7.867250164382414424e-01 7.885696675061643068e-01 7.893345667839395396e-01 7.833008810562241964e-01 7.891003304832304721e-01
1.139101076210569385e-01 2.234081001575407843e-01 3.829661366917165854e-01 5.540609065096560037e-01 4.475249567092769443e-01 5.487904734182420530e-01 7.240817863675909072e-01 6.939230647882915770e-01 1.000000000000000000e+00 7.929839791499133650e-01 8.305286792513736360e-01 8.396565691117590102e-01 7.834674572106706814e-01 6.296315370355154428e-01 8.532064026026300319e-01 8.556884059061556913e-01 8.168468537554072206e-01 6.506329567920018375e-01 7.711642136396551495e-01 5.574559166636139373e-01 6.031943698587565184e-01 7.510750241362884605e-01 7.051150748470429441e-01 6.533860357874649027e-01 7.364693321685104044e-01 8.622216443506304229e-01 8.382219523707860054e-01 8.491735877150446976e-01 8.151687354222558746e-01 8.236301202933548060e-01 8.670731021262002569e-01 8.477085391959018335e-01 7.974366667855233848e-01 7.989712745939198113e-01 7.789631909529192155e-01 8.322158667952017641e-01 8.487067085813916334e-01 8.698366704024592666e-01 8.828893709645637689e-01 8.575700814791626936e-01 8.934786392596238969e-01 8.882413244249233175e-01 8.737041964250801263e-01 8.919960609436328181e-01 8.805107683798111262e-01 8.945586446827560323e-01 8.881073324146446790e-01 9.006058326205067521e-01 8.921535502303503673e-01 8.613020567210305511e-01 8.856764917691503092e-01 8.306120348609519199e-01 8.752670152496343503e-01 8.972442487184341120e-01 8.834374760431180640e-01 8.763163126487257815e-01 8.782665656207326865e-01 8.920087721393863411e-01 8.891017094191450143e-01 8.945253644457541453e-01 8.940300283778797041e-01 8.940868670708781440e-01 8.883541524580336191e-01 8.945789055363690956e-01 8.917229661001749852e-01 8.924479945582896034e-01 8.982406247091432316e-01 8.914783511997353971e-01 8.837630453042550904e-01 8.604352164224805533e-01 8.735779661858555922e-01 8.974889139812385341e-01 8.703211964236788889e-01 8.806324041637642042e-01 9.013035818485224393e-01 9.003209008371618749e-01 8.988596253491712984e-01 8.945290590300190026e-01 8.978255312668530497e-01 8.984902796400289215e-01 9.029170605782568249e-01 9.014201479013508322e-01 8.891319326594085970e-01 8.953041393796834502e-01 8.930128894970643660e-01 8.924525831202350101e-01 8.969997827964939496e-01 8.990975995499237428e-01 9.017813008193866775e-01 8.911686554434614660e-01 8.953886140223420442e-01 8.960350842814223116e-01 8.997069050198865936e-01 9.007963249231788483e-01 8.933394850415665722e-01 8.976750091678528110e-01 8.727887008380997846e-01 8.782521996071722681e-01 8.862046651316236590e-01 8.910729456962743766e-01 8.890251499099012245e-01 8.927656397082505135e-01 8.846426781021209385e-01 8.929012267536921010e-01 8.906901533943151206e-01 8.835317187170801390e-01 8.933392190778629560e-01 8.994627332564534283e-01 8.975187870721530459e-01 8.934687678573663971e-01 8.880895124044808631e-01 8.941604120038448844e-01 8.897895153884252117e-01 8.943523940369968450e-01 8.976067075951777996e-01 8.920677537353881581e-01
3.105738733526992174e-02 2.046911496395364960e-01 3.616875733900065670e-01 4.917191652354530595e-01 4.243510027033491894e-01 5.194069601025087524e-01 7.133720953293820610e-01 6.754757915619384878e-01 7.929839791499133650e-01 1.000000000000000000e+00 7.861878631448565580e-01 7.936462886249233684e-01 7.539256846975881388e-01 5.819025860277575735e-01 8.266566363144565166e-01 8.080367708697693274e-01 7.642311202931307834e-01 5.891722765388688332e-01 7.093466837817340442e-01 5.093178956252054634e-01 5.441534409320164523e-01 6.937547128242638195e-01 6.761631987609584282e-01 5.983788391123753270e-01 6.869783778209449521e-01 8.069001740818950719e-01 7.587618523514177982e-01 7.852747598659647332e-01 7.565875712796001906e-01 7.655839541822216932e-01 8.107774919586726581e-01 8.024778959020322233e-01 7.575770413987448215e-01 7.452314110773203826e-01 7.267115608194304466e-01 7.860378970394864551e-01 7.933398912348540444e-01 8.322958424932008770e-01 8.377053101230294008e-01 8.205595353685690707e-01 8.404039747676935734e-01 8.388724609200202131e-01 8.392651822029075781e-01 8.342415965632332675e-01 8.327406983897694959e-01 8.413203047581200300e-01 8.525508642202107579e-01 8.569094445806297866e-01 8.531079451242846723e-01 8.038993257269086978e-01 8.431317046421286099e-01 7.780710159248249713e-01 8.300417523091798699e-01 8.515605731283177882e-01 8.410046873722664129e-01 8.439153624740419746e-01 8.325585187229167516e-01 8.444959452381993747e-01 8.491813244726232890e-01 8.520850201846740246e-01 8.508348872391762185e-01 8.553395845229636585e-01 8.470601172373420917e-01 8.538841156326877346e-01 8.418622905869517226e-01 8.435960655784003892e-01 8.543935610888759857e-01 8.449485040710573713e-01 8.425580728556569809e-01 8.121009397789573647e-01 8.166306369301314927e-01 8.449382631211830308e-01 8.214005602544497409e-01 8.247444605210488833e-01 8.526587424912692725e-01 8.428978015391286327e-01 8.424060148942948967e-01 8.405446949916831612e-01 8.505012519047671082e-01 8.472454095285676390e-01 8.465716662484674693e-01 8.502177046045167330e-01 8.477853364397588409e-01 8.444575745891255147e-01 8.392951185909027778e-01 8.411442284008621151e-01 8.470418411358136002e-01 8.543473745772411920e-01 8.551778007869091924e-01 8.473048011193958784e-01 8.476831636718256124e-01 8.503818867814428861e-01 8.513227761786288372e-01 8.545667508004979318e-01 8.512065906010649607e-01 8.544671285687293061e-01 8.234775752430995022e-01 8.247993782298678189e-01 8.447123133990556143e-01 8.475329369631979803e-01 8.449303817663595950e-01 8.461368072401956875e-01 8.397574490042601925e-01 8.477506379952977067e-01 8.419720580027291179e-01 8.403658238831814842e-01 8.473163006556200250e-01 8.533421655301685060e-01 8.526291386343100021e-01 8.509398820491250737e-01 8.488375444150643157e-01 8.536320262014601701e-01 8.508311002610745577e-01 8.498795911109573442e-01 8.492594761571287121e-01 8.456406864618029040e-01
8.014221331713269891e-02 2.047673196075742719e-01 4.123287624474496482e-01 5.976218355076533539e-01 4.325858824005996972e-01 5.540460410907172006e-01 7.342405468418727876e-01 7.192411179699826906e-01 8.305286792513736360e-01 7.861878631448565580e-01 1.000000000000000000e+00 8.738444612411960799e-01 7.803954366343522908e-01 6.317140034540175142e-01 8.590140571597680852e-01 8.696940022243014878e-01 8.295330125901215768e-01 6.870307817254023286e-01 7.973406682652036670e-01 6.100974875731615121e-01 6.748060805509490390e-01 7.948513562948693600e-01 7.365751540467433411e-01 6.850422930427847446e-01 7.662484933762311323e-01 8.759930970424422148e-01 8.552375179633224800e-01 8.623211818705838194e-01 8.250693556549303365e-01 8.295443601038573478e-01 8.811163287178136461e-01 8.755497595143497680e-01 8.200073573626340817e-01 8.240756750505252581e-01 7.938392321749676572e-01 8.681011332431282090e-01 8.664729453984995056e-01 8.896916909694221332e-01 8.965241618766051079e-01 8.855288614548543213e-01 9.041155913378055020e-01 9.005232064797584757e-01 8.999045628179205281e-01 9.042894388288927887e-01 9.000737756963883562e-01 9.054303006213416660e-01 8.983984589815214861e-01 9.072223176649854004e-01 9.091785120738806736e-01 8.830629040686073239e-01 9.066214205313107843e-01 8.512306140752439187e-01 8.895369102777689330e-01 9.059677348825988519e-01 8.983321600177049948e-01 8.973184219884566826e-01 9.004650913960805525e-01 8.989805026962397472e-01 9.035461621378876318e-01 9.014912475423974003e-01 9.090266646256098815e-01 9.048614831496747390e-01 9.044229192204331635e-01 9.093823885312773969e-01 9.051916825376291609e-01 9.078935585491683113e-01 9.078749572931467116e-01 9.112168270189311414e-01 9.046980171284056960e-01 8.918498006411221812e-01 9.036604564144967711e-01 9.128562394491640530e-01 8.927104279458314418e-01 8.986381312608245908e-01 9.136887528605047715e-01 9.082614598744480627e-01 9.062975299618991620e-01 9.050052212833015197e-01 9.092099033585567813e-01 9.028994752110544031e-01 9.094930028796790467e-01 9.125055512368193122e-01 9.090849259845793506e-01 9.057904516438421982e-01 9.074580575043470487e-01 9.082234953871178851e-01 9.103337766090253691e-01 9.107176280705231441e-01 9.118551306836774062e-01 9.086055101134994372e-01 9.107543056181878205e-01 9.051100993702455577e-01 9.119088153185772594e-01 9.125627975714428741e-01 9.015390723198766221e-01 9.055921436988778606e-01 8.879395176632275399e-01 8.912597710193934653e-01 9.013904316944063577e-01 9.059654395060310339e-01 9.046561930106762350e-01 9.054271744824843315e-01 8.946496739337038706e-01 9.027658172190228258e-01 9.055075846156378505e-01 9.008966138276142122e-01 9.038101202811370527e-01 9.077960065516798016e-01 9.089827952889072415e-01 9.027319540737712700e-01 9.017083967133905364e-01 9.024798482154259283e-01 8.998864451839709844e-01 9.038581922186348372e-01 9.083752654768089130e-01 9.026959323103985744e-01
5.255378795161646382e-02 1.786785263373835975e-01 4.153151805166613308e-01 6.840589547200053300e-01 4.980232908703569050e-01 5.915705087673988061e-01 7.925992574677880320e-01 7.544528205401799248e-01 8.396565691117590102e-01 7.936462886249233684e-01 8.738444612411960799e-01 1.000000000000000000e+00 8.360811947134169086e-01 6.581170868637743476e-01 9.022558033759395801e-01 9.015086065016040262e-01 8.390402992764357526e-01 6.296509484379779753e-01 7.683194437636273744e-01 6.301639375319912917e-01 6.540228983434782650e-01 7.761651760753033313e-01 6.786257765120837782e-01 6.332607946136116217e-01 7.307403416316177180e-01 8.718174964296196983e-01 8.576246861411220834e-01 8.521636594758721373e-01 7.888514540872394454e-01 7.843173456335748028e-01 8.695237338420198636e-01 8.589998147087312130e-01 7.832139526573229649e-01 7.902262993666522295e-01 7.425409614634741473e-01 8.688994332848425373e-01 8.548511229878846818e-01 8.755624939680295427e-01 8.949829079378360808e-01 8.990933587232228241e-01 9.272415006330365639e-01 9.274898582753725584e-01 9.241734573429921662e-01 9.358863561709782619e-01 9.165711670734354444e-01 9.123404319031852561e-01 9.317223518915617175e-01 9.297815575204940730e-01 9.302423597778526343e-01 8.894573632525973883e-01 9.240358720406330884e-01 9.003317633324162683e-01 9.343923340313695647e-01 9.179748795727359356e-01 9.032726555744371444e-01 8.996220070799922919e-01 9.091517298149980331e-01 9.293924330499564457e-01 9.180466334400624318e-01 9.337458668828862995e-01 9.339360691918325852e-01 9.268015504177261610e-01 9.181759331698929882e-01 9.250641608922895998e-01 9.296948734659432612e-01 9.335566320433748011e-01 9.321034508450132261e-01 9.191310060474062738e-01 9.045915881309993800e-01 9.220047874537552479e-01 9.224231090528559607e-01 9.285972388127774479e-01 8.911477143181216753e-01 9.143125413189358008e-01 9.358897127401866189e-01 9.336585044298112424e-01 9.329749379029240730e-01 9.109341080528081669e-01 9.252961748714839674e-01 9.039330931778308820e-01 9.184219767406975876e-01 9.267780951961243074e-01 9.219925879696635462e-01 9.024712933888082711e-01 9.235980182790531900e-01 9.113823913676520894e-01 9.316761936697576241e-01 9.286139096286797345e-01 9.293158153453150438e-01 9.287165002219031074e-01 9.368561853829181496e-01 9.382717001327279815e-01 9.393337000396748682e-01 9.369539002238640446e-01 9.348335890556991323e-01 9.361464525785249124e-01 9.286286339147621360e-01 9.265803616967093204e-01 9.361748926194681797e-01 9.357430980733174586e-01 9.371773233168676498e-01 9.330210125073230554e-01 9.387123072446731387e-01 9.377810199220759646e-01 9.435845911306326439e-01 9.308332019587863826e-01 9.365722470178270420e-01 9.334530143803583258e-01 9.321692072144011076e-01 9.354593264900411542e-01 9.333490189413436999e-01 9.359741443092386426e-01 9.330277192871261338e-01 9.348264328407209778e-01 9.376979473211737304e-01 9.400240294046128264e-01
6.102306420557876768e-03 1.725307517946672586e-01 3.513486547807151417e-01 5.685370303993205754e-01 4.729904506993996560e-01 5.421324639695427328e-01 7.422301422977971574e-01 7.074020040580549784e-01 7.834674572106706814e-01 7.539256846975881388e-01 7.803954366343522908e-01 8.360811947134169086e-01 1.000000000000000000e+00 5.928778267225546239e-01 8.495682010916096871e-01 8.389646406130820688e-01 7.632529519180671906e-01 5.303516875666349772e-01 6.784910715413775550e-01 5.037245648195580738e-01 5.299652472539542192e-01 6.738577475870139999e-01 6.025189090137508252e-01 5.437521570237044966e-01 6.523483417813026319e-01 8.020208638767966081e-01 7.652745925674706573e-01 7.772319327137136025e-01 7.220633727315833861e-01 7.156227585409344893e-01 7.908011205847228497e-01 7.741504893916290042e-01 7.209663174263480911e-01 7.062032734229768405e-01 6.752163960985507751e-01 7.753611969324647468e-01 7.733757031573835761e-01 8.115053384158004146e-01 8.286485979798259294e-01 8.273602083103411831e-01 8.562707559804113577e-01 8.621787849849734675e-01 8.546193369612600232e-01 8.601347160042656093e-01 8.355164482550102578e-01 8.435292439655472929e-01 8.719752056645784233e-01 8.666730291952889909e-01 8.606240760868871797e-01 8.029248400759509963e-01 8.507745642457182900e-01 8.135642108410443551e-01 8.636010283832599166e-01 8.558770169760682167e-01 8.404581410500702177e-01 8.347157652224453939e-01 8.325518475556761278e-01 8.676210736667627765e-01 8.563557979408399357e-01 8.750030309565560716e-01 8.688867560113913147e-01 8.665474925958526198e-01 8.532131557219883033e-01 8.598919712847108432e-01 8.560141955221841625e-01 8.582532964469449244e-01 8.661540217965230104e-01 8.459286815067981191e-01 8.293240006906421602e-01 8.263622839829969369e-01 8.320102024587344713e-01 8.555340120219522282e-01 8.103340534847323084e-01 8.326278837275871147e-01 8.680477187691217900e-01 8.641669841789595408e-01 8.645307943092530589e-01 8.422377982174202860e-01 8.594213385814398753e-01 8.411306953131700848e-01 8.478602000232090541e-01 8.568614000690708554e-01 8.477093054057026622e-01 8.364917045138190455e-01 8.501111967578511841e-01 8.374543430331200522e-01 8.585097080721157958e-01 8.630276372828227238e-01 8.631757269486305395e-01 8.552155166186533597e-01 8.659056379254979063e-01 8.757498693497732800e-01 8.717089074673706195e-01 8.697333085897708260e-01 8.763593663698593383e-01 8.743184993421649898e-01 8.601833676407095730e-01 8.569866911273876786e-01 8.717253279195813498e-01 8.708558477702280642e-01 8.719919812446352836e-01 8.672117855519291263e-01 8.764007111886232826e-01 8.756567417747096460e-01 8.699218708750533491e-01 8.600056920349612444e-01 8.719957090710538372e-01 8.704890286228369467e-01 8.684019469377118883e-01 8.750963910682761915e-01 8.715913444977478886e-01 8.758505274587737865e-01 8.736099362130995694e-01 8.720378303180488233e-01 8.686013466221980117e-01 8.736217335032347986e-01
