1.000000000000000000e+00 1.052869690529348035e-01 8.268366967538874623e-02 -2.887498489114981651e-02 1.120983853330208887e-03 -1.216624991544029179e-02 -2.141374619524942340e-03 -7.056663774122461791e-03 1.116910714359329176e-01 8.065351171858109458e-02 5.324515005036929011e-02 -5.495808537592019975e-03 7.646067679524542852e-03 3.339259996623991471e-03 4.638352828443377367e-03 3.199130712305740115e-03 8.588380384671963352e-02 1.616270646242277398e-01 1.339691404458259738e-01 1.088206510986537701e-01 1.309567653209618432e-01 1.006824426482381685e-01 9.713333208319441248e-02 1.468241375692962425e-01 1.282139260685662696e-01 1.205941486533076840e-01 7.892417434476642346e-02 5.740718465657543984e-02 1.056827923046472356e-01 1.137890714421894156e-01 6.417416785654606048e-02 8.327604764422318062e-02 6.270201468689377833e-02 8.442357449351797771e-02 1.174493940725433450e-01 1.957838748583692196e-02 5.614733872325278208e-02 1.424105191158621213e-02 3.428186291360179466e-02 -2.228309095307597770e-02 3.355614265291563536e-02 -5.365026975646536821e-03 -2.762210723308787530e-02 1.744022442235592524e-02 2.639898430242772556e-02 3.065098145637098342e-02 9.823277275016480126e-03 2.482938199513614469e-02 6.648077512116906673e-03 -5.058901747985213027e-04 8.109134667732942336e-03 -3.141280968787556194e-02 1.853568586925923023e-02 4.525955757770791510e-02 3.025918450447604227e-02 4.146136614712809393e-02 1.432799405026892806e-02 1.273287317645046407e-02 1.390696172314445124e-02 1.996486322687102480e-02 -5.496386252882630441e-03 1.868351578517085318e-02 -5.634427428341201929e-03 8.057312609365034628e-03 3.461328331564113292e-02 2.604683669509168589e-02 2.480007837813946736e-02 4.724763829504471241e-02 5.822606071604686379e-02 4.967532869169261761e-02 5.469957299555330832e-02 4.909299772542338736e-02 6.769732710726544811e-02 6.980426282252225056e-02 3.789533974786891968e-02 3.132072731574150892e-02 2.628589341292498008e-02 5.469330957158747425e-02 3.286730758868795094e-02 4.538016129593867853e-02 3.599145172237609019e-02 2.591701152721556309e-02 2.530513687297069464e-02 4.279784576327263362e-02 1.297585080790296559e-02 2.820942920767430598e-02 1.843473206179935264e-02 3.364581953851736480e-03 1.190248457222425199e-02 2.099500811182706400e-02 1.812453175551925538e-03 6.860883050302058438e-03 1.145474394153280125e-02 7.316674859339248639e-03 -1.747997088996002945e-04 9.321759495376724658e-03 -2.957559805551312343e-02 1.717841012417080501e-03 -6.797901602256558283e-03 7.317760719632160479e-04 -1.021492175692394894e-02 -7.341479398276470544e-03 5.008009618217333994e-03 2.922515054484894231e-04 3.055802666434996855e-03 7.519917512845775490e-03 4.684411733578891512e-03 2.016949644098895919e-02 1.984063172899732871e-02 7.950643571121390057e-03 4.006482205042093125e-03 4.862238937500442358e-03 3.439692949639350933e-03 6.477876245859084210e-04 1.906261580694786767e-02 1.558272569039373563e-02
1.052869690529348035e-01 1.000000000000000000e+00 9.007136065037921191e-02 1.067706196757261562e-02 1.029202910007364496e-02 6.103356477286949605e-02 1.249393200054490782e-01 1.152602031384029613e-01 2.080130539197880546e-01 2.052895914259490195e-01 1.671186415817066950e-01 1.118956754850124469e-01 1.485271054776513278e-01 1.314171291627670712e-01 1.371654894791548562e-01 1.268647512182566328e-01 1.665636279114945106e-01 2.455698405247557226e-01 2.411917348753417900e-01 1.438312588367401945e-01 2.186864798017890132e-01 2.262229915063965757e-01 2.278480355996838069e-01 1.911205889517810785e-01 2.352593721077119449e-01 2.588780231591333303e-01 2.152557009409473698e-01 2.257881649475126373e-01 2.611860046418744141e-01 2.283723674067764109e-01 2.094296680716980497e-01 2.146597484567491221e-01 2.313061655094492131e-01 2.122293516070948571e-01 2.328555991042284556e-01 1.514458227470030505e-01 1.958442166917974403e-01 1.984018222856726299e-01 1.873628119881467213e-01 1.649289499809540316e-01 1.796535633718170655e-01 1.455178838046037315e-01 1.098242299993615612e-01 1.520162393936087264e-01 1.692484581773629759e-01 1.758386666433553458e-01 1.449680635596524991e-01 1.658197303224062669e-01 1.500825178911809887e-01 1.504889803784101587e-01 1.639970860166747590e-01 8.229336712760543238e-02 1.341614982262553102e-01 1.887216600875743777e-01 1.948358141642876906e-01 2.127927048791251052e-01 1.571334226829261826e-01 1.454403066916630516e-01 1.795293682462138773e-01 1.482955830983165857e-01 1.392244413561921079e-01 1.578502738531669392e-01 1.452757549302477746e-01 1.402694143029462048e-01 1.493763429118339092e-01 1.549105321984295958e-01 1.553327473502019163e-01 1.814422734047529684e-01 1.963166299909468449e-01 1.594129031295397902e-01 1.915507613541463372e-01 1.874244345759053521e-01 1.775369074741786068e-01 2.004321450598741117e-01 1.803822980258697750e-01 1.753911098646123157e-01 1.758384755156143231e-01 2.024445745056063228e-01 1.803624256593570063e-01 1.837066855307910584e-01 1.693851205070069366e-01 1.705864978835710255e-01 1.734462451860281362e-01 1.853189272039676150e-01 1.541237958681578035e-01 1.653961087463257651e-01 1.613639900380480774e-01 1.499967757436447280e-01 1.624872805126801600e-01 1.733436638813083130e-01 1.595969479228237786e-01 1.449584888412416839e-01 1.563686728006529192e-01 1.512091794871858741e-01 1.458130616336558161e-01 1.501355457427633044e-01 1.009482040408300890e-01 1.286022813854294233e-01 1.342785253459718442e-01 1.438637330038046724e-01 1.334897378007666169e-01 1.342310314390141868e-01 1.329810196063573868e-01 1.350077440064415824e-01 1.366338652617241634e-01 1.358639749973821753e-01 1.434911106044090556e-01 1.612111523691619197e-01 1.677243082214605607e-01 1.469739738249472571e-01 1.522371353223909152e-01 1.397124935920164290e-01 1.441880076753603024e-01 1.385272018564046026e-01 1.513175469361008330e-01 1.456815664780662656e-01
8.268366967538874623e-02 9.007136065037921191e-02 1.000000000000000000e+00 3.574680795659629373e-01 2.132409248640610433e-01 1.992035272437500948e-01 3.484758055771788876e-01 3.533535249646634901e-01 3.718922040788211203e-01 3.346263991286846373e-01 3.942637556116758146e-01 3.941763779343208651e-01 3.535362587107572230e-01 3.470737461225831266e-01 3.929042343796431136e-01 3.861292436957957097e-01 3.805678430627773556e-01 3.367173172978873419e-01 3.777421830519852586e-01 3.355689801447730991e-01 3.515759992802328093e-01 4.004247803600940459e-01 3.692579452443716659e-01 3.381918336696940752e-01 3.756627012952609146e-01 3.984394972095446907e-01 4.045298412570582092e-01 4.009817824632144756e-01 3.728888170223790266e-01 4.060551092692755160e-01 4.203896047634561040e-01 4.066880163867329090e-01 4.112560116359803009e-01 4.005995253117460853e-01 4.056724707651713779e-01 4.116019412635505414e-01 4.200006751178891329e-01 3.968981225461993279e-01 4.183529322893617119e-01 4.112176692306541148e-01 4.071793542506542685e-01 3.986685749884924523e-01 3.931668952227221348e-01 4.026464889131679548e-01 4.152603261301636151e-01 4.139960174742266519e-01 3.943717377584833317e-01 3.945712688048074179e-01 4.021206469597962130e-01 3.898395125585780718e-01 4.014006409290160615e-01 3.627572455129882134e-01 3.837529603251568222e-01 3.963665606511682649e-01 4.006044605977370776e-01 4.079863959331482826e-01 4.063039459250427643e-01 3.942999960692876171e-01 4.020425096351632477e-01 3.940858583056960907e-01 3.998757771349396029e-01 3.998381726917564216e-01 4.004768889461290948e-01 4.039467096499821386e-01 3.986961637696749272e-01 3.997211432126727138e-01 3.970054262389984268e-01 4.053832865167776855e-01 4.085143629408218291e-01 4.164677650986812751e-01 4.143577437578002676e-01 4.144346326329448882e-01 4.021347859714823891e-01 4.143748922867873663e-01 4.084869776993163559e-01 4.106219286256987400e-01 4.083792356159760550e-01 3.996238446360451668e-01 4.099046898475270928e-01 4.143128400787687293e-01 4.170838540338493994e-01 4.103459914182476242e-01 4.111960299118340156e-01 4.166258508481129885e-01 4.005375842897677119e-01 4.078292787346879389e-01 4.104226620755636601e-01 3.984912159096571926e-01 4.074107293241877037e-01 4.045522018223715599e-01 4.084963752151617444e-01 3.973742088960375285e-01 4.029869629062659553e-01 4.030010953507704441e-01 3.900242701002318846e-01 3.918524280545206406e-01 3.840668907509937613e-01 3.830567006576109934e-01 3.920450721385392301e-01 3.973114146957079096e-01 3.995298347561545560e-01 3.879858603262282268e-01 3.913154747586264359e-01 3.941158532955331140e-01 3.939576367754265007e-01 3.885767605609611319e-01 3.932976900157184597e-01 3.922725884344807068e-01 3.947149133952766453e-01 3.966026397905350609e-01 3.962464116495657551e-01 3.875527383695233086e-01 3.917454195416079088e-01 3.910351015034678190e-01 4.001595131086400081e-01 3.953780796239546591e-01
-2.887498489114981651e-02 1.067706196757261562e-02 3.574680795659629373e-01 1.000000000000000000e+00 3.928415466778654164e-01 3.888063777396746357e-01 5.967182530605187329e-01 5.770953349938635624e-01 5.118043789959106915e-01 4.306922470304630490e-01 5.918781511740193180e-01 6.677639148946324932e-01 5.538340986689251899e-01 5.353935972157130019e-01 6.268386637812262130e-01 6.212498250235980457e-01 5.334977934144971012e-01 3.814816497383952676e-01 4.224605692774097698e-01 4.764634160717809985e-01 4.055350113938924195e-01 5.192548852428005013e-01 4.863817944719260322e-01 4.217901908647539444e-01 4.422021599272018544e-01 5.196862951668310693e-01 5.658252509472937453e-01 5.560830483704691796e-01 4.917784655281692840e-01 5.188485237601190292e-01 5.702836306347394135e-01 5.662684978434664451e-01 5.335451904780345034e-01 5.375992613929214681e-01 4.881605660285973092e-01 6.129041158471114636e-01 5.667457186291098292e-01 5.521498641126419971e-01 5.873642363961627533e-01 6.204696166886145559e-01 6.088705268682971239e-01 6.112641704278247712e-01 6.454675305255399564e-01 6.199824161238055575e-01 6.104650091625951625e-01 5.883143831471542295e-01 5.983694820016055571e-01 5.866517443014208633e-01 6.088766894893411497e-01 5.961532620595965115e-01 5.961223631422346569e-01 6.383779753194959161e-01 6.134248315622529146e-01 5.621059221609359113e-01 5.730993541010658276e-01 5.639639531377088622e-01 6.138425503333315714e-01 5.973766384115332118e-01 5.765436784040012252e-01 6.030164023192152722e-01 6.128133218224844914e-01 5.832532933885264947e-01 6.057697544690767710e-01 6.106872757638427407e-01 6.117027235173164712e-01 6.078023130116915196e-01 5.917463604221722129e-01 5.733138579702417026e-01 5.784667585969139880e-01 6.055107209251149314e-01 5.827042246664397851e-01 5.889169566921624854e-01 5.695710931339375005e-01 5.639801482295783153e-01 5.916702848181957242e-01 5.968886935108427272e-01 5.941320237671714466e-01 5.723043542715280374e-01 5.991159931539116190e-01 5.819382746818062557e-01 5.916725996344668337e-01 5.909173222669794612e-01 6.070260032709137166e-01 5.824148646605793456e-01 5.984394674924364832e-01 5.902775478284881805e-01 6.006120536799145482e-01 5.983167809762192091e-01 5.955100734253422345e-01 5.959805574890275626e-01 6.048975978144787158e-01 6.054500824659412306e-01 6.060881020755751747e-01 6.020562031067698827e-01 5.919495900423161761e-01 5.933198619912330996e-01 6.276967328793212619e-01 6.065043730563486335e-01 6.118404030051791676e-01 6.067469280930446462e-01 6.219438163441403100e-01 6.110422998533693306e-01 6.137331164642473302e-01 6.099681482358364493e-01 6.185603351921044046e-01 6.125397871895117419e-01 6.034771612108542627e-01 5.801788746880999215e-01 5.872840866144893868e-01 6.010369242807725998e-01 5.988149411701969571e-01 6.024903503990877152e-01 5.989252485189794362e-01 6.036021071150319273e-01 6.075388305066625749e-01 6.135846115371172971e-01
1.120983853330208887e-03 1.029202910007364496e-02 2.132409248640610433e-01 3.928415466778654164e-01 1.000000000000000000e+00 3.319294563078488136e-01 4.551218607868375288e-01 4.610612907966141760e-01 4.561602378419939430e-01 3.962100374785590962e-01 4.651197605663011103e-01 5.055801286717072074e-01 4.806554097067460285e-01 4.503833935640657593e-01 5.000027871746084429e-01 5.071868406138532182e-01 4.530332376071590228e-01 3.382069657135196583e-01 3.741502820087715397e-01 3.438881675852496489e-01 2.951740026672564077e-01 3.892564343423286499e-01 4.016067716667950926e-01 3.793000442193912303e-01 3.673234820127458389e-01 4.252616219026838507e-01 4.808972572134762591e-01 4.536572825762800187e-01 4.062156201449682591e-01 4.399638138424950551e-01 4.727441830219707430e-01 4.802143941129700666e-01 4.430482769499191065e-01 4.609167996793260280e-01 4.376333399334058072e-01 4.934450988285611905e-01 4.870370475324291015e-01 4.611352119021989715e-01 4.857850629846308665e-01 4.927616526942793507e-01 5.032529062031204647e-01 5.063738754953174270e-01 5.142551224636687790e-01 5.114499943904222690e-01 5.004492193638337971e-01 4.932817996349849188e-01 5.066995631035718928e-01 4.999819827023985197e-01 5.022531569675853236e-01 4.818955911750983367e-01 4.894622659833458567e-01 5.128353836683152700e-01 5.060435994993435216e-01 4.846273056059141049e-01 4.787147678026712483e-01 4.771576853983984789e-01 4.875905399392285733e-01 5.073414814555599062e-01 4.830694509496736844e-01 5.119450339397105809e-01 5.056959403915659568e-01 4.931561006351013465e-01 4.933247884774670244e-01 5.007242452310057823e-01 5.028708871216494014e-01 5.000354960975655905e-01 5.080039604797185193e-01 4.959778791127549824e-01 5.014404245854428011e-01 4.945708051300857222e-01 4.747475931791824144e-01 4.923012872504359816e-01 5.033619968329728911e-01 4.821024829727684757e-01 4.999631005863485189e-01 5.036600147634615610e-01 4.996988886661523077e-01 4.820310918023819613e-01 4.940906501351577940e-01 4.962432227142056784e-01 5.049684525627272658e-01 4.977886873416114688e-01 5.041977049222734486e-01 5.008920949966469971e-01 5.054689914761116842e-01 5.076328388191825303e-01 5.090917520115804118e-01 4.985441976353963134e-01 5.009572768264360931e-01 4.984495957968775870e-01 5.066622287631653565e-01 5.104491488734841376e-01 5.087127782254916575e-01 5.062094762894838729e-01 5.041914031435695831e-01 5.049848787965165453e-01 5.108444609666382696e-01 4.915412636167106331e-01 5.070357986315664478e-01 4.983246630353879714e-01 5.135715844219653770e-01 5.007949356315806178e-01 5.108509726085915803e-01 5.104832548052823382e-01 5.106253128039255351e-01 4.980299087351489074e-01 5.035610925400930693e-01 5.007915505030886560e-01 4.994400671161373650e-01 5.040342837986547808e-01 4.976010514838797305e-01 5.098417786414874975e-01 5.024286457615428914e-01 5.050741081357581486e-01 5.031967734586124674e-01 5.076891483651149173e-01
-1.216624991544029179e-02 6.103356477286949605e-02 1.992035272437500948e-01 3.888063777396746357e-01 3.319294563078488136e-01 1.000000000000000000e+00 5.298011819406236445e-01 5.043190927063040396e-01 5.076913991948163174e-01 4.791441577068533131e-01 5.379317649402028945e-01 5.824302176827848010e-01 5.444721241078034346e-01 5.060650749094451895e-01 5.739587364793058422e-01 5.812734336429565829e-01 5.097519957158329618e-01 3.489593993087851120e-01 3.979030115352096275e-01 3.740637726203289160e-01 3.402895465571034173e-01 4.545038499841299040e-01 3.982558279586765337e-01 3.432400245707508679e-01 3.895084169361314186e-01 4.668239863728618766e-01 5.150548005724220335e-01 5.167765475875650827e-01 4.719871906968412523e-01 4.565031555873007019e-01 5.352625485387574322e-01 5.234370298928010534e-01 4.837497506076255394e-01 4.971091395547314051e-01 4.529376657729992095e-01 5.476660416636189854e-01 5.136299208580368258e-01 5.568825663613240495e-01 5.624640190876613044e-01 5.476570163596443663e-01 5.745648611569776909e-01 5.817491666026394226e-01 5.775267477371430758e-01 5.941397231349397901e-01 5.727567003753365471e-01 5.685954957852203950e-01 5.946339395062142374e-01 5.879262006249070804e-01 5.878967316070096150e-01 5.841199058208496053e-01 5.861053773702632474e-01 6.019028431955815162e-01 5.869943238267510965e-01 5.705980314413204857e-01 5.654970936036674001e-01 5.542444062408689032e-01 5.841760169591233565e-01 5.867945583841990276e-01 5.784487553284923811e-01 5.966668404660039338e-01 5.945093654103158487e-01 5.855591730112287285e-01 5.892129215823660449e-01 5.950482607072006269e-01 5.869944746266131386e-01 5.946709495406063972e-01 5.877126025830463618e-01 5.657979223052767015e-01 5.589095331174590564e-01 5.663077860358192162e-01 5.560922807440294990e-01 5.695401532545474321e-01 5.444282868937729836e-01 5.400981036063262630e-01 5.797671852020095384e-01 5.824573635703589325e-01 5.763839157342748321e-01 5.633812554465055245e-01 5.723421701429077801e-01 5.655623141074759275e-01 5.697259118619917295e-01 5.805294525517373794e-01 5.800013284919771639e-01 5.657979515966075068e-01 5.837990015345152495e-01 5.798349299733189799e-01 5.813349430547575247e-01 5.891308560924390925e-01 5.851918715291805073e-01 5.780883919011750027e-01 5.843393813096795508e-01 5.932181421795080789e-01 5.895272116261598416e-01 5.904073322407997759e-01 5.935552469298349676e-01 5.930821885680646055e-01 5.939465953125669939e-01 5.875432109981556517e-01 5.963599587093012522e-01 5.925220988385651033e-01 5.967951341942788757e-01 5.986469777899517952e-01 5.977470411412602047e-01 5.979763618685433046e-01 5.987908520253496514e-01 5.918852595117999327e-01 5.935449164309102299e-01 5.867017082498181546e-01 5.845913920115671791e-01 5.920346159455798229e-01 5.877454941664620458e-01 5.974958238066658822e-01 5.943661279221239546e-01 5.951086337782478530e-01 5.918742468694917491e-01 5.950756999521581436e-01
-2.141374619524942340e-03 1.249393200054490782e-01 3.484758055771788876e-01 5.967182530605187329e-01 4.551218607868375288e-01 5.298011819406236445e-01 1.000000000000000000e+00 7.116673521019405424e-01 7.092952390271601848e-01 6.454169851520388246e-01 7.414988179431564186e-01 7.989785602771133366e-01 7.387545181953211193e-01 7.088666163860524172e-01 8.481926873819953805e-01 8.063891097362078098e-01 7.147940691719212314e-01 5.420096013837020221e-01 6.022205640918425473e-01 5.597565470924341646e-01 5.008271272537432317e-01 6.469797704112242309e-01 6.304404584608019890e-01 5.438335993403086155e-01 5.967816820614750828e-01 7.059865988187015162e-01 7.452918052289244644e-01 7.587535248053889347e-01 6.767135316580017435e-01 6.759023191578354961e-01 7.650410414275089499e-01 7.599718434981631576e-01 7.186213702101303946e-01 7.105687799803952487e-01 6.676279826129831729e-01 7.814530409761951679e-01 7.539450232431701426e-01 7.700367839024347960e-01 7.825817754222639255e-01 7.992032897630443333e-01 8.071608203407579785e-01 8.160926303258014824e-01 8.042077492506651826e-01 8.200867712106310048e-01 8.015333139933151774e-01 7.995718405215912483e-01 8.050208182170817128e-01 8.062323593560833945e-01 8.063785439018935630e-01 7.764603267455261193e-01 7.903552227753768422e-01 7.852045091241903751e-01 7.942847132420430833e-01 7.838884728035820926e-01 7.820218084552587046e-01 7.754037295690638931e-01 7.934117263763535988e-01 8.014349105427924780e-01 7.948522340044532619e-01 8.069966832619774877e-01 8.046228834259846474e-01 7.970651057443336462e-01 7.942191174304348289e-01 8.032808463231372320e-01 7.967585886703052456e-01 8.038049465316943198e-01 8.065652473355601204e-01 7.873875409327777408e-01 7.854029553382309015e-01 7.867271855348793030e-01 7.706307256444907550e-01 7.893289921731300174e-01 7.648505090798578543e-01 7.613790791865733265e-01 8.020706932720423898e-01 8.031240461040497491e-01 8.044682165089934722e-01 7.796092683945505808e-01 7.986704554487191743e-01 7.766389561354661852e-01 7.883666991550553060e-01 8.001762670355878626e-01 8.061347734208341720e-01 7.815759911037313268e-01 7.959289800030920903e-01 7.918986603462091489e-01 8.051980872321238270e-01 8.085123286069134663e-01 8.042855086232022499e-01 8.075564763163701754e-01 8.130350121749405634e-01 8.131295125080416630e-01 8.119393751971009099e-01 8.107180554455811761e-01 8.047051459714520405e-01 8.069611109116957559e-01 8.054074709579347457e-01 7.918771013868582953e-01 8.119848691472111302e-01 8.102443555456887436e-01 8.157721415544770815e-01 8.066540465914099345e-01 8.074362284079730223e-01 8.112947473251409525e-01 8.129339671306368142e-01 8.009358689878595117e-01 8.078383376919664460e-01 8.011287376447013830e-01 8.038853212144172478e-01 8.079905822077687594e-01 8.074182793097002264e-01 8.094961990153479725e-01 8.086403008661393610e-01 8.090155034522577004e-01 8.045072797983242596e-01 8.108327856651400545e-01
-7.056663774122461791e-03 1.152602031384029613e-01 3.533535249646634901e-01 5.770953349938635624e-01 4.610612907966141760e-01 5.043190927063040396e-01 7.116673521019405424e-01 1.000000000000000000e+00 7.040340178129839144e-01 6.200709483826327695e-01 7.245527668723479309e-01 7.865265569108207400e-01 7.298947340120773841e-01 6.918142976482535289e-01 7.985638998358369767e-01 8.109519373949484189e-01 7.116148764819778538e-01 5.253569730759644063e-01 5.795996292367758818e-01 5.362318266285446278e-01 5.001694053387749639e-01 6.297380222654732629e-01 5.882399079204568837e-01 5.106330406095850316e-01 5.570897866298704093e-01 6.778450338425093813e-01 7.208032568930705652e-01 7.199693019350004164e-01 6.480551981835621644e-01 6.559566515128213426e-01 7.458516446282035250e-01 7.396918984190243851e-01 6.912320836707041005e-01 7.033182906575821125e-01 6.569923128696275594e-01 7.569596482233476031e-01 7.258127397571730866e-01 7.688819001143722964e-01 7.705662575690731542e-01 7.628341048804312408e-01 7.838489623715341192e-01 7.949065459591243554e-01 7.770769709634415268e-01 7.957489054907992410e-01 7.812655154908922928e-01 7.844091910840227388e-01 7.977089441789591007e-01 7.937279910954625484e-01 7.941499967384701986e-01 7.785274441955682967e-01 7.921540656135345193e-01 7.758737913749951254e-01 7.781869540419600328e-01 7.791336937136235097e-01 7.732897520874579822e-01 7.602095373705088921e-01 7.968045367739128304e-01 7.957317548974792709e-01 7.907373021295488469e-01 8.010395731447816914e-01 8.039507088650288402e-01 7.942171020612622812e-01 8.016146726661792510e-01 8.009190493035499570e-01 7.919884370795999828e-01 7.982093845705655610e-01 7.963968698409048530e-01 7.712106129853515402e-01 7.691799461856101416e-01 7.738483185652651475e-01 7.582928179693266824e-01 7.733960681426043093e-01 7.487050473018191932e-01 7.409971981134978458e-01 7.905026929010334769e-01 7.893971325673230233e-01 7.828740810359731128e-01 7.656297723848340953e-01 7.793584116893838010e-01 7.704476960200872249e-01 7.761034378992339722e-01 7.894603537595471510e-01 7.921761083865503927e-01 7.752138831398281971e-01 7.964570706018248014e-01 7.883188318303021580e-01 7.929477932492910996e-01 7.996713403839126322e-01 7.953113386552973507e-01 7.888984016707303315e-01 7.958763430208867229e-01 7.969145568467166374e-01 8.001962904630464113e-01 7.996757838945386387e-01 7.951446072151731048e-01 7.977697885195894623e-01 7.993105338617729760e-01 7.970408971900286854e-01 8.046577008394244501e-01 8.019613754656005344e-01 8.041253011685998153e-01 8.036381101992340348e-01 7.981983192845047981e-01 8.032504086159746315e-01 8.035592569518333894e-01 7.999702023517533123e-01 8.009798666424305935e-01 7.914898656296129875e-01 7.918698666308068290e-01 7.985809018504772538e-01 7.980124043350560470e-01 7.994383324644014355e-01 8.014347676598605474e-01 8.027058083574469816e-01 7.996440246653778727e-01 8.020308228461933142e-01
1.116910714359329176e-01 2.080130539197880546e-01 3.718922040788211203e-01 5.118043789959106915e-01 4.561602378419939430e-01 5.076913991948163174e-01 7.092952390271601848e-01 7.040340178129839144e-01 1.000000000000000000e+00 7.480482450446065412e-01 8.014168125844143287e-01 8.028837088768603358e-01 7.806808748362571437e-01 7.501485222993306001e-01 8.308016581981341186e-01 8.251370189395218491e-01 7.986877979147044559e-01 6.927392458664656250e-01 7.397354674926730489e-01 6.059622269018204443e-01 6.373003741174529946e-01 7.580772695602510103e-01 7.005114319979393045e-01 6.491124438685724751e-01 7.110776365802322641e-01 8.179872567053048105e-01 8.347464465836818004e-01 8.239952306091840040e-01 7.880134445769931828e-01 7.938152860473143280e-01 8.532669926259810467e-01 8.471929413267891285e-01 7.976431677470056103e-01 8.121470166468603979e-01 7.928381344313469858e-01 8.106266710670305686e-01 8.296994412395672924e-01 8.503983958803318366e-01 8.562343633739497584e-01 8.067969438464601684e-01 8.648844765393344236e-01 8.510200841061825727e-01 8.032098204976751976e-01 8.663735181519505169e-01 8.572603470060992104e-01 8.665996471010922741e-01 8.626701441138275861e-01 8.739117928126720614e-01 8.581733015118466756e-01 8.327575395548552084e-01 8.539088518696517083e-01 7.974359306137812631e-01 8.383931989172080934e-01 8.820568241089036254e-01 8.661634772265416338e-01 8.646836522136025494e-01 8.570506329316383010e-01 8.631216528142100497e-01 8.718735822923372458e-01 8.708424587423199137e-01 8.560616334390519500e-01 8.715093370081873347e-01 8.514323268879696593e-01 8.594819056185171169e-01 8.655291914956674271e-01 8.725377392627284845e-01 8.731892624962963589e-01 8.743551991371192322e-01 8.712207694494007448e-01 8.518568813283308172e-01 8.634249921303084330e-01 8.771718538567720991e-01 8.535327435965924803e-01 8.585277502346531087e-01 8.791397411054003852e-01 8.748459109464148398e-01 8.677977304825709171e-01 8.666002780678065953e-01 8.684816622523225949e-01 8.675656780068683460e-01 8.680510955305942300e-01 8.727777840618021754e-01 8.698601197178404965e-01 8.680382555472347939e-01 8.591221958759619470e-01 8.692884802837638203e-01 8.665723545917125570e-01 8.632365236678913867e-01 8.688225304103774915e-01 8.710255332069487544e-01 8.602858809502644810e-01 8.625374010241954048e-01 8.686457131721853075e-01 8.688405666779329684e-01 8.611496899721061693e-01 8.660559019728509833e-01 8.255309351588211442e-01 8.475357344895334544e-01 8.561641217879925048e-01 8.610055011638624300e-01 8.542014735259166880e-01 8.536365689455106542e-01 8.563781749925665210e-01 8.617283758534636240e-01 8.611211408896628505e-01 8.555762485998957834e-01 8.632977375502006723e-01 8.725881643152738620e-01 8.727949012784745886e-01 8.666424081011281366e-01 8.660387900531765215e-01 8.628601095141733568e-01 8.655990090758766131e-01 8.608231910948763721e-01 8.688370453282185935e-01 8.683690468623901371e-01
8.065351171858109458e-02 2.052895914259490195e-01 3.346263991286846373e-01 4.306922470304630490e-01 3.962100374785590962e-01 4.791441577068533131e-01 6.454169851520388246e-01 6.200709483826327695e-01 7.480482450446065412e-01 1.000000000000000000e+00 7.249116710993926960e-01 7.342895765376010742e-01 7.105275006505393787e-01 7.006266756721892808e-01 7.581200436194426295e-01 7.491655595492286990e-01 7.325392155319495613e-01 5.720463682058861687e-01 6.339664203739692194e-01 4.944842541515594436e-01 5.207935303206272515e-01 6.559780056933035564e-01 5.909643677890874525e-01 5.139695076452563960e-01 6.032141499692748043e-01 7.273868990774584598e-01 7.501615899765495810e-01 7.410264659687910704e-01 7.172260198118709518e-01 7.059934171780287704e-01 7.784652508621435762e-01 7.558276890086558231e-01 7.141436349820662333e-01 7.110366987539729067e-01 6.961198935621760731e-01 7.286923432412758528e-01 7.396009665496405816e-01 7.888126415183426277e-01 7.779683147305945790e-01 7.421962976167043591e-01 7.936872095928089177e-01 7.812727528344345362e-01 7.213792345513754256e-01 7.873860708654394358e-01 7.809387805519155679e-01 7.968826622944011895e-01 8.046285284874026278e-01 8.189984335592870313e-01 8.043316307405116161e-01 7.772630116557681657e-01 7.890891810367853809e-01 7.291445862225508501e-01 7.799768132098103823e-01 8.173977108567129779e-01 7.989346558505160401e-01 8.014123271244821822e-01 7.923687061748290184e-01 7.997448151593938848e-01 8.102861749952139370e-01 8.077982010398629953e-01 7.938420449508442056e-01 8.057658875282488475e-01 7.944850787492574451e-01 7.951992739594291315e-01 7.950318133072429294e-01 8.029517239733880984e-01 8.140412731444365280e-01 7.981032481867367245e-01 7.907273214516044035e-01 7.657360401924852011e-01 7.765065103325302642e-01 8.011904598011714285e-01 7.593112329547251349e-01 7.716854647035261694e-01 8.097325935176051814e-01 8.080266375449948191e-01 8.016442572059887528e-01 8.043344811707967557e-01 7.984919165371221483e-01 8.014757445939987290e-01 7.978962150734758563e-01 8.104004726874262099e-01 8.005899024293380295e-01 7.928016303092692008e-01 7.885501254761168033e-01 7.921154077689461781e-01 7.999510963767326732e-01 8.043462900669710036e-01 8.034839595537917045e-01 8.078841663727022171e-01 7.958722398083649674e-01 8.014259311365652394e-01 8.034100320059713862e-01 8.068334587725333185e-01 8.089137450382839489e-01 8.128198323008690718e-01 7.715464365667389357e-01 7.846464392001690769e-01 7.960873075396693865e-01 8.006736380926301466e-01 7.844366127767330443e-01 7.964853684161130598e-01 7.960341107661519366e-01 8.021310727423031084e-01 7.983761277763509190e-01 7.920188138805698275e-01 8.073369168555407649e-01 8.161159887071185448e-01 8.141186530256127041e-01 8.089195218316423963e-01 8.083784541867113926e-01 8.073908859625312795e-01 8.073498793317669397e-01 8.019694851760649223e-01 8.052699604692447055e-01 8.043307785213065220e-01
5.324515005036929011e-02 1.671186415817066950e-01 3.942637556116758146e-01 5.918781511740193180e-01 4.651197605663011103e-01 5.379317649402028945e-01 7.414988179431564186e-01 7.245527668723479309e-01 8.014168125844143287e-01 7.249116710993926960e-01 1.000000000000000000e+00 8.579528161263957342e-01 7.825476223422678235e-01 7.674905013886628158e-01 8.555069412406035578e-01 8.432059111014910124e-01 7.942521341730506279e-01 6.636740500938866916e-01 7.156970761050531760e-01 6.374941395703488389e-01 6.421210986865348858e-01 7.655770893398273769e-01 7.027701684470772925e-01 6.418448091986124204e-01 7.015886840060595597e-01 8.036460190271995652e-01 8.409446143606678081e-01 8.289505054965742303e-01 7.881783595692068989e-01 8.041352784143587229e-01 8.687994856470273586e-01 8.523986036528968802e-01 8.150968514815332133e-01 8.241151384342580988e-01 7.847797831884349984e-01 8.503526171035384884e-01 8.435429435168647627e-01 8.632983355300668515e-01 8.754629281929869888e-01 8.459993375876230237e-01 8.771071558471391638e-01 8.708921367628906784e-01 8.462504597759162861e-01 8.824942368842412233e-01 8.753980487791397369e-01 8.791630081680268383e-01 8.809053165349319814e-01 8.845648436195956421e-01 8.826743798033653832e-01 8.679217128583620600e-01 8.813211101711198037e-01 8.329712274685734386e-01 8.616883458234332327e-01 8.787026525872871918e-01 8.767961086199398402e-01 8.708065654493648555e-01 8.774658895070022169e-01 8.756661530247641378e-01 8.837061530953770339e-01 8.821170887551130768e-01 8.847406997484246194e-01 8.809695875898054807e-01 8.777180004991692597e-01 8.819596663843936035e-01 8.753786371787848353e-01 8.826977472517361090e-01 8.824031623077578379e-01 8.806403950722101470e-01 8.770749593905047270e-01 8.766078850399218192e-01 8.776090876800999308e-01 8.864135193445854544e-01 8.626009364113713662e-01 8.639798998102168337e-01 8.883492627447645562e-01 8.877455258650170933e-01 8.818216224148529570e-01 8.781307777583398089e-01 8.854338638038171672e-01 8.806154241088890444e-01 8.846865638359179274e-01 8.896982681519577385e-01 8.868291925827608280e-01 8.783131354414318581e-01 8.805279704330890578e-01 8.842341182547835965e-01 8.876904166207044700e-01 8.825609594722427786e-01 8.872669641421454534e-01 8.834978974599203561e-01 8.816117674845368457e-01 8.818272908259696674e-01 8.877007356149535511e-01 8.860396965343807496e-01 8.798774982288405377e-01 8.820297646997065089e-01 8.610663582238583524e-01 8.657733815493371399e-01 8.815770255355790397e-01 8.830827829160674547e-01 8.806137643319345010e-01 8.794405017862355622e-01 8.769144032313848092e-01 8.821530440441927023e-01 8.824165557888878908e-01 8.740099641138675546e-01 8.822916689249956645e-01 8.825608758289434919e-01 8.852109629758160292e-01 8.828757416384954704e-01 8.824249120667282398e-01 8.801913728939276815e-01 8.832915295757830521e-01 8.816213581902675456e-01 8.851286619494135310e-01 8.845473759233769551e-01
-5.495808537592019975e-03 1.118956754850124469e-01 3.941763779343208651e-01 6.677639148946324932e-01 5.055801286717072074e-01 5.824302176827848010e-01 7.989785602771133366e-01 7.865265569108207400e-01 8.028837088768603358e-01 7.342895765376010742e-01 8.579528161263957342e-01 1.000000000000000000e+00 8.212343312950439733e-01 8.070937393005326310e-01 9.133234505591758534e-01 8.990206398032043467e-01 8.129817841174236115e-01 6.054707034489190676e-01 6.730631404124737260e-01 6.202310141660963838e-01 5.876878150424459379e-01 7.399615038047732130e-01 6.844400966403885178e-01 6.009387816678839478e-01 6.611262092830081372e-01 7.814989394005344980e-01 8.385863741760504197e-01 8.347479838166382837e-01 7.667156986335480484e-01 7.807882974211354243e-01 8.706670468911449356e-01 8.583108270028693143e-01 8.083896793103045875e-01 8.187709677828015620e-01 7.665320871208683995e-01 8.803776691988188796e-01 8.490304955070457904e-01 8.863563425127529705e-01 8.943736490317714116e-01 8.866715715180059076e-01 9.102247704743345880e-01 9.194520570406410354e-01 9.081328867416395001e-01 9.291773461282030189e-01 9.033613711605453789e-01 9.093813408608569793e-01 9.271204746119880991e-01 9.240878901974092230e-01 9.285249417772505343e-01 9.123536207170698242e-01 9.176490577437328433e-01 9.088014600805597309e-01 9.157018552475665318e-01 9.054275715641094679e-01 9.006290622760183551e-01 8.882127442048947108e-01 9.220780304982371112e-01 9.179736062568000232e-01 9.165942855252584565e-01 9.287621764058729967e-01 9.343539110140275383e-01 9.201861578081659276e-01 9.243560158004031635e-01 9.292268730383367314e-01 9.192477615749476971e-01 9.278633297027244486e-01 9.252076959310424620e-01 9.010966668870540319e-01 8.975403774516558242e-01 8.986367917443578435e-01 8.877786799802659390e-01 9.058604443133777551e-01 8.758577711619919270e-01 8.703131951367678587e-01 9.163054909952558225e-01 9.199929081604679704e-01 9.129511686881308652e-01 8.973161704287438978e-01 9.113630469464870654e-01 9.020961010068226926e-01 9.092066758658683412e-01 9.198814900222295199e-01 9.205981767574091812e-01 9.022451024272311049e-01 9.176254664357239577e-01 9.146772456220031433e-01 9.231834866621531077e-01 9.250666117257287935e-01 9.235932329533986795e-01 9.195178855195874634e-01 9.231330823501939786e-01 9.295683846807651918e-01 9.288375697158341993e-01 9.289200237963471940e-01 9.283899345032196049e-01 9.288932455835759994e-01 9.266902544213344584e-01 9.186197120326501375e-01 9.341691768151658692e-01 9.292799937984186354e-01 9.334174691753411857e-01 9.314753572272695958e-01 9.309885547942853279e-01 9.334953337692324382e-01 9.343513415088545715e-01 9.240915727796150669e-01 9.312127182763918487e-01 9.214258858387217588e-01 9.224561963173829593e-01 9.302371942957333717e-01 9.267921854695914119e-01 9.318190222381875776e-01 9.309062488180740447e-01 9.312891203012292340e-01 9.293778904995042556e-01 9.312055738256649340e-01
7.646067679524542852e-03 1.485271054776513278e-01 3.535362587107572230e-01 5.538340986689251899e-01 4.806554097067460285e-01 5.444721241078034346e-01 7.387545181953211193e-01 7.298947340120773841e-01 7.806808748362571437e-01 7.105275006505393787e-01 7.825476223422678235e-01 8.212343312950439733e-01 1.000000000000000000e+00 7.436178074782072711e-01 8.408919280755720038e-01 8.474467877944346084e-01 7.662101370193546979e-01 6.134699341370064563e-01 6.758200912687704065e-01 5.699895143041302514e-01 5.704910648372949478e-01 7.223713163124485526e-01 6.715239822168854733e-01 6.018858865362455290e-01 6.651630401469726950e-01 7.643901636189548432e-01 8.017780461345669352e-01 8.016119668047291258e-01 7.389217139647570320e-01 7.509807905880686585e-01 8.252968218706648873e-01 8.153778323003981754e-01 7.701098634350322936e-01 7.830382990581536973e-01 7.464969424325231806e-01 8.210591276635114122e-01 8.100318825177944548e-01 8.269860816686696037e-01 8.429128072647920078e-01 8.192406304720266652e-01 8.543217959215401169e-01 8.565780208583994026e-01 8.283190295872656650e-01 8.661412892336322056e-01 8.497269256087827127e-01 8.532825857166826955e-01 8.633681529336661997e-01 8.639496532358076353e-01 8.555954161526907464e-01 8.326286462192019622e-01 8.465779408921948468e-01 8.308704038961939320e-01 8.443399821634417490e-01 8.545845762580700500e-01 8.466589581254223562e-01 8.406856983099308955e-01 8.470769341622296222e-01 8.592289875394959475e-01 8.563678176959327315e-01 8.671975008373682403e-01 8.624641264547897590e-01 8.597120077052678999e-01 8.468873290591502068e-01 8.556621642312033371e-01 8.596155776509690760e-01 8.652587276516837678e-01 8.666363622318794535e-01 8.545462752176029575e-01 8.534055761832458620e-01 8.380991626913003589e-01 8.429167348875238330e-01 8.607404526188172644e-01 8.354591936924845585e-01 8.339865204619208994e-01 8.664677593538555600e-01 8.631213940151094555e-01 8.572310369954320164e-01 8.448257466533609650e-01 8.582940693308668267e-01 8.526868408283836409e-01 8.567115547255815811e-01 8.635167710840273569e-01 8.630113852918834816e-01 8.523886664431501448e-01 8.591031773067042687e-01 8.625822986486383348e-01 8.649806202606000749e-01 8.647579415127022440e-01 8.654681794928236194e-01 8.645611278615056294e-01 8.616249102452578912e-01 8.662121078707871735e-01 8.695307484232724926e-01 8.679679435027881640e-01 8.647521220571381395e-01 8.650140228469429537e-01 8.478894559694757360e-01 8.500278380254120414e-01 8.662801653865006557e-01 8.642207750198772631e-01 8.660365666636965498e-01 8.615978425066943558e-01 8.617146997404717679e-01 8.679439376398697670e-01 8.684108350855674896e-01 8.558494801713660838e-01 8.642276212501082133e-01 8.650967121895400957e-01 8.666025387570849281e-01 8.656162767304987904e-01 8.643474467044006682e-01 8.661852659154805067e-01 8.666473842376692938e-01 8.660466928361726380e-01 8.650744921179739366e-01 8.681109691977720866e-01
