1.000000000000000000e+00 1.642102233318259719e-01 9.383887966260355540e-02 1.520166853414042507e-01 1.055501543367761280e-01 -3.465254530988778892e-02 2.665759815255996576e-02 6.648759608586915504e-02 1.865345469017864466e-01 8.072747015328501918e-02 7.231204341232616573e-02 4.327455671441598345e-02 3.397249069895276474e-02 7.221837422869337685e-03 2.866744939621863192e-02 4.865266279501968827e-02 1.210189135560998108e-01 2.208914604393043962e-02 1.399945548788684296e-02 1.025427518367534735e-01 1.024319397878818566e-01 7.903789546374234698e-02 -1.771376117641319456e-02 -1.428220571150878989e-03 1.504525124068329441e-03 6.226276848967658706e-02 7.868598567874483807e-02 6.209626763265768679e-02 1.186551617841651723e-01 1.188730809573830677e-01 7.725411617237863682e-02 2.956961579152211569e-02 4.214910364893222766e-02 -1.512822700453089579e-02 5.938736844617233113e-02 -3.499300308384717395e-02 1.684136226135304198e-02 -1.171845778806569933e-02 -1.579206354479167559e-02 -9.989978175550856543e-02 1.058468344169629337e-02 -3.503410748461414231e-02 -2.391918747896051509e-02 8.919993892496957608e-03 -1.347126651812637597e-02 1.327663427246328874e-02 1.782170827579860131e-02 2.003383291786878934e-02 2.158018576368748997e-02 -3.842016941743246934e-03 -2.150497314863616862e-03 -1.920209881201745889e-06 2.330058297966131065e-02 5.079356537902723900e-02 3.945466949409403429e-02 -1.226851469559274432e-02 7.016759348959632214e-02 1.381922634816861589e-02 -1.131890646984918961e-03 6.843203188129438896e-02 3.624861205625454219e-02 3.934027031930354551e-02 3.420125436446682515e-02 6.482537824954619221e-02 8.591843692030290414e-02 8.525401866191460731e-02 1.822341893234658700e-02 4.027140218920153940e-03 2.530348677972432681e-02 3.952520628642693795e-02 1.225679037558413849e-02 1.637484098165949142e-02 -9.332492734145896376e-03 -6.495876738035974603e-03 1.935945950030938667e-02 2.268780028139229937e-02 2.007423098897269040e-02 5.459201758904733137e-02 2.774585349333685835e-02 6.247793866896275694e-02 3.738152762365645060e-02 3.562092571807606162e-02 2.357512833714148909e-02 3.526852149208148379e-02 -1.436429436625711632e-02 -3.019776710055865291e-03 -1.077902793414401046e-02 -1.931964974065611407e-02 -7.770123973163367906e-03 -3.654942875274876449e-03 -3.855283941865090408e-02 -6.978196094616194098e-03 -3.731382781700141350e-03 -6.798301002216797576e-03 9.281278080221886870e-03 1.605999635744907034e-02 3.635101672180342160e-03 6.986647088341005341e-02 1.504918112199093994e-02 -9.750549224128143844e-03 -8.060268058885608836e-03 2.671338353370584368e-02 2.469506761814848142e-02 8.854649594058581000e-03 9.295455322649946034e-03 6.897587928356074816e-02 3.700701999628759620e-02 3.095844543434190729e-02 2.036209781379613032e-02 2.332409119290889191e-02 -8.463752476635822558e-03 4.260956354059029783e-02 2.087581104927371117e-02 4.918438474951529471e-02 5.198459653157305738e-02 5.367878571075856975e-02
1.642102233318259719e-01 1.000000000000000000e+00 8.675990586581343311e-02 9.596899120198966460e-02 1.090505234283545566e-01 9.905582294372919372e-02 1.406609848138891394e-01 1.188085284895348259e-01 1.910149784175357857e-01 2.024129817239423978e-01 1.533910089582804781e-01 1.431728441985549993e-01 1.405609429051939974e-01 1.296695163784346849e-01 1.540683493806294380e-01 1.520989343119447668e-01 1.568870685398322806e-01 8.821188202220078822e-02 1.151661323543126114e-01 1.229853086700058579e-01 8.805528504821708013e-02 1.490020124568443016e-01 1.337573456933823235e-01 1.098662569459986915e-01 1.136987210387474245e-01 1.689613968439800384e-01 1.714367072396794922e-01 1.549701553648495655e-01 1.681531917501430107e-01 2.159471063698044646e-01 1.947778789755707229e-01 1.571420010346709362e-01 1.645249890524493053e-01 1.310235988539399377e-01 1.649706209223048281e-01 1.421057222364907335e-01 1.815507994230654287e-01 1.421416649113684261e-01 1.381888550889362743e-01 1.186518518276757223e-01 1.572390936563630437e-01 1.406398657944117614e-01 1.303009980655630562e-01 1.518607170389446592e-01 1.450848000008685690e-01 1.524779671229048172e-01 1.637117433260842081e-01 1.650233854241840159e-01 1.585600923505111060e-01 1.181698206904704812e-01 1.398070908276260738e-01 1.031412699253750620e-01 1.305442528408472247e-01 1.689707737138560206e-01 1.617695094175786164e-01 1.457784678295627745e-01 1.612365754450330591e-01 1.490339346094183837e-01 1.551539073890789711e-01 1.699757116153906289e-01 1.557283519223698620e-01 1.684514908217803475e-01 1.603569154385148798e-01 1.657854444212541190e-01 1.651935402272187992e-01 1.723859049910274888e-01 1.598399840525153437e-01 1.444979716569820549e-01 1.596084969007510179e-01 1.635576465285535908e-01 1.308841630741299777e-01 1.479765482303136426e-01 1.446916915199388531e-01 1.403311489027672665e-01 1.626178579798215340e-01 1.649793621742593475e-01 1.567515198439380641e-01 1.695199183654266251e-01 1.606101686183493971e-01 1.849566676091154993e-01 1.723758329657875399e-01 1.734438545865573389e-01 1.544006038165759709e-01 1.682879611212259596e-01 1.290498878428270879e-01 1.461363154821486432e-01 1.633078320576725195e-01 1.361879100986368163e-01 1.467155399974290897e-01 1.444678020968696852e-01 1.399580209399927666e-01 1.498318527435211489e-01 1.502294866561540432e-01 1.507315675153036438e-01 1.571703551634285045e-01 1.622909919136833745e-01 1.328858128726638499e-01 1.423283784119497297e-01 1.523214633900234483e-01 1.424670438991914312e-01 1.424107676564441427e-01 1.440589796784512433e-01 1.451018825446893368e-01 1.489056512448717617e-01 1.306651394552614254e-01 1.589308051016004308e-01 1.602462764168265663e-01 1.648420006620499589e-01 1.553770836613925233e-01 1.592939060447647048e-01 1.473872358355524381e-01 1.611234192079872007e-01 1.571090300035108411e-01 1.599836826250948252e-01 1.546541604378711965e-01 1.613204059320574035e-01
9.383887966260355540e-02 8.675990586581343311e-02 1.000000000000000000e+00 3.025329847999363997e-01 2.150249739808863525e-01 1.922900256447871437e-01 3.024102563425407619e-01 3.068241814153749303e-01 3.149576515372111141e-01 2.911056922932194757e-01 3.505469545286452049e-01 3.478123325588249881e-01 2.827143000756509039e-01 2.899231505470156733e-01 3.482644007778086803e-01 3.280397408262274994e-01 3.357597077895603799e-01 3.656201581764475517e-01 3.636742729957167519e-01 3.204594285089108485e-01 3.241032124467509434e-01 3.538161198291812082e-01 3.591251285333864063e-01 3.736230745099639594e-01 3.484778752172430494e-01 3.685798147153137028e-01 3.565197673171935921e-01 3.480024801782765076e-01 3.416113650679361569e-01 3.842142238809304611e-01 3.735082077778383303e-01 3.777271841981381106e-01 3.600602496064848057e-01 3.534129105296147655e-01 3.557936240966531050e-01 3.305522540506140583e-01 3.632855364887978000e-01 3.394490247912089198e-01 3.452445831569046497e-01 3.159368778376255849e-01 3.544215828365960830e-01 3.302259847007869564e-01 3.426330327712581725e-01 3.401579225557143094e-01 3.484085930706924961e-01 3.331058629383391589e-01 3.325892001170505097e-01 3.379350525979837316e-01 3.289194066202664746e-01 3.158135858263980134e-01 3.361482423237358574e-01 3.232127678015843109e-01 3.358562586661194560e-01 3.370492287987166824e-01 3.386889392955763078e-01 3.563470560458142922e-01 3.403345632428316225e-01 3.326220370422035555e-01 3.368759472145837486e-01 3.405942125017931144e-01 3.447296256187298291e-01 3.387129328240292558e-01 3.356481398550298922e-01 3.380715073391603598e-01 3.305946854351909936e-01 3.372680949987965637e-01 3.313398157582170267e-01 3.520143739248421944e-01 3.617011830958470897e-01 3.441649217850205056e-01 3.429266858407905572e-01 3.402546837019799764e-01 3.623152970941722062e-01 3.531859340487651377e-01 3.508817919811579866e-01 3.433164980369309283e-01 3.496835179567355234e-01 3.473381843688889692e-01 3.445352469491032021e-01 3.599045814208458594e-01 3.541933782848471490e-01 3.517952946995671071e-01 3.505829401540300760e-01 3.546035626868810353e-01 3.351407010392771779e-01 3.506526104230179297e-01 3.468186638799437560e-01 3.370956085797476298e-01 3.429859871064379617e-01 3.520752962277888809e-01 3.376612110738276273e-01 3.383429736024788359e-01 3.432686906814411687e-01 3.371486327530901494e-01 3.298496939991489296e-01 3.337918827106715058e-01 3.330065999010685673e-01 3.244989565621153593e-01 3.336002379393087081e-01 3.373159714909923501e-01 3.400738159874924782e-01 3.291271370644857641e-01 3.343439349905777402e-01 3.318417021353198826e-01 3.351921381771494346e-01 3.327953828487752452e-01 3.358703508420322614e-01 3.393228682689595210e-01 3.427287599661734685e-01 3.359857454171574775e-01 3.332163765950060252e-01 3.333978150454576794e-01 3.418271772460502733e-01 3.351172298815224271e-01 3.283725473444821241e-01 3.366686741475096167e-01
1.520166853414042507e-01 9.596899120198966460e-02 3.025329847999363997e-01 1.000000000000000000e+00 3.754784935776502297e-01 3.027753817649229684e-01 5.660291243306226905e-01 5.484577578149881782e-01 5.056689489172578877e-01 4.664095084115068013e-01 5.489171644961419183e-01 6.370598287235574864e-01 4.696138951886997814e-01 5.112816838275395792e-01 5.995771377006584579e-01 5.917931978437773743e-01 5.779395871837708087e-01 5.639645566058186787e-01 5.682371696651556947e-01 5.779238989607202726e-01 6.212764401954410376e-01 6.073014681078051646e-01 5.557188655837181912e-01 5.518067846439796975e-01 5.457768950229652249e-01 5.806575553198659589e-01 5.794824123797532867e-01 5.910449444427338106e-01 5.453584757761227308e-01 5.486315130521763894e-01 5.781803962606616443e-01 6.162818260901472556e-01 5.686205917684844513e-01 5.813752084888009763e-01 5.743484506549213497e-01 5.706098361240851125e-01 5.698255750673634212e-01 5.842971285413880445e-01 5.828778357367992990e-01 5.387797568978525131e-01 5.922953850751173643e-01 5.743449761712753343e-01 5.861258663558748250e-01 6.019032372042855128e-01 5.896846092659708827e-01 5.819800651828077598e-01 5.634993257387008736e-01 5.714335400889403171e-01 5.786531072192958591e-01 5.727700131009397788e-01 5.845493749996549804e-01 5.790411882025029433e-01 5.829696973581779407e-01 5.773684948148033458e-01 5.816966959972487139e-01 5.736700780502351771e-01 5.931525798191318311e-01 5.633472853992284035e-01 5.694659873881101619e-01 5.873317814731083830e-01 5.991494497347014114e-01 5.760057676064723742e-01 5.810711778663179006e-01 6.013704231478720352e-01 5.795731808688319164e-01 5.916135322907032368e-01 5.684942785424330625e-01 5.781316823081414924e-01 5.901046384521423382e-01 6.081709931485056453e-01 5.952268524912139869e-01 5.816053996672827520e-01 5.752554622335331880e-01 5.802617915193980513e-01 5.804566757027277424e-01 5.754854119759733599e-01 5.848982683054252396e-01 5.696565835408944345e-01 5.744823476558508224e-01 5.748159403412413937e-01 5.704308327368153853e-01 5.778561075525304735e-01 6.017686479727839544e-01 5.806274764210811457e-01 5.881620754787213468e-01 5.843550972271638333e-01 5.730197982477738261e-01 5.802797502037997379e-01 5.828781331738712712e-01 5.860273031258483867e-01 5.721438803160019404e-01 5.792443665631538119e-01 5.801862930750695257e-01 5.799839716144435942e-01 5.676651679100743753e-01 5.721718570348804933e-01 5.867782723027382685e-01 5.983040178742974335e-01 5.881153017982760911e-01 5.851484580844628081e-01 5.881705196706563665e-01 5.879402298547111716e-01 5.876377559799571548e-01 5.825558661454082188e-01 5.953734752150819931e-01 5.802578311913831888e-01 5.887390748664388385e-01 5.790248776364348426e-01 5.841768156886604224e-01 5.764870590876525203e-01 5.670392834412767424e-01 5.816630147143496687e-01 5.823289245075780052e-01 5.971477104115223700e-01 5.850086441705680818e-01 5.902625355258368511e-01
1.055501543367761280e-01 1.090505234283545566e-01 2.150249739808863525e-01 3.754784935776502297e-01 1.000000000000000000e+00 2.748240648074015691e-01 4.624788947664492667e-01 4.571360251448691181e-01 4.299970081751282591e-01 3.820861954983740816e-01 4.407911866391627242e-01 5.046069024174903994e-01 4.262582790700119029e-01 4.214423168031928291e-01 5.000866735152312836e-01 4.979043355103706103e-01 4.557393999179941146e-01 4.400024123691118061e-01 4.580176804618238395e-01 4.373942895973027545e-01 4.249597337076090886e-01 4.782926864530407385e-01 4.611946002184763582e-01 4.516156203242954192e-01 4.692582114735027732e-01 4.976652961975155387e-01 4.971228723858247545e-01 4.933440141982991523e-01 4.756163657459847594e-01 4.850980378635638135e-01 5.000623562756472129e-01 4.854367526286336720e-01 4.512765951833061506e-01 4.647093653303415173e-01 4.572646593764114753e-01 4.690987242823366210e-01 4.880678552118151714e-01 4.669008601557813609e-01 4.869517951759355645e-01 4.519317734969901523e-01 4.913712684396542296e-01 4.806184620464493129e-01 5.060577361587333955e-01 5.044926582090935030e-01 4.899470623602562580e-01 4.936443713807490141e-01 4.665144284473180525e-01 4.706861698856926179e-01 4.672914478282968465e-01 4.461917776478038777e-01 4.690691411849179926e-01 4.737941266334458335e-01 4.811042682873695742e-01 4.752547230870561301e-01 4.793226662303324837e-01 4.828383456522757355e-01 4.708365554246539686e-01 4.741694593791277446e-01 4.595174209573054114e-01 4.943406499592899461e-01 4.905513775591989201e-01 4.731887735764659375e-01 4.683943076239208136e-01 4.900884837161127439e-01 4.883672612344080455e-01 4.810749543557223395e-01 4.694677525185410039e-01 4.765248828601171827e-01 4.823506040593931177e-01 4.906408707985128181e-01 4.799293431327681936e-01 4.812427954602792046e-01 4.719832140445218149e-01 4.880328297369114221e-01 4.865994227044621590e-01 4.809678073244473828e-01 4.898261703752121443e-01 4.832804334037972827e-01 4.949458543869761362e-01 4.889864823122271331e-01 4.819753489976257854e-01 4.838292065679813958e-01 4.907403258264302903e-01 4.823458814404675832e-01 4.731692606591782480e-01 4.737033839080375675e-01 4.779693625620271002e-01 4.763603107055980335e-01 4.840705825395107409e-01 4.879630180473059631e-01 4.773211371349663779e-01 4.835983084342636018e-01 4.849871608310902804e-01 4.908746953581851202e-01 4.692215245516196953e-01 4.764448003049843727e-01 4.739581067110646417e-01 4.749361932325574243e-01 4.779591491088248101e-01 4.792098267032059433e-01 4.941168732594109492e-01 4.751384213654100130e-01 4.835580993830261298e-01 4.853300537727378572e-01 4.881839416789530706e-01 4.686773212257203669e-01 4.779959819016559863e-01 4.817071443355234739e-01 4.837567110780294777e-01 4.802295605344032992e-01 4.679720867979899057e-01 4.845610640961400817e-01 4.793457912381507979e-01 4.912100933131521296e-01 4.823732983982525480e-01 4.794844943902955015e-01
-3.465254530988778892e-02 9.905582294372919372e-02 1.922900256447871437e-01 3.027753817649229684e-01 2.748240648074015691e-01 1.000000000000000000e+00 4.848163387223238252e-01 4.248864401822830539e-01 4.772165541100128472e-01 4.677248924753211190e-01 4.818374648840022534e-01 5.361895988417009207e-01 4.675939448313204960e-01 5.239634163107738107e-01 5.599881824594226121e-01 5.280597626667199451e-01 4.879931602052461903e-01 4.488625340131009445e-01 4.938911004569479513e-01 3.947136124046558558e-01 4.244226956820749685e-01 5.154709802720832679e-01 4.825825723733155881e-01 4.607660375584475276e-01 4.755118188969048587e-01 5.309639034395379209e-01 5.379982124757336504e-01 5.260306102706202580e-01 4.813088108216723171e-01 5.208370927293233255e-01 5.551102222835475608e-01 5.358288303692827492e-01 5.116921053669114539e-01 5.305231444487074066e-01 5.318356371024656193e-01 5.121389700147411794e-01 5.531694898083210354e-01 5.502592977184226353e-01 5.566427189735234649e-01 5.332316834367473168e-01 5.682351500542891509e-01 5.677417571554213005e-01 5.462835111984217784e-01 5.682261850945842241e-01 5.677366635700243913e-01 5.658942099830185368e-01 5.800107931197419076e-01 5.848678793936344933e-01 5.770501790241823192e-01 5.420383723996121672e-01 5.624719003019580388e-01 5.435884550542382510e-01 5.663113962733569151e-01 5.780685320475835720e-01 5.676683674041828054e-01 5.725256028238963069e-01 5.565192676124363080e-01 5.753099417381911662e-01 5.711113893467002489e-01 5.675919625632976917e-01 5.708491415008393188e-01 5.717674330798773186e-01 5.721434107078969822e-01 5.617976129725615886e-01 5.620610143873071562e-01 5.624297432665782415e-01 5.831590160409541035e-01 5.778532645491314401e-01 5.718643444686476451e-01 5.683410608673669095e-01 5.763984065593281692e-01 5.821257745433003894e-01 5.682752924239732328e-01 5.682196443025979704e-01 5.831620806004441659e-01 5.830196624253523030e-01 5.766772539134593645e-01 5.676151666794247985e-01 5.799595604417461248e-01 5.767266052927898512e-01 5.782912630504793983e-01 5.837013994297551855e-01 5.720367479717369807e-01 5.750470008690534707e-01 5.729812564037312095e-01 5.735105512904992153e-01 5.806423323155459615e-01 5.838433235609757910e-01 5.823062166983231647e-01 5.804716542996988249e-01 5.817343348037441464e-01 5.868042098429498976e-01 5.844969376874042943e-01 5.840984127487346411e-01 5.871780556808410267e-01 5.888763598532068544e-01 5.752068528609249887e-01 5.602329096685595422e-01 5.800506576110016077e-01 5.781073040501485405e-01 5.795095351267528505e-01 5.790335389378593600e-01 5.822955924812924788e-01 5.841635012329161603e-01 5.786366178598183474e-01 5.694719407438373349e-01 5.805493507298827849e-01 5.842851260067140062e-01 5.853428144937857791e-01 5.835311831983908126e-01 5.869339594404942018e-01 5.808030599624159906e-01 5.801164563660091700e-01 5.742909934486625234e-01 5.720287459206860881e-01 5.771734857746959602e-01
2.665759815255996576e-02 1.406609848138891394e-01 3.024102563425407619e-01 5.660291243306226905e-01 4.624788947664492667e-01 4.848163387223238252e-01 1.000000000000000000e+00 6.970344606628960937e-01 6.888590192860533090e-01 6.608285958804795968e-01 7.052419380324091991e-01 8.114962288335483276e-01 6.744993074876729500e-01 7.183682524322528851e-01 8.284098035729212661e-01 7.868030296131464096e-01 7.319306683478531417e-01 7.002774886638071239e-01 7.569815774083392679e-01 6.684792729583808324e-01 7.114552839235552817e-01 7.910041791580122439e-01 7.499676175774281361e-01 7.244790589389049629e-01 7.417507396891516169e-01 7.767819531879880390e-01 7.787429899633718788e-01 8.078077966617283057e-01 7.495556078783327525e-01 7.487714888579217742e-01 7.984284623145943005e-01 8.069341575234453279e-01 7.646627956802924952e-01 7.889496476485207133e-01 7.741173611643730190e-01 7.638783671727684688e-01 7.954192372290914692e-01 8.162413764557291396e-01 8.118783082809196694e-01 7.825120235518078227e-01 8.149383076734109110e-01 8.154116909549008474e-01 8.052080786565770643e-01 8.275454872270150419e-01 8.145171601478000678e-01 8.269190741454425231e-01 8.007297874434785578e-01 8.034842960489118058e-01 8.032573607990777242e-01 7.724711206056434909e-01 8.044848635859188635e-01 7.641711897589885671e-01 7.929423893921666577e-01 7.975223950279890506e-01 7.957499751249810238e-01 8.031350872225264670e-01 7.819483289419664196e-01 7.984791830330513207e-01 7.964691438478191943e-01 8.009187829276337434e-01 8.062647823358001231e-01 7.956530120329162736e-01 7.959961122398755418e-01 7.992169215444624442e-01 7.921182495799903300e-01 7.891378724898565622e-01 8.018949448605545705e-01 8.090338863648258716e-01 8.114363933583856880e-01 8.174526115941902482e-01 8.183550255088741787e-01 8.124987921769177834e-01 8.042158952095653790e-01 8.092182935377641995e-01 8.074491919142943175e-01 8.098963664863333412e-01 8.271387186685573711e-01 8.071289641317564989e-01 8.173247469041466928e-01 7.984360673661595742e-01 8.032938328041946408e-01 8.079433375381294136e-01 8.207860278532009835e-01 8.135401411588829568e-01 8.099492233816572018e-01 8.119367808042801116e-01 8.144235354114457426e-01 8.199370104294478878e-01 8.224861131774455769e-01 8.064967061125194459e-01 8.214851667093566734e-01 8.189308718769917617e-01 8.180159237716679854e-01 8.271692933295144989e-01 8.027082595929002640e-01 8.072186182974514512e-01 7.933093608654463447e-01 7.826248463072100758e-01 8.036584163846371975e-01 8.121973200051152419e-01 8.146997977370983302e-01 7.988400801957069586e-01 8.025729107670268592e-01 8.112812428222077044e-01 8.069063582471331930e-01 7.808465435397757837e-01 8.092451821503806597e-01 8.085861233211524279e-01 8.079189838400646639e-01 8.083370118606980625e-01 8.013460980610919160e-01 8.064011854799421064e-01 8.025861843423029995e-01 8.071392259915756151e-01 8.028183404150530666e-01 8.013471801989200394e-01
6.648759608586915504e-02 1.188085284895348259e-01 3.068241814153749303e-01 5.484577578149881782e-01 4.571360251448691181e-01 4.248864401822830539e-01 6.970344606628960937e-01 1.000000000000000000e+00 6.535549131571747328e-01 6.083298698934221926e-01 6.614948195321506130e-01 7.529093391030661220e-01 6.384881412863628869e-01 6.755427938938187715e-01 7.636950777681114078e-01 7.534455223728292461e-01 7.002993476534360440e-01 6.394911582859630350e-01 6.957411073215539199e-01 6.092796116193553990e-01 6.748713555410814635e-01 7.312112217632604771e-01 6.713307453926441459e-01 6.633001400092272126e-01 6.641697690274008803e-01 7.277443426020603345e-01 7.172437575989616398e-01 7.412088260550153684e-01 7.104539514189908145e-01 7.035909402999932505e-01 7.385155273288688260e-01 7.559687522766168621e-01 7.214576985474048243e-01 7.362023557447490152e-01 7.345518372738567558e-01 7.133846624204442932e-01 7.274808502228840013e-01 7.612683006486992143e-01 7.604594331538879759e-01 6.895492319805571757e-01 7.516270501859697584e-01 7.473859134130395043e-01 7.498900166248149146e-01 7.771098436648166130e-01 7.479252014094589507e-01 7.607692868037433387e-01 7.503218018132972178e-01 7.562383058836351646e-01 7.521801917991867148e-01 7.329510659792684013e-01 7.592733223514961383e-01 7.256302468731697930e-01 7.470225583072295228e-01 7.527520633473594458e-01 7.558844219218383564e-01 7.457659314542275375e-01 7.537578761070843347e-01 7.521439451265836684e-01 7.498694758618716927e-01 7.645202546878475669e-01 7.673745862062393286e-01 7.540003630145325486e-01 7.565974131529421554e-01 7.696051050755332579e-01 7.574280622606974767e-01 7.515704386512359614e-01 7.560348569051634771e-01 7.528411652543171018e-01 7.583944790989949336e-01 7.670077589974247934e-01 7.640755377893087008e-01 7.592566833931301273e-01 7.430319084633042470e-01 7.498811569827642520e-01 7.543057366897375493e-01 7.534215002173152431e-01 7.610122237689072033e-01 7.589365244432363378e-01 7.575817935809449066e-01 7.511603094132288660e-01 7.478784983024543420e-01 7.538606744542890592e-01 7.704706491376780431e-01 7.604415268761279822e-01 7.606257368077701253e-01 7.583945541472338903e-01 7.515440058410240987e-01 7.665563996631028498e-01 7.635936265740053130e-01 7.615421255002707834e-01 7.491742608788790614e-01 7.591687806028929453e-01 7.588855638901279566e-01 7.605876477989401696e-01 7.533399969157174025e-01 7.576229731261765465e-01 7.592655046801678465e-01 7.587635865066927332e-01 7.626695443685995723e-01 7.629815399477754001e-01 7.670214134972888065e-01 7.639660957449010414e-01 7.563858349612653242e-01 7.657657247703080206e-01 7.616910950769055777e-01 7.533384457541829615e-01 7.655121406867919642e-01 7.609348409611031983e-01 7.646207808326096478e-01 7.611615228477128792e-01 7.550428171253412701e-01 7.618490822329699874e-01 7.622521019210372062e-01 7.717648098454431560e-01 7.609885713858599576e-01 7.583034188627904015e-01
1.865345469017864466e-01 1.910149784175357857e-01 3.149576515372111141e-01 5.056689489172578877e-01 4.299970081751282591e-01 4.772165541100128472e-01 6.888590192860533090e-01 6.535549131571747328e-01 1.000000000000000000e+00 7.256490680481798572e-01 7.472544568754397876e-01 8.005395580319334403e-01 7.046969463111064647e-01 7.535834683625013408e-01 8.179313974824186095e-01 7.821585297211661736e-01 7.816145288735947272e-01 6.445122118029282809e-01 7.300663065527833728e-01 6.236901863082107145e-01 6.656115933595675438e-01 7.957707601730675817e-01 6.922130965955004545e-01 6.775132431419470525e-01 6.851386208868157635e-01 8.107163366996512632e-01 8.091991514293045418e-01 7.898491973276378086e-01 7.596857719010265964e-01 8.153925487971015462e-01 8.348510746871318222e-01 8.002397601525065296e-01 7.717157669793190955e-01 7.637874223281206909e-01 8.126937236125229003e-01 7.092707226596336456e-01 7.905579034812112438e-01 7.998864436649698595e-01 7.974981036782905486e-01 7.035006771394062275e-01 8.249254049500072128e-01 7.968347669934714439e-01 7.762908048831422825e-01 8.255790336770257865e-01 8.063539126467909046e-01 8.090865671935096870e-01 8.493258989994029173e-01 8.554590496631258034e-01 8.440342882976687999e-01 7.703803335884676917e-01 8.108539828044289965e-01 7.791464965043775059e-01 8.269807573662105726e-01 8.603587943788265635e-01 8.395572094452674605e-01 8.124530988796022646e-01 8.400106168791428018e-01 8.456917679397175647e-01 8.285334850778327542e-01 8.668055147056378251e-01 8.501384101656611625e-01 8.519378727508526428e-01 8.442534750020700418e-01 8.463417140810683970e-01 8.670659529930110354e-01 8.703790466530282322e-01 8.546126199739647600e-01 8.373293399823642513e-01 8.428371120364784863e-01 8.470661155267552589e-01 8.344836252013347888e-01 8.469364503360206076e-01 8.205322996650834533e-01 8.171261524568264045e-01 8.495302913717986959e-01 8.509002865520405301e-01 8.364696867994134699e-01 8.402835326829554141e-01 8.439093266183403941e-01 8.586023780036143860e-01 8.498302495432212833e-01 8.552468092465588256e-01 8.372593324559650663e-01 8.465609006552058391e-01 8.128563775452950502e-01 8.289991615591439933e-01 8.267199180947195636e-01 8.254174737998746236e-01 8.329142145789374396e-01 8.253164336593459272e-01 8.116757741733181541e-01 8.403258165485056885e-01 8.377976174247385721e-01 8.367688579403372851e-01 8.524046302854475510e-01 8.545721308122000703e-01 8.173945120893481020e-01 8.381605008178566463e-01 8.449189108257533221e-01 8.281883559791332061e-01 8.334703370261452582e-01 8.402141979666777338e-01 8.492975968664143727e-01 8.475282007713700327e-01 8.359062973775642780e-01 8.478976680764047646e-01 8.541655208293769119e-01 8.583945218315602865e-01 8.509945435065106034e-01 8.566613798871440810e-01 8.349434912917470530e-01 8.635658936062706736e-01 8.479045422074987792e-01 8.560095481468587009e-01 8.603364701486736488e-01 8.645221391968911373e-01
8.072747015328501918e-02 2.024129817239423978e-01 2.911056922932194757e-01 4.664095084115068013e-01 3.820861954983740816e-01 4.677248924753211190e-01 6.608285958804795968e-01 6.083298698934221926e-01 7.256490680481798572e-01 1.000000000000000000e+00 6.896328831523567127e-01 7.409850561523724233e-01 6.441782322013204221e-01 7.026747598044184029e-01 7.591553953340259842e-01 7.239247884982067394e-01 7.114255563405239569e-01 5.976622480825214412e-01 6.749043661467755140e-01 5.726439115372408128e-01 5.943847229534994225e-01 7.151015980977930564e-01 6.645695865813996406e-01 6.482726213104236246e-01 6.446926636345209349e-01 7.522919135358923093e-01 7.416412264628420292e-01 7.357938248371721501e-01 7.120591363156704157e-01 7.599811174464228269e-01 7.775703876345478882e-01 7.545706394739954970e-01 7.308493172193900600e-01 7.342418725047231698e-01 7.523803585289403628e-01 6.788452671496952862e-01 7.453375086701794494e-01 7.606205345703324072e-01 7.519370325928615983e-01 6.845330824240059009e-01 7.678304839111981250e-01 7.462696583089462044e-01 7.232449397772187094e-01 7.610611497780448431e-01 7.536437269018051444e-01 7.564640036599139528e-01 7.885035270429323617e-01 7.964219886864739584e-01 7.831095657588672543e-01 7.214004670709632805e-01 7.595989692181286390e-01 7.016090631747421424e-01 7.578815721064718902e-01 7.932602529285603943e-01 7.814914755059210183e-01 7.696304945107025341e-01 7.650341609216008143e-01 7.792126863713931817e-01 7.820882640320517831e-01 7.885765869497113334e-01 7.776524494891956518e-01 7.877320075663289956e-01 7.851381699000584691e-01 7.746876405879282723e-01 7.770821352303740603e-01 7.845084347318068696e-01 7.916439559834897999e-01 7.776876219257137235e-01 7.846405460178665914e-01 7.786887566904583391e-01 7.691242399082843795e-01 7.832712658827732932e-01 7.699607926639678857e-01 7.610687817549947054e-01 7.882283157592820944e-01 7.911069118836784320e-01 7.810195641715493853e-01 7.880271347411892391e-01 7.860451995167627715e-01 7.981892847059021134e-01 7.908555947958794130e-01 7.941663680003432368e-01 7.819955825183976250e-01 7.896232405530094756e-01 7.619551695678954406e-01 7.782045512465721737e-01 7.761753549550564069e-01 7.754212026624091036e-01 7.789615699980408925e-01 7.750584858368200214e-01 7.653004719473711637e-01 7.818884781029010744e-01 7.810477267616344754e-01 7.801677988459408963e-01 7.905790186699138689e-01 7.939336765545809138e-01 7.588188057962165223e-01 7.582456539699594655e-01 7.835562800073916367e-01 7.747024319160453754e-01 7.721057181290419402e-01 7.764681618340085745e-01 7.772026435375560816e-01 7.805371471947577522e-01 7.684822191555890081e-01 7.777208079469575264e-01 7.905565896714148444e-01 7.959766140808067769e-01 7.902803394297849282e-01 7.910748065469356272e-01 7.853763960515938169e-01 7.930753466391902151e-01 7.874806351450880371e-01 7.835240739954054678e-01 7.840491880688174042e-01 7.891952257146683802e-01
7.231204341232616573e-02 1.533910089582804781e-01 3.505469545286452049e-01 5.489171644961419183e-01 4.407911866391627242e-01 4.818374648840022534e-01 7.052419380324091991e-01 6.614948195321506130e-01 7.472544568754397876e-01 6.896328831523567127e-01 1.000000000000000000e+00 8.208428893502787149e-01 6.918678997172151846e-01 7.378986609923217088e-01 8.242383507122736930e-01 7.882532401122399612e-01 7.720352488377252298e-01 7.084796632525754978e-01 7.685351951780280411e-01 6.601378718972477078e-01 6.993174959698033044e-01 8.063759824133318599e-01 7.641771492473005134e-01 7.399310299348935693e-01 7.408303071404380713e-01 8.207709714948181468e-01 8.076274384937099926e-01 8.031756966702439104e-01 7.526632543869526959e-01 8.213269412343459086e-01 8.449094685927958093e-01 8.313081071744803374e-01 7.991987794114135957e-01 8.012592233288814425e-01 8.185286989092696031e-01 7.561432847482593145e-01 8.159821212277587055e-01 8.204499220099781276e-01 8.213931048273412916e-01 7.694206303326251994e-01 8.390619114834499959e-01 8.228083763939328943e-01 8.067019042367329362e-01 8.372606099953288084e-01 8.303725499436357405e-01 8.243979359070465751e-01 8.412918312021555600e-01 8.456375796459784100e-01 8.372378931989783446e-01 7.835028312984193555e-01 8.219454356430915265e-01 7.844829273765590028e-01 8.230257471850479511e-01 8.411107850578368739e-01 8.326967353758760737e-01 8.367887028368854452e-01 8.256785166907429918e-01 8.392151487821694067e-01 8.319409413563120248e-01 8.459541554666381025e-01 8.427233663538218345e-01 8.400794501689515803e-01 8.336763419230172056e-01 8.329429872666058721e-01 8.329745637630733279e-01 8.385180145179164102e-01 8.417303506148490211e-01 8.426909902136955344e-01 8.483691167607010364e-01 8.431990137142514330e-01 8.412299594219477816e-01 8.475712570545380631e-01 8.372344678722846156e-01 8.357142892333480066e-01 8.508626321089807210e-01 8.474317765595644758e-01 8.434425499770388246e-01 8.336001373905324030e-01 8.464898589378649918e-01 8.519305397098064780e-01 8.458319332598089879e-01 8.512717467679030703e-01 8.463650396219296601e-01 8.498651342755096927e-01 8.308715873387675366e-01 8.396928441448684444e-01 8.408960818096855583e-01 8.382621227743376480e-01 8.417881383181198274e-01 8.391800261537557537e-01 8.372842739463355333e-01 8.452572137957388154e-01 8.452779774662561030e-01 8.437982960376324559e-01 8.405505191226514405e-01 8.457310255671072197e-01 8.269434486178992572e-01 8.185051826512540485e-01 8.392161549115417785e-01 8.364638202280436641e-01 8.408614442132101852e-01 8.330634591635739383e-01 8.407240774849014109e-01 8.416713302742808711e-01 8.362538798011883712e-01 8.272775326600774193e-01 8.425687661882901303e-01 8.490196173663524526e-01 8.475158869087193736e-01 8.467157508782924280e-01 8.370499680891375638e-01 8.471041625237830663e-01 8.426108751144349984e-01 8.414714707629877832e-01 8.398739842749464168e-01 8.436232268943830714e-01
4.327455671441598345e-02 1.431728441985549993e-01 3.478123325588249881e-01 6.370598287235574864e-01 5.046069024174903994e-01 5.361895988417009207e-01 8.114962288335483276e-01 7.529093391030661220e-01 8.005395580319334403e-01 7.409850561523724233e-01 8.208428893502787149e-01 1.000000000000000000e+00 7.613975312252005967e-01 8.206726965343065228e-01 9.154053479016677208e-01 8.794473140431919855e-01 8.287450166367900106e-01 7.723942118449463878e-01 8.422457787148310837e-01 7.219991393890154985e-01 7.813588124370898225e-01 8.844813693124039533e-01 8.204074348702470321e-01 8.054552740935879696e-01 8.182060121244447704e-01 8.825450298738581889e-01 8.803805322668531996e-01 8.798796721362464046e-01 8.226396013799718299e-01 8.558647286795713072e-01 9.060354092566782480e-01 9.048566177415567902e-01 8.539371288668557991e-01 8.845448485447124920e-01 8.783284408782359165e-01 8.498899451234411817e-01 8.872276517723247657e-01 9.049878724702081767e-01 9.069482756780766763e-01 8.536266362587683343e-01 9.152070153211901982e-01 9.097682168435574646e-01 8.958189353837193725e-01 9.283603901957843130e-01 9.137913836116605681e-01 9.163708122406041268e-01 9.197147315015233859e-01 9.224010091279917223e-01 9.195627325480419945e-01 8.764625557042700077e-01 9.074760448293150983e-01 8.776452129477487762e-01 9.102217050627132711e-01 9.176746019516762720e-01 9.129446956504274624e-01 9.107489536352701975e-01 9.039687793983496311e-01 9.171414195791979251e-01 9.129252726667146378e-01 9.220626595829690686e-01 9.248966506007082478e-01 9.156732879899713851e-01 9.143975068242353732e-01 9.173101317139906730e-01 9.119376057917826239e-01 9.145353699873765008e-01 9.217876858575078103e-01 9.239582171436118152e-01 9.240738952635004777e-01 9.273004168117491286e-01 9.280613999044970974e-01 9.275513984291318126e-01 9.131990093491789695e-01 9.175879913916250574e-01 9.242144893917735304e-01 9.235052651946920044e-01 9.275394832604130224e-01 9.103747429739010855e-01 9.238099743201511060e-01 9.171142284898071706e-01 9.180791665165349835e-01 9.244448952336200565e-01 9.287858817686690527e-01 9.238551971892435821e-01 9.165741325846872289e-01 9.223773131876719100e-01 9.209336373664518405e-01 9.255292155990124670e-01 9.275767980024757220e-01 9.225392043091003025e-01 9.212223995815935762e-01 9.279358811542178787e-01 9.277074438161581060e-01 9.297545819449990478e-01 9.215100447857529353e-01 9.249323333153123272e-01 9.067099041112717250e-01 9.042855045806655889e-01 9.223557726197585405e-01 9.217690811419384511e-01 9.266547401818082674e-01 9.179158495178231236e-01 9.237051368082140890e-01 9.271729254147272892e-01 9.243091620356546079e-01 9.040742385334058495e-01 9.253907723260559326e-01 9.268552925430257883e-01 9.272371848517727555e-01 9.259734840357101149e-01 9.191727583312170324e-01 9.261254941666829943e-01 9.219218729839732118e-01 9.253141419999564299e-01 9.216594428975615205e-01 9.237401059572062367e-01
3.397249069895276474e-02 1.405609429051939974e-01 2.827143000756509039e-01 4.696138951886997814e-01 4.262582790700119029e-01 4.675939448313204960e-01 6.744993074876729500e-01 6.384881412863628869e-01 7.046969463111064647e-01 6.441782322013204221e-01 6.918678997172151846e-01 7.613975312252005967e-01 1.000000000000000000e+00 7.325046214383172938e-01 7.847676959323426349e-01 7.587034373962019407e-01 6.937316646366186168e-01 6.120543284675965534e-01 7.014457838174577020e-01 5.689520122455011819e-01 5.943409954298886078e-01 7.298336701586760622e-01 6.795100312942883303e-01 6.542543013155442955e-01 6.656940531441670750e-01 7.637921205994864238e-01 7.470359363933463115e-01 7.497294357827096745e-01 7.051050070210286291e-01 7.410944733007182039e-01 7.811692106522515333e-01 7.640911596555793883e-01 7.370882161851971537e-01 7.477317268776988435e-01 7.534541812921036197e-01 7.052609471263477925e-01 7.631748288237483191e-01 7.786154584499597187e-01 7.839361705973243444e-01 7.113190345116130464e-01 7.889834671287254686e-01 7.873957613487904128e-01 7.685653792462247003e-01 8.040346320689890636e-01 7.855039113244661753e-01 7.786919159640446342e-01 8.063332754407440683e-01 8.059481343071499548e-01 8.030386182513480353e-01 7.497019145666210527e-01 7.849133106190657738e-01 7.423425947440538408e-01 7.868721923811179408e-01 7.974153409194612019e-01 7.872877454362504634e-01 7.801023371504471893e-01 7.689219362776315014e-01 8.005377224491722066e-01 7.869049677101658258e-01 8.114661180977722488e-01 8.056068912459813935e-01 7.953254270692865502e-01 7.855214390426207283e-01 7.937737092949049833e-01 7.949402078742179301e-01 7.937717840358126109e-01 8.092764671925921638e-01 7.990651550486419508e-01 7.991787334231479356e-01 8.011200092457669841e-01 7.955553390279440640e-01 8.056382872758446334e-01 7.856317493628081072e-01 7.871836149410613714e-01 8.080001340448216274e-01 8.078059322376504037e-01 8.016890023084413119e-01 7.946661924982413305e-01 8.057162243063734630e-01 8.012508627788892390e-01 8.049408420796492214e-01 8.088249364107968908e-01 7.973651033173557723e-01 8.057393723653182294e-01 7.911297398803118774e-01 7.968291570935678303e-01 7.990392430178925309e-01 7.990268198817798151e-01 8.052868123576322201e-01 7.888024367447279417e-01 7.951122531589552844e-01 8.091333831927746134e-01 8.076609270064224466e-01 8.063017469710275220e-01 8.097312897383037722e-01 8.116603410060257984e-01 7.864479170534871555e-01 7.850235774875029549e-01 8.068200994179919316e-01 8.022210910779075110e-01 8.068348485197375242e-01 7.961586398138706944e-01 8.040496368151296425e-01 8.117082368766082023e-01 7.979167475885866612e-01 7.852653389341998080e-01 8.063188366445939170e-01 8.089693272997532381e-01 8.064157216945148088e-01 8.120638283479011399e-01 8.017811523360597326e-01 8.131506926895226695e-01 8.030557349768899789e-01 8.084066362534443329e-01 8.062595063300838083e-01 8.055179899353033246e-01
