1.000000000000000000e+00 1.267306198460923794e-01 1.006856053671760926e-01 5.324151284139092000e-02 5.871187155506169680e-02 4.008045707824136467e-02 3.861657879603017096e-02 5.014190968701999485e-02 1.384036801018687646e-01 7.045376752864705716e-02 1.061765949544020149e-01 3.560247461422052367e-02 4.357887680874761999e-02 8.470753744842865474e-03 3.634481872411598341e-02 3.282436864480835215e-02 1.595829919927324314e-01 2.669567253225313408e-01 1.775318986107379815e-01 1.331148990756176320e-01 1.843393020030473783e-01 1.104575339525370042e-01 2.222405223087411674e-01 2.191714758484266667e-01 1.584647070283982107e-01 1.222539844710033574e-01 1.503500048770078645e-01 1.208182470876408982e-01 1.610461007955581170e-01 1.529357950974048475e-01 1.164184489108856524e-01 1.456829803196304507e-01 1.346479097571696426e-01 1.145952699777190165e-01 1.374521159941243242e-01 6.905314258996889110e-02 7.950667663928771833e-02 7.737561617138496994e-02 6.007711552477690981e-02 4.709567787105298220e-02 5.668953638958252467e-02 5.298874582446794906e-02 4.006418958992606638e-02 4.225448312593788058e-02 7.292942290955094220e-02 6.118096845619983015e-02 8.299088102461752228e-03 4.119861727998211376e-02 3.119006721284123262e-02 2.796960273886704360e-02 3.357572380600819251e-02 7.321243116115017102e-02 3.618702051419438875e-02 6.017745756144498442e-02 9.691406032681085247e-02 1.007388197215125653e-01 6.021330043373147867e-02 1.642905928015369124e-02 2.619779127939017224e-02 4.003845585645618432e-02 1.533290263588142112e-02 2.403724052639531067e-02 3.888931997863821766e-02 4.924329872724150098e-02 6.304271573909274451e-02 5.564528067117498894e-02 5.760976139332265461e-02 8.917830468222043283e-02 1.053030710736654052e-01 5.641489056314519940e-02 6.001170161027930688e-02 5.162372239289671899e-02 8.365554277769086944e-02 7.004647416765706625e-02 5.529642032362700604e-02 5.215861294748596472e-02 3.724805207690105868e-02 7.561505046173852551e-02 5.284149184731185001e-02 7.932122729600445121e-02 5.218157581715239524e-02 5.719199040621045227e-02 7.824249048092658809e-02 6.663156357561064724e-02 5.452303166320473377e-02 5.922313113119509476e-02 4.261211233147916416e-02 4.328631476579387904e-02 3.880510204834408672e-02 6.289760886982075083e-02 3.572423870925849065e-02 2.302295785592868918e-02 2.945906812379454551e-02 3.328485786302386173e-02 5.992282269447391299e-03 2.240291017013069583e-02 2.680027807404732759e-02 4.259975060828395665e-02 1.998621611456175007e-02 3.089129161774804497e-02 2.496650660249305834e-02 3.478846218849235977e-02 1.668482824444776635e-02 2.336537397973026398e-02 3.554481123202360426e-02 3.683906083633082390e-02 3.199358969043970130e-02 3.798687750558465276e-02 3.488512608075573090e-02 1.813173076940543388e-02 2.209056578058959941e-02 2.333864184342119077e-02 1.667507987210111245e-02 3.227943524726728519e-02 4.134709440705305883e-02 3.704337704274703741e-02
1.267306198460923794e-01 1.000000000000000000e+00 1.055961225401450543e-01 3.763796224646557675e-03 1.759661698850881195e-02 8.119626810743139911e-02 1.073086957348800830e-01 8.437327799850150023e-02 1.947409281002014381e-01 1.957171695657165533e-01 1.751519310732602419e-01 1.146504065239820347e-01 1.046380969876617578e-01 1.203760422621372866e-01 1.481668871026436685e-01 1.196450100467870425e-01 1.999810246352357046e-01 2.703272152747601131e-01 2.428979491639838284e-01 1.192488090565270442e-01 1.418192392212957176e-01 1.420503712115957218e-01 2.604333459998557920e-01 2.453558108758535639e-01 2.046151329679334607e-01 2.189261340550277546e-01 2.192598372346792335e-01 2.196898751004104089e-01 2.483852861135048273e-01 2.528292402931739402e-01 2.355522291242971855e-01 2.399075027247184744e-01 2.510307817239300632e-01 2.257194959283662095e-01 2.511023530897111833e-01 1.855833805001592951e-01 2.046735664368795615e-01 1.989648036392875075e-01 1.924270149175715539e-01 1.761977958567577662e-01 1.822911443086190353e-01 1.782528434465930622e-01 1.439357878876554031e-01 1.639516922090495932e-01 1.819427314543954066e-01 1.944390719571523485e-01 1.474932607375642191e-01 1.768594636034206136e-01 1.452625334811673552e-01 1.301536437354290365e-01 1.426424884859196218e-01 1.419717365318412527e-01 1.329227266667290241e-01 1.812581641516741171e-01 1.970242185267110369e-01 2.091080950380043713e-01 1.418286264241592209e-01 1.521056896389950119e-01 1.514304435858047360e-01 1.452732288997520271e-01 1.375522556471583668e-01 1.355303775984258996e-01 1.364102315317073100e-01 1.449340332164079093e-01 1.556012389739572233e-01 1.617315286534859731e-01 1.874352532404309768e-01 2.029899689166959065e-01 2.175548313582204851e-01 1.561530172651260373e-01 1.579096601668272537e-01 1.761303799438163065e-01 2.001275914088690155e-01 1.871766240975898943e-01 1.809336522590843932e-01 1.852562712944126611e-01 1.812483211904470926e-01 2.051761156617716853e-01 1.877920510181767810e-01 2.074733015594886210e-01 1.901717821818132148e-01 1.907388117522104409e-01 1.953496012053082820e-01 2.053107259654553263e-01 1.871918408916468657e-01 1.918493898259032437e-01 1.820082975911782863e-01 1.777908904742782348e-01 1.802106308584754957e-01 1.937926705682276873e-01 1.772444656113106032e-01 1.644031612177230817e-01 1.642790981459464339e-01 1.766840222345550659e-01 1.551069973655871126e-01 1.644377003128786319e-01 1.344347700312298055e-01 1.345732480177479762e-01 1.432150011824541158e-01 1.556818005115767345e-01 1.544142110186947636e-01 1.442720915666770576e-01 1.404530026680316790e-01 1.499332587429772767e-01 1.606642717072498117e-01 1.353616336360146666e-01 1.516631821102528144e-01 1.803724110485944443e-01 1.727480501351259523e-01 1.500528076075333395e-01 1.603556376903262637e-01 1.502916702662555615e-01 1.452582310959588674e-01 1.463159497422018562e-01 1.586998451591510595e-01 1.558965795221794459e-01
1.006856053671760926e-01 1.055961225401450543e-01 1.000000000000000000e+00 3.475744066333188997e-01 1.958836446516942775e-01 2.653365819762537603e-01 3.672693924973770008e-01 3.540177873830079314e-01 3.825035082955626220e-01 3.509820947605957198e-01 4.168178645057797338e-01 4.024000857147231325e-01 3.327226436458073366e-01 3.605898653027886924e-01 4.033871688271254974e-01 3.789346587648388387e-01 4.002176584519869795e-01 4.070629295004253301e-01 4.242493531349066371e-01 3.477763933867173418e-01 4.068708833653287837e-01 4.205108282691705224e-01 4.367706271568779219e-01 4.207057404140379653e-01 4.416734685722931708e-01 4.385633080348778634e-01 4.379046614255066583e-01 4.384441290220275622e-01 4.133481186353097914e-01 4.296794057350120655e-01 4.366639545440191839e-01 4.577773952388262679e-01 4.589510827590592701e-01 4.483601137230714961e-01 4.429591890887702998e-01 4.432288462520306838e-01 4.329045700734725499e-01 4.392463149861239313e-01 4.334121482655017288e-01 4.334708256284867667e-01 4.280969562824715746e-01 4.278013855101758800e-01 4.185298119683424911e-01 4.090096524000813027e-01 4.377705456765711434e-01 4.173460460925371152e-01 3.882932412223272789e-01 3.959214333899518934e-01 3.944475890963822784e-01 4.112580999546037730e-01 4.118859629824463409e-01 4.141356131095348392e-01 3.977279411591215230e-01 3.842572817029329402e-01 4.037550170751011414e-01 4.467261230954447382e-01 3.807078855161084574e-01 3.824793711429388399e-01 3.941304997286856904e-01 3.853887811971562494e-01 3.925536708957720888e-01 3.823066107644770839e-01 3.836861606908847921e-01 3.887851146598207408e-01 3.949186258463955324e-01 3.963034140558894247e-01 4.126052929827218052e-01 4.285453286169224607e-01 4.451928820352058502e-01 4.185165523110191965e-01 4.228047687135829125e-01 4.157514853122706855e-01 4.351375819255335897e-01 4.262248565585167737e-01 4.164390313243716002e-01 4.172902705140633106e-01 4.129992372406071643e-01 4.221375805822960570e-01 4.209189575194273725e-01 4.171390347424268619e-01 4.149289382284975791e-01 4.202208501882747638e-01 4.285631603034602555e-01 4.297297775906538386e-01 4.325050650629466142e-01 4.296874050682713553e-01 4.214272659066346516e-01 4.196135717665522291e-01 4.175279535612245185e-01 4.203817634225758271e-01 4.286266812915242586e-01 4.065278528870353014e-01 4.110605179082178484e-01 4.076645750297094861e-01 3.902764696565216296e-01 3.942458123134512382e-01 4.012151840386711799e-01 3.891167565982028287e-01 3.978099901106449954e-01 4.131567826095822737e-01 4.075745029827005372e-01 3.932854123580816763e-01 3.933365467806782534e-01 3.991210419342284821e-01 4.054349722779957976e-01 3.783236841363973313e-01 3.942925789653899393e-01 3.999328038428981436e-01 4.046922933210423401e-01 3.947370504800057911e-01 3.987513309694105113e-01 3.918275487289372694e-01 3.839214477156095984e-01 3.870736626571248395e-01 3.957683786433045525e-01 3.924763392672208084e-01
5.324151284139092000e-02 3.763796224646557675e-03 3.475744066333188997e-01 1.000000000000000000e+00 4.200995093587664431e-01 3.988737269798385832e-01 6.196572695561404220e-01 6.215584959566408108e-01 4.273097389344023278e-01 4.124564208573885948e-01 5.620668991869487430e-01 6.512457217229595807e-01 5.175245952586442488e-01 4.815886631423376696e-01 5.996660223661919309e-01 5.970289863235876959e-01 4.372046624295297668e-01 4.075399486571307239e-01 4.270577411025586745e-01 5.998462696205477673e-01 5.874856721273514770e-01 5.586249987986993126e-01 4.711821482934583916e-01 4.757408120659822881e-01 5.212376515136126764e-01 4.854152653555203201e-01 4.897110422135488861e-01 4.916223733799353623e-01 4.662033096078514460e-01 4.514411249602451881e-01 5.101066844418948865e-01 5.181450285646795884e-01 4.593321611003978178e-01 5.352417368174128276e-01 4.318776737905897223e-01 5.779071868196974382e-01 5.365994118036070404e-01 5.033009154437246835e-01 5.357976290724471014e-01 5.153009909600440031e-01 5.294420940996682479e-01 5.152957417619341562e-01 6.150069595673682832e-01 5.317246671311671724e-01 5.472613801436623238e-01 5.041292869210685090e-01 5.009504648825461315e-01 4.885658174593622838e-01 5.330545504120686173e-01 5.768679641252172363e-01 5.535070858747997979e-01 5.622801801293907387e-01 5.666548423468479312e-01 4.638423132834846307e-01 4.722507606409755976e-01 5.150933200985021720e-01 5.036805165238954496e-01 4.706870942875249209e-01 5.039143728801991351e-01 5.159240868108067035e-01 5.576155817561250227e-01 5.177708458618001108e-01 5.214358453630085766e-01 5.476421636675166127e-01 5.160391982952187151e-01 5.236347088873865019e-01 4.999323920388512033e-01 5.075776538241931757e-01 5.304313501843502809e-01 5.950200726680878738e-01 5.690893937060956809e-01 5.204225467138851036e-01 5.446316240277830900e-01 5.379429080190045731e-01 5.168885464638456329e-01 5.036850942879971260e-01 5.173262313730694339e-01 5.161511258774751365e-01 5.287310867629351208e-01 5.026868769645478352e-01 5.091098658974096969e-01 5.155607342615434741e-01 5.215249379564350640e-01 5.029895728048838777e-01 5.321411507036948318e-01 5.339644769746820785e-01 5.323834997119548662e-01 5.187116618066499596e-01 5.248794370856967317e-01 4.908010638371950174e-01 5.365997883628832454e-01 5.151209526219719947e-01 5.230178334133863682e-01 5.153435733651530182e-01 5.073567926076317791e-01 5.021904436105838476e-01 5.402427117351140673e-01 5.317967183688375732e-01 5.458259165450247696e-01 5.457446065552017389e-01 5.586675412302579691e-01 5.285752910865372245e-01 5.348211642860032367e-01 5.248579519281205696e-01 5.327134252827143701e-01 5.106554325644205861e-01 5.160218916305123749e-01 4.921677922733306287e-01 4.924269272826981569e-01 5.117655629851903809e-01 5.047481172083001510e-01 5.150699558323414973e-01 5.066901392572469298e-01 5.242978961357163126e-01 5.110295121500219029e-01 5.197548406702930945e-01
5.871187155506169680e-02 1.759661698850881195e-02 1.958836446516942775e-01 4.200995093587664431e-01 1.000000000000000000e+00 3.148175649243175056e-01 4.982274748939885534e-01 5.148668759613767021e-01 4.025166061341552415e-01 3.771626064168239756e-01 4.337517023947243811e-01 4.942759943051506788e-01 4.874685998311175106e-01 4.284176462119452244e-01 4.941593739007907882e-01 4.956283362075144527e-01 3.818151864903192583e-01 2.935964253414422021e-01 3.646129536567889740e-01 4.334201500166554588e-01 4.140292090079731313e-01 4.497216854729405577e-01 3.512147490520833304e-01 3.491927202552720932e-01 4.138842395555807352e-01 4.269007889262667055e-01 4.122707257002554138e-01 4.135491637505688822e-01 3.597220495120010408e-01 3.799600712858691165e-01 4.204491499524787845e-01 4.233797996257965268e-01 3.725531973968724819e-01 4.330404148420649579e-01 3.666967330362863042e-01 4.666440933781323408e-01 4.474256181275292343e-01 4.350191067826511548e-01 4.604516234843585298e-01 4.438029929685283759e-01 4.573201493817143359e-01 4.567521432454510477e-01 5.188435035397757078e-01 4.726689303436839573e-01 4.629120755402353904e-01 4.528902808873167540e-01 4.523222823002961412e-01 4.471190035475324231e-01 4.599037604447723804e-01 4.759965127598433376e-01 4.649886244626736387e-01 4.786561017419135866e-01 4.906599983743928362e-01 4.303995917602310151e-01 4.231399578467994194e-01 4.399326394724171196e-01 4.344717819613636567e-01 4.559494537325916030e-01 4.497928497361321498e-01 4.603890773811159520e-01 4.777453445872353877e-01 4.632132047913430917e-01 4.568745812883774349e-01 4.637129464885936247e-01 4.471137252673864082e-01 4.506666999830392095e-01 4.422203860371919371e-01 4.373243515388656744e-01 4.384251311723900146e-01 4.856508716051468610e-01 4.720820298252980107e-01 4.513678161023221280e-01 4.518574965214939843e-01 4.557739622350380215e-01 4.524869104207977499e-01 4.431306636069308191e-01 4.508448099680631427e-01 4.279588301487815549e-01 4.521780695726462795e-01 4.298187696297245397e-01 4.412752277440963877e-01 4.433230549301830914e-01 4.404421861385702797e-01 4.368881291015784263e-01 4.527485933236851112e-01 4.541652661711552130e-01 4.578575984674135291e-01 4.542980512022256057e-01 4.545127946557923626e-01 4.302242043015468420e-01 4.661741807845405927e-01 4.591011950265584396e-01 4.559052867940858733e-01 4.541615271762272088e-01 4.529863035840473451e-01 4.501125105343338761e-01 4.683228853108845624e-01 4.580849155691121832e-01 4.721944752799340783e-01 4.712072622407140199e-01 4.822649663620799387e-01 4.590763310621379656e-01 4.700287484305779029e-01 4.693500517417412699e-01 4.631158019754516020e-01 4.488783467698101992e-01 4.539244870301667456e-01 4.408166931017027390e-01 4.443106159953318368e-01 4.618614707976810840e-01 4.576184490149691753e-01 4.615851743269725471e-01 4.562540210210911384e-01 4.627860339096721565e-01 4.480793281619626089e-01 4.515851812949980282e-01
4.008045707824136467e-02 8.119626810743139911e-02 2.653365819762537603e-01 3.988737269798385832e-01 3.148175649243175056e-01 1.000000000000000000e+00 5.653570538951078195e-01 5.315818465429447137e-01 5.164080310664499462e-01 4.913814776263155104e-01 5.298963716001173774e-01 5.790705431026380579e-01 5.362025582978137139e-01 5.305454301185070776e-01 6.043223542523532554e-01 5.830934863317386307e-01 5.250408238027562957e-01 3.826324168014215710e-01 4.732804162028305672e-01 4.371198955260918728e-01 4.848511291964556214e-01 5.464618399168983398e-01 4.425610192575200608e-01 4.327346275930691877e-01 5.234847319934053944e-01 5.625393079286415965e-01 5.529512258643732858e-01 5.601932640215401271e-01 5.060431707004289237e-01 5.244326541640473849e-01 5.640982841019084315e-01 5.508580465008167115e-01 5.218609415211724611e-01 5.485745673424686775e-01 5.154627576473594930e-01 5.742108538826513620e-01 5.657156745626286121e-01 5.816053985603304444e-01 5.923577186501770564e-01 5.786687483107603169e-01 5.913413979616460869e-01 5.968011282708174381e-01 6.061466565249715721e-01 6.022182220689623611e-01 6.001566031760724451e-01 5.856917971834382231e-01 5.842076625469903028e-01 5.841049729948682989e-01 5.902185969050598446e-01 5.962825775536647610e-01 6.030927952089711885e-01 5.944680527445201923e-01 5.972053426572190293e-01 5.677959042826059566e-01 5.604378150503580569e-01 5.788392911630164672e-01 5.745193811949675933e-01 5.808182645845423320e-01 5.896042117063734489e-01 5.849022947038398090e-01 5.947169748536830225e-01 5.918356003235795137e-01 5.873451236903244332e-01 5.876837115932812550e-01 5.792600752910319617e-01 5.821334795222306013e-01 5.839101242063260422e-01 5.761610779065391430e-01 5.695706590224658417e-01 5.906644416562016886e-01 5.980942655196637148e-01 5.912571381031985762e-01 5.722476776314855407e-01 5.860024307694712276e-01 5.940330582318644748e-01 5.890916229847430463e-01 5.946110879374398861e-01 5.848531179218747766e-01 5.912721599630379465e-01 5.755935313321018931e-01 5.828391037120030926e-01 5.877011271170776707e-01 5.865925470969892697e-01 5.821244711472818301e-01 5.909898114585874218e-01 5.845772568777150013e-01 5.893600882786073081e-01 5.943402245436965048e-01 5.941171053514789913e-01 5.771319468727994506e-01 6.003435090619105852e-01 5.974894271403615731e-01 5.964082539676832662e-01 5.934946992141971744e-01 5.894816692699075267e-01 5.901591850028985453e-01 5.956496966521236391e-01 5.845104829503268151e-01 5.952507835310087980e-01 6.023284011934761928e-01 6.033985671427177788e-01 5.897425306213708307e-01 5.933394108528070587e-01 5.983519210601160321e-01 5.949545454488397445e-01 5.794490293330413211e-01 5.895499481650048335e-01 5.854608682370712192e-01 5.864920496990773113e-01 5.922217021023601369e-01 5.935917893780555676e-01 5.901429718400119651e-01 5.905287212092863447e-01 5.886519374305914098e-01 5.856428526520225386e-01 5.883422071060998571e-01
3.861657879603017096e-02 1.073086957348800830e-01 3.672693924973770008e-01 6.196572695561404220e-01 4.982274748939885534e-01 5.653570538951078195e-01 1.000000000000000000e+00 7.438565012531811460e-01 6.933172617870034804e-01 6.606855345181067429e-01 7.488016928479632739e-01 8.245539435472628575e-01 7.471266509949868739e-01 7.240061635479958513e-01 8.495577573825143780e-01 8.084920690985276659e-01 6.906774633881190839e-01 5.416353540622848017e-01 6.455681159711228467e-01 6.242469227130720277e-01 6.592743610924983733e-01 7.211431690709879661e-01 6.304418194084135951e-01 6.176296758141637255e-01 7.108189122808373783e-01 7.552115681443356543e-01 7.308115131799488573e-01 7.702039730093137582e-01 6.992568016076989856e-01 6.943001135037536464e-01 7.654945495730233196e-01 7.552619953196162417e-01 7.139203025230761446e-01 7.684932001202271490e-01 6.942075681549675359e-01 8.096381867973654334e-01 7.869239788929854873e-01 7.829450447087642484e-01 8.091468544238439309e-01 8.029144248831053821e-01 8.079324899014623806e-01 8.063998093135991141e-01 8.435195731885719583e-01 8.116730305418028424e-01 8.148417169669774918e-01 7.993367586918934675e-01 7.865953495140632912e-01 7.821240668914456462e-01 7.913043642622290541e-01 8.105338726752536749e-01 8.074171371644838224e-01 7.998416516316534386e-01 8.085121742770435826e-01 7.493886953425984432e-01 7.375404959976508135e-01 7.786885501300326862e-01 7.519310177766782566e-01 7.715851797398202150e-01 7.835981869939071531e-01 7.816827763451986710e-01 8.068621144167663628e-01 7.887656192330284588e-01 7.797876695542400594e-01 7.844135361628657988e-01 7.687167823698382030e-01 7.776600870783192399e-01 7.828383553318467580e-01 7.770679953695626141e-01 7.801967801716090944e-01 8.068053454312407169e-01 8.033323459437052838e-01 7.887102264371075311e-01 7.892794807438404669e-01 7.914124278219965003e-01 7.995901590794080027e-01 7.891688244320812506e-01 8.069321846080975691e-01 7.901010619786285050e-01 8.061977109843251332e-01 7.717220141444508519e-01 7.858910198748501053e-01 7.898906856102739793e-01 7.867094941077998893e-01 7.841964401930417994e-01 8.028240978313052612e-01 7.984461436732124273e-01 8.045134938071561992e-01 8.038390042481812214e-01 8.019913562944941399e-01 7.716462484908700459e-01 8.209844973221418485e-01 8.066982601150511911e-01 8.059154526794444218e-01 8.051997657591080104e-01 7.914701822194731839e-01 7.907685124014844913e-01 8.060409047847805208e-01 7.768723935915240464e-01 8.054248336546868670e-01 8.118080507564072734e-01 8.247878043417260496e-01 7.886337889947512281e-01 8.027482626930508847e-01 8.042488921461631302e-01 7.987530599787064922e-01 7.666199559455479928e-01 7.874280629392828024e-01 7.821228674740146047e-01 7.840167825722594852e-01 7.952111106199442059e-01 7.959213037050049122e-01 7.917679074360828295e-01 7.874693895378195307e-01 7.855042075804540280e-01 7.791947951443232157e-01 7.832008572008641867e-01
5.014190968701999485e-02 8.437327799850150023e-02 3.540177873830079314e-01 6.215584959566408108e-01 5.148668759613767021e-01 5.315818465429447137e-01 7.438565012531811460e-01 1.000000000000000000e+00 6.607077101616488646e-01 6.044279971923400829e-01 7.050980438485416890e-01 7.879894154232031100e-01 7.175430004922637162e-01 6.920201110184552862e-01 7.924668914497875472e-01 8.037443028205127904e-01 6.491213232036603387e-01 4.909226766965723576e-01 6.026324504048173880e-01 6.142294829200005690e-01 6.405817229853869588e-01 6.990845715405347160e-01 5.698405368176188146e-01 5.647106729705161365e-01 6.681024804619027924e-01 6.991552153290819804e-01 6.801470832267109135e-01 6.985831839965778167e-01 6.163547610076410832e-01 6.430493031000755755e-01 7.040438550865254497e-01 7.047583440968656632e-01 6.444732855879778954e-01 7.140311282294081741e-01 6.395920446536039750e-01 7.535354447656806842e-01 7.207057835786653266e-01 7.376352195974034132e-01 7.537895528438776083e-01 7.376347064009762811e-01 7.569470277574269490e-01 7.563733747737839685e-01 8.052923606665893796e-01 7.740574870446208511e-01 7.684876274918257533e-01 7.443910300854367224e-01 7.483075496663712523e-01 7.399861780075517315e-01 7.606509840232527075e-01 7.862262055754182244e-01 7.801799571927209298e-01 7.730770087571599003e-01 7.759867512693979785e-01 7.149388541985021162e-01 7.039206295954156811e-01 7.334275141472996751e-01 7.363515947680796536e-01 7.389597494339967820e-01 7.565047523071866120e-01 7.499666779847399267e-01 7.814912939802677316e-01 7.630165306925227320e-01 7.559164104547001495e-01 7.639350574581521558e-01 7.447747236044454100e-01 7.490090137107393575e-01 7.396808976315912831e-01 7.341617912132772927e-01 7.273846958097420767e-01 7.752920485000293072e-01 7.757791828603114448e-01 7.524721440857338184e-01 7.432984587758706407e-01 7.505147080902547785e-01 7.517338837426017495e-01 7.421442395599109343e-01 7.522862254452291619e-01 7.299477155434374032e-01 7.587797544155612250e-01 7.254674905105774618e-01 7.395358046995531565e-01 7.443917389724794553e-01 7.437672805803351439e-01 7.340862691675056340e-01 7.573287082710332685e-01 7.501210574318821767e-01 7.555977893065489726e-01 7.586882308864442148e-01 7.553893236000247535e-01 7.282197422026553957e-01 7.680606310993705055e-01 7.607598934401529345e-01 7.599879642460471985e-01 7.561628140046725566e-01 7.513391474960688932e-01 7.489503104488274277e-01 7.746793684721609008e-01 7.557163126407657749e-01 7.741252081757261649e-01 7.763609673584335180e-01 7.855622915376971882e-01 7.628392911970779400e-01 7.665162081865883881e-01 7.676202815499282295e-01 7.631143228425922853e-01 7.429157831984248839e-01 7.548108817496704814e-01 7.391884398533420386e-01 7.417337596265995980e-01 7.566042645555115520e-01 7.547004907086498626e-01 7.561074660461196695e-01 7.557006943121209463e-01 7.569250617799031522e-01 7.474759798026668900e-01 7.520248738934282029e-01
1.384036801018687646e-01 1.947409281002014381e-01 3.825035082955626220e-01 4.273097389344023278e-01 4.025166061341552415e-01 5.164080310664499462e-01 6.933172617870034804e-01 6.607077101616488646e-01 1.000000000000000000e+00 7.470849152022546180e-01 7.945064370811528720e-01 7.863759158256544701e-01 7.457600169773712651e-01 7.731318709629169117e-01 8.354116689511438265e-01 8.093213333779439855e-01 8.188812959818433379e-01 6.241326571471740303e-01 7.606255172941643883e-01 5.556452236604951800e-01 6.585353560705555775e-01 7.504201123610153568e-01 6.880907926788704110e-01 6.623292613846873955e-01 7.645925354762252990e-01 8.501682427856542823e-01 8.252331808448448713e-01 8.238499616322693120e-01 7.564174086844080991e-01 8.359367296311009943e-01 8.600049624885721666e-01 8.265403464014058343e-01 7.742111110388254502e-01 8.241132956950135702e-01 8.254629181872679133e-01 8.183268683986302250e-01 8.441354790907105166e-01 8.507900263106030758e-01 8.620591996694406678e-01 7.916552882840423022e-01 8.689978265604261232e-01 8.587901531258714805e-01 8.252004545314174377e-01 8.683511531514339632e-01 8.638144430937224616e-01 8.657923545546397648e-01 8.689948428489125964e-01 8.831355040074175822e-01 8.711146947699959231e-01 8.411047018398485342e-01 8.528600407888023982e-01 8.494659640465140882e-01 8.541342356932015711e-01 8.820857353093549680e-01 8.794859372527938923e-01 8.681713920516225258e-01 8.670346688045257322e-01 8.728627612904175104e-01 8.710425278114427572e-01 8.770244542727687609e-01 8.651042590456320402e-01 8.699104041883851668e-01 8.652021317828234581e-01 8.710867901859071782e-01 8.783742742098706868e-01 8.780665749962505151e-01 8.841004750909863263e-01 8.750938527461882277e-01 8.599017240560643538e-01 8.416275115048178490e-01 8.608496452665294063e-01 8.784928701030733089e-01 8.537120991796165459e-01 8.667608154941164322e-01 8.828813160214865619e-01 8.797121177572140294e-01 8.695412455510400651e-01 8.622127370546630587e-01 8.750916351876530941e-01 8.818665741140792047e-01 8.779047461200280011e-01 8.832590215775731890e-01 8.794952311105153075e-01 8.771437632237715221e-01 8.711331423058791268e-01 8.710996209128838430e-01 8.744690842033012723e-01 8.775020010315668362e-01 8.791663592565601704e-01 8.807446027314832504e-01 8.668769683129500248e-01 8.749252917681715758e-01 8.764149646172945118e-01 8.769855635247011394e-01 8.742889788504684123e-01 8.798186475627830516e-01 8.614004974680080640e-01 8.708448201617763340e-01 8.717327491999502520e-01 8.727898727089354880e-01 8.682617988691304634e-01 8.761650091698451881e-01 8.700065306930678810e-01 8.767320103086844174e-01 8.779782483658383763e-01 8.713754950280064859e-01 8.798154331521597094e-01 8.830609500329165140e-01 8.825225826362435022e-01 8.768767260554862775e-01 8.772169575766509686e-01 8.800332577626133190e-01 8.761848957407475380e-01 8.772761189492120915e-01 8.826431208898994907e-01 8.796003048356892950e-01
7.045376752864705716e-02 1.957171695657165533e-01 3.509820947605957198e-01 4.124564208573885948e-01 3.771626064168239756e-01 4.913814776263155104e-01 6.606855345181067429e-01 6.044279971923400829e-01 7.470849152022546180e-01 1.000000000000000000e+00 7.351895483141482890e-01 7.375510169296376484e-01 6.816235501022278598e-01 7.056111740034950452e-01 7.784756235803385049e-01 7.414798303274788838e-01 7.379947422975643434e-01 6.054769829861222918e-01 6.957062178172472855e-01 5.209565425829463248e-01 5.941075629392972290e-01 6.686752849413161170e-01 6.682700135392860563e-01 6.426378482320921348e-01 7.039572297894248765e-01 7.979399266954989578e-01 7.701409018887791502e-01 7.820293632281644092e-01 7.378849902894277779e-01 7.810694345687398954e-01 8.107446778342941585e-01 7.833521743030836815e-01 7.391615408129567077e-01 7.803121540615475249e-01 7.732079258412390965e-01 7.784852018738670498e-01 7.969888485271141576e-01 7.928445467819998926e-01 8.087459216404350171e-01 7.494928801339085789e-01 8.145589176143468446e-01 8.014210776549743898e-01 7.689972154667521487e-01 8.009154693658619983e-01 7.997406857327749030e-01 8.118703000480560483e-01 8.019951996363873237e-01 8.207993339306558500e-01 7.973682330936393559e-01 7.622841243501792263e-01 7.779344134033261415e-01 7.623708989735700214e-01 7.809004876132032980e-01 8.107949660240000300e-01 8.060367712607191537e-01 8.072751656642626061e-01 7.756368309764540836e-01 7.978662356671575306e-01 7.974548322137618994e-01 7.972796406414256465e-01 7.904653466279188967e-01 7.918808289720874471e-01 7.844996031355809807e-01 7.902160283115408079e-01 7.943408750737078750e-01 8.025551571582104637e-01 8.182479022075161978e-01 8.154943458963992420e-01 8.109989240398475241e-01 7.780226948490162053e-01 7.866948816216301488e-01 8.073345594353782406e-01 8.028002697365426155e-01 8.042431505016790494e-01 8.195844517924191219e-01 8.183817564209043827e-01 8.155671834946816023e-01 8.142171693347510786e-01 8.161688664907206237e-01 8.195073705000101016e-01 8.176324420963498874e-01 8.219019963749782942e-01 8.155617895226339176e-01 8.199879290458664816e-01 8.088104638219820730e-01 8.152850151438053583e-01 8.176845186113745889e-01 8.159230312755507697e-01 8.188703033067227244e-01 8.177931885352609509e-01 8.100608926940778831e-01 8.140874516962426366e-01 8.119804475152021528e-01 8.174828818184056711e-01 8.068179014235931090e-01 8.139406261598821635e-01 7.810793348767266497e-01 7.861365101311705850e-01 7.999012526709743387e-01 8.043852463341392145e-01 8.046941882198996865e-01 7.977842130591653591e-01 7.980316060796508459e-01 8.071204164128058522e-01 8.061192754141272010e-01 7.871871505227928667e-01 8.042843035572003751e-01 8.190277663715057610e-01 8.150111862612883229e-01 8.064492086890888700e-01 8.102570672689428655e-01 8.073774400130488971e-01 8.024090246083077638e-01 8.019100348901648800e-01 8.075800365926049107e-01 8.055568822130818596e-01
1.061765949544020149e-01 1.751519310732602419e-01 4.168178645057797338e-01 5.620668991869487430e-01 4.337517023947243811e-01 5.298963716001173774e-01 7.488016928479632739e-01 7.050980438485416890e-01 7.945064370811528720e-01 7.351895483141482890e-01 1.000000000000000000e+00 8.504819115006262420e-01 7.643558994082758629e-01 7.804223120755521270e-01 8.679010987929461907e-01 8.305839896511817422e-01 8.203794016857304250e-01 6.996157052621339023e-01 7.919421070763311699e-01 6.863624181613230402e-01 7.549867643966781117e-01 8.019533563059246806e-01 7.757297460951237955e-01 7.468664950207456465e-01 8.175897128672887648e-01 8.678521213439088777e-01 8.577188086805281886e-01 8.536924061166842881e-01 8.098991858876016803e-01 8.586850149651933384e-01 8.911925988219617789e-01 8.747785266967907924e-01 8.188755199235964177e-01 8.747816439136183453e-01 8.446693342201037069e-01 8.733119213911277878e-01 8.831668628016476896e-01 8.683019962182462193e-01 8.865140758864159531e-01 8.322790758991984728e-01 8.842631524499156015e-01 8.720079181047332151e-01 8.744728702331454606e-01 8.788339456045115572e-01 8.852649148555975511e-01 8.754827422320843322e-01 8.660135402961345319e-01 8.786942993249744482e-01 8.781677261653730859e-01 8.689003993717495655e-01 8.711409178257190078e-01 8.763414432314434732e-01 8.781994981189092941e-01 8.714844059178111779e-01 8.789615858663764048e-01 8.957501069651169212e-01 8.645449689460670273e-01 8.568160621932237042e-01 8.705087457606670576e-01 8.718258703598470438e-01 8.794300671415565818e-01 8.698590078162373729e-01 8.713483246784490266e-01 8.771073254494302640e-01 8.759006678977432347e-01 8.838408289675661056e-01 8.832360599908887222e-01 8.905154886269277537e-01 8.961821080521951144e-01 8.922504217889537514e-01 8.896896357513011111e-01 8.880521265783876128e-01 8.897313652986904575e-01 8.916726383625876995e-01 8.916324255024152823e-01 8.887497622703685041e-01 8.835073513223314912e-01 8.879629553621948279e-01 8.910554276422590902e-01 8.975010077012639531e-01 8.898689247494018240e-01 8.941042569385435623e-01 8.948145059502787824e-01 8.950367242903559672e-01 8.930137130675985802e-01 8.951564000158688250e-01 8.945067703526378144e-01 8.886839487450376440e-01 8.914837656086663786e-01 8.876905917961623871e-01 8.896435754687065378e-01 8.809142417444751905e-01 8.844127450748455743e-01 8.846087490127544362e-01 8.732095689611115708e-01 8.789730436159930438e-01 8.743397337060766494e-01 8.727915780060605533e-01 8.828812361545647081e-01 8.875438783824188826e-01 8.875727474037640174e-01 8.793820873557033346e-01 8.789566810372935191e-01 8.798673433293882074e-01 8.860345864036744956e-01 8.681781593243332873e-01 8.783554511301284728e-01 8.826069742691661224e-01 8.828418575882149844e-01 8.756641000658543783e-01 8.791435715621039870e-01 8.771316643514978084e-01 8.734760427402554761e-01 8.760503804713370979e-01 8.780547469600611388e-01 8.812349510800443486e-01
3.560247461422052367e-02 1.146504065239820347e-01 4.024000857147231325e-01 6.512457217229595807e-01 4.942759943051506788e-01 5.790705431026380579e-01 8.245539435472628575e-01 7.879894154232031100e-01 7.863759158256544701e-01 7.375510169296376484e-01 8.504819115006262420e-01 1.000000000000000000e+00 8.172027530651514438e-01 8.115072208557347899e-01 9.143916915989961369e-01 8.963910288886495215e-01 7.879280408058466634e-01 6.098794320184633966e-01 7.342649311991117367e-01 6.847345497673896775e-01 7.327709650966038879e-01 8.040027039310090329e-01 7.058842181763047563e-01 6.879854755060219595e-01 7.932536301545091151e-01 8.469580166418968492e-01 8.253253344251004764e-01 8.400049424664257636e-01 7.694174391145365277e-01 8.026043642636137010e-01 8.671311829791681358e-01 8.467609146017859301e-01 7.839443412803007716e-01 8.628355367895010897e-01 7.974887186521740778e-01 8.915775234891334389e-01 8.835233076058442991e-01 8.693381021848309853e-01 8.994873856463139195e-01 8.530364054655855677e-01 9.038284076407290257e-01 8.913870092051239258e-01 9.166887472601807918e-01 9.049926917234984991e-01 9.060042580967861969e-01 8.895961975098104491e-01 8.984179735382790133e-01 8.940378114445227675e-01 9.064184099081367130e-01 9.085975833177083461e-01 9.043479804379780385e-01 8.978865037085379530e-01 9.091292068801267723e-01 8.671835224515168639e-01 8.576930928223571726e-01 8.790333943817426610e-01 8.733033245945795997e-01 8.797225087310824865e-01 8.931821447639237688e-01 8.976625048461587264e-01 9.204501315171866871e-01 8.975889382694859364e-01 8.920557943464043626e-01 9.056610878599139491e-01 8.923140541792120572e-01 9.013607958621254745e-01 8.974379929661701061e-01 8.894920688095622197e-01 8.872656893798813726e-01 9.152710473270726510e-01 9.150170103734618365e-01 9.036101260461126827e-01 8.956020085819774712e-01 9.018772944283121040e-01 9.075860824033228358e-01 9.007564638882407104e-01 9.072572952205546493e-01 8.923198292384721952e-01 9.092929497989566956e-01 8.916384535068545558e-01 9.024135807361728379e-01 9.055137814795685136e-01 8.983505405936828003e-01 8.947049745324987535e-01 9.063810259035089967e-01 9.073592657297478992e-01 9.151973475165935401e-01 9.082909947828315955e-01 9.106610581752802025e-01 8.859661875055310221e-01 9.155413625910264752e-01 9.109289378093897716e-01 9.123298884983096491e-01 9.102731557027663456e-01 9.059347277315945579e-01 9.038173060989727059e-01 9.066468386374051391e-01 8.983769153316849554e-01 9.179824495459991684e-01 9.179422794330651669e-01 9.246784378245059832e-01 9.062399394361246863e-01 9.130542484014507743e-01 9.125060673151029755e-01 9.127137841290343667e-01 8.886048891239184400e-01 9.046633806337945893e-01 8.967599745771689390e-01 8.957496817153779434e-01 9.058245537466220743e-01 9.020534666054198514e-01 9.063798754308165506e-01 9.014779443281555338e-01 9.053389089355183827e-01 9.003035722914594086e-01 9.062978632239379051e-01
4.357887680874761999e-02 1.046380969876617578e-01 3.327226436458073366e-01 5.175245952586442488e-01 4.874685998311175106e-01 5.362025582978137139e-01 7.471266509949868739e-01 7.175430004922637162e-01 7.457600169773712651e-01 6.816235501022278598e-01 7.643558994082758629e-01 8.172027530651514438e-01 1.000000000000000000e+00 7.579760000023162414e-01 8.452218542084720676e-01 8.342619170927371153e-01 7.337533498429454903e-01 5.277868209973352043e-01 6.732302663058268299e-01 5.915045496100359568e-01 6.246007209745811917e-01 7.237272406854158291e-01 6.135900478046983908e-01 5.943421149284197069e-01 7.143626384219768921e-01 7.817385127334216532e-01 7.502759692917939649e-01 7.552172333986569841e-01 6.690764632227668152e-01 7.392602507384271604e-01 7.929226704770594436e-01 7.630644208129100381e-01 6.864139638431233648e-01 7.734762052775305818e-01 7.284461981712704315e-01 8.033707950328831116e-01 8.049935262949305947e-01 7.952443336223560255e-01 8.244087748565165352e-01 7.716784380298304935e-01 8.411536534866991266e-01 8.261197442053473949e-01 8.393819456626570030e-01 8.445889927800753760e-01 8.280292708896055398e-01 8.264926796474895143e-01 8.454422382921470414e-01 8.427363160134286879e-01 8.492380140766890850e-01 8.370386794042862233e-01 8.334982344394892273e-01 8.279281700465833671e-01 8.486421149636347305e-01 8.292674207366149686e-01 8.138750884217749171e-01 8.141319954057930630e-01 8.268103638103315722e-01 8.386993456999340957e-01 8.435776480304246761e-01 8.507166585051958441e-01 8.610834925721870814e-01 8.516011080168630620e-01 8.422171965461207055e-01 8.470501692173967312e-01 8.401431782722451613e-01 8.446835674644619374e-01 8.399044111633220400e-01 8.252077459463199594e-01 8.112768602041229293e-01 8.359170400535507195e-01 8.392304577093386841e-01 8.420491436459901502e-01 8.184808470377609169e-01 8.329006220152459505e-01 8.453496412601723131e-01 8.394296404168688497e-01 8.392054872650098751e-01 8.129253503665865299e-01 8.392515692762738677e-01 8.291231301154023958e-01 8.398525510903208646e-01 8.398575002485537677e-01 8.317564613933386974e-01 8.249141169144394992e-01 8.345179021981911083e-01 8.361775633164652000e-01 8.468060513610322637e-01 8.443379540532737204e-01 8.452490218393255983e-01 8.297343619115487012e-01 8.413609583747644338e-01 8.505122195745966618e-01 8.510215061218057153e-01 8.472688244780510747e-01 8.538646677922813177e-01 8.527146871612286683e-01 8.468732599613458811e-01 8.447986987035313033e-01 8.593911965430220956e-01 8.532743657140261506e-01 8.589905903521386499e-01 8.528123259124754663e-01 8.575786203458194423e-01 8.564064533835044069e-01 8.531456860570788558e-01 8.409612630241031228e-01 8.526511269895248324e-01 8.461775215301107211e-01 8.464897757578122572e-01 8.548152171517102715e-01 8.509474051170459186e-01 8.558410177944468789e-01 8.543396407588765840e-01 8.526356499498171093e-01 8.491156727067550314e-01 8.520417176134283954e-01
