1.000000000000000000e+00 9.614215599828414283e-02 8.499461888154531686e-02 5.294333327023951347e-02 2.447830957208228103e-02 -1.920242883121658006e-03 -2.806405962244220079e-02 9.043877034747738186e-03 6.108730863502713493e-02 6.468504823940976478e-02 3.364465974500317324e-03 4.594242789700740681e-03 1.788761455768271905e-02 -1.392488948033334534e-02 1.231337939329034577e-02 9.125065496320547073e-03 8.807654464845281195e-02 5.615384551853575684e-02 8.768176454947614051e-02 -2.154814619646319707e-02 7.212909953756917181e-02 6.372770830074368786e-02 7.443396634526379396e-02 7.994790235084357766e-02 9.089815791288528846e-02 4.731049118611036636e-02 2.510386719108610373e-02 6.274054671180632169e-03 5.360033755081861778e-02 5.968887941768177136e-02 2.781024397710797624e-02 3.781342230397913284e-02 9.761812448046917196e-03 1.638535695306703871e-02 2.698112040692735025e-02 2.767724596894419881e-02 3.252373275924452106e-02 9.922127295192138298e-04 2.020664408195804122e-03 -1.206715164975852989e-02 1.828243757342442807e-02 -4.259999244287241034e-03 -1.144657954932129691e-02 8.986327290914176980e-03 1.242968695257040505e-02 7.383481455309143585e-03 2.736373129958889067e-02 1.907364442291822199e-02 4.475818439243706842e-02 5.413801653171037426e-02 1.142019672114836376e-02 3.717667478138847459e-02 1.476150733476726262e-02 3.887421961161795919e-02 2.187719669295913258e-02 2.133401136829391614e-02 5.747500616594986012e-02 1.127933531706104206e-02 1.977172156665268563e-02 1.973829505920008179e-02 1.551960948386323265e-02 1.350838685363052113e-02 6.577568455890180424e-03 2.646748482645456396e-02 3.545027295413730878e-02 4.191339411062100506e-02 2.822640086542996252e-02 1.994467310789650033e-02 2.641509793608252596e-02 4.872436857621250013e-03 3.361574041172008670e-02 2.947338538561503074e-02 3.464230148959779321e-02 3.132713433621137078e-02 2.006786076283910425e-02 1.823771499888154207e-02 2.729775573588821488e-02 3.515937690270945493e-02 2.073841849989472436e-02 2.807323417136795354e-02 1.262972749486409099e-02 1.819798134949476148e-02 2.843158713121350309e-02 1.905548397988468881e-02 1.363488810347001333e-02 1.651254933102818886e-02 8.031573027365547512e-03 9.759144158479051909e-03 9.074448305491389713e-03 1.393416172796862508e-02 -3.749684414936019228e-03 7.151827808216147143e-03 2.639627716288946851e-03 -3.806632113967396615e-03 6.934975453627318341e-03 1.600127132903287827e-02 2.545352845565404185e-02 4.372830236899411666e-02 1.628103218366050778e-02 2.430697513323889017e-02 -3.836305781260158053e-03 1.596053352359393454e-02 6.173970245276447569e-03 -4.058477096199652849e-03 2.215027906448457581e-02 3.036394205217548756e-02 2.885402295093032754e-02 1.434246619196653111e-02 1.941032060897800865e-02 1.741501224796921515e-02 6.886231781175768639e-03 1.351384699573120879e-02 6.613406680978047014e-03 1.776893906319694863e-02 2.587313162229836969e-02 2.534371712898790888e-02
9.614215599828414283e-02 1.000000000000000000e+00 8.302006472999462483e-02 7.233139158352351605e-02 8.986012514312491373e-02 5.675120847923458695e-02 1.307891696428324924e-01 1.443943839593809231e-01 1.873958099900204510e-01 1.626491901553508146e-01 1.805947965178187342e-01 1.459189429040851638e-01 1.509377529171696819e-01 1.577268955153331709e-01 1.648717662238718407e-01 1.505565482168379210e-01 1.760110734825441337e-01 2.127698362165612311e-01 1.908342392647148500e-01 1.580870471822346524e-01 2.026739588227502165e-01 1.977096157413517352e-01 1.761610423866801223e-01 1.913976037563184518e-01 1.917664214535202971e-01 1.930180368127181190e-01 1.878914713419197191e-01 2.001919621248423875e-01 2.202632579817660474e-01 2.028638863254416946e-01 2.018842783900893778e-01 1.893547967183344394e-01 1.741829233846267644e-01 1.668236439918046876e-01 1.717713993729939048e-01 1.524676546313198100e-01 1.686126845429302967e-01 1.781477302313584088e-01 1.622666544840347114e-01 1.707919038201437256e-01 1.699582749028003270e-01 1.684670024666035659e-01 1.575607146131774994e-01 1.683714016662686830e-01 1.624730965797984983e-01 1.779471205934092248e-01 1.690104374684582023e-01 1.739863418470295464e-01 1.760673715427420460e-01 1.814237683329150697e-01 1.818745353275769416e-01 1.642151855405562244e-01 1.519198370344132798e-01 1.729376658299204839e-01 1.789450522122381648e-01 1.804882049253592746e-01 1.778158065479741590e-01 1.702997809324327816e-01 1.756091286513635774e-01 1.628279182343645715e-01 1.677669401045446262e-01 1.722704592516977606e-01 1.693538986235647303e-01 1.757728654177595218e-01 1.802707970374848312e-01 1.667795549774311881e-01 1.693156090356891796e-01 1.863110351322273539e-01 1.839302546612074929e-01 1.717951064314643950e-01 1.808332353711758211e-01 1.838415121571741195e-01 1.820070793819326960e-01 1.841849883164188018e-01 1.789231257278729448e-01 1.813003737735920107e-01 1.869609992718853086e-01 1.908719368454425414e-01 1.784832738619585579e-01 1.796283373885753931e-01 1.730264034250591221e-01 1.741716878562799276e-01 1.825530991638554534e-01 1.771052623564557948e-01 1.704850586572438376e-01 1.630894798285009994e-01 1.563826820494880476e-01 1.730296848386586317e-01 1.696441151824544802e-01 1.736958164752172573e-01 1.681073507667907863e-01 1.694746034768256915e-01 1.626714425244268070e-01 1.686462165839651695e-01 1.621800071604699578e-01 1.714378050303126400e-01 1.693815153568125897e-01 1.768320531575890697e-01 1.707441954169972298e-01 1.775985719321460099e-01 1.622777619457180243e-01 1.688025100376643606e-01 1.584329682947304418e-01 1.640664200764685166e-01 1.624570381440632316e-01 1.721579550125961200e-01 1.730203635865408540e-01 1.687243639791804195e-01 1.734381190123432392e-01 1.723220820491154215e-01 1.667274194983765223e-01 1.659430649850106854e-01 1.666627313660528908e-01 1.710475339414724572e-01 1.719847748739588011e-01 1.647681688314316661e-01
8.499461888154531686e-02 8.302006472999462483e-02 1.000000000000000000e+00 3.486680095378669741e-01 2.058024073438691204e-01 2.249616611332201921e-01 3.348026256167637160e-01 3.261919596080236627e-01 3.435772791523268310e-01 3.163178935901203026e-01 3.667156463615690032e-01 3.763039315759075243e-01 3.357975317854113850e-01 3.368822667893225375e-01 3.703423894877065359e-01 3.725393876282421246e-01 3.680119297808037149e-01 3.837531333535800226e-01 4.006769352153248809e-01 3.574252692432591805e-01 4.076698663630562991e-01 4.202920838568589557e-01 4.194870924307602111e-01 4.223209096995295120e-01 4.216233392657133816e-01 3.843830572602762730e-01 3.694272700690415245e-01 3.712160126677807037e-01 3.481520440876841871e-01 3.936308336737741054e-01 3.945631074352304313e-01 4.139510613304069886e-01 3.873074699694055156e-01 4.145262716342175136e-01 3.826820503984585953e-01 4.111819370793596828e-01 4.085048899003453360e-01 3.695758076138405124e-01 3.860911086248262625e-01 3.995956845430770898e-01 3.940553423135951805e-01 3.726401126085067683e-01 3.882476703765382897e-01 3.875761795336955529e-01 4.067620194483906326e-01 3.770769870458427486e-01 3.732994840400318259e-01 3.710197303992778251e-01 3.817105125749233885e-01 4.140927463561119848e-01 3.871160511843060870e-01 4.113278796323666109e-01 3.754354336525790869e-01 3.793068656877586209e-01 3.840541441324407113e-01 4.007711704417269982e-01 3.799283662609072576e-01 3.805061224596514857e-01 3.750506977595265967e-01 3.632955836064075128e-01 3.796318955544579210e-01 3.664124634507386902e-01 3.660737687671135054e-01 3.697921065636293747e-01 3.872971929874748365e-01 3.767476763613482604e-01 3.807346941846087574e-01 3.971197607927736684e-01 3.987713992395087725e-01 3.865524831144225848e-01 4.130758380637510885e-01 4.041511393758721593e-01 4.040901130908282068e-01 3.970663430599966626e-01 3.797383983690911236e-01 3.818615885436135171e-01 3.769886938927967113e-01 3.705553428659062454e-01 3.914062779320707230e-01 3.801109472523483412e-01 3.861605380166333035e-01 3.882786145490185747e-01 3.947988112228620894e-01 3.820881948759981550e-01 3.922587016380211233e-01 3.959474617091341409e-01 3.870622260604812404e-01 3.755408549422009079e-01 3.805934364998503905e-01 3.840549870156375611e-01 3.814269041657395998e-01 3.791011515690166922e-01 3.876522250674570569e-01 3.800180731053264815e-01 3.701026510475949882e-01 3.719741137878584403e-01 3.899004239388340065e-01 3.838352174884022694e-01 3.828085997436219134e-01 3.883392033857830383e-01 3.833679471302351982e-01 3.774251688787337855e-01 3.801686786313754340e-01 3.769539557306211264e-01 3.836033599043165987e-01 3.733182489842682417e-01 3.768729931947183420e-01 3.719913694148593297e-01 3.828995130920278545e-01 3.732020958900174601e-01 3.726591621407674415e-01 3.708858080608710139e-01 3.728446434198595116e-01 3.735681045754644658e-01 3.829228004554687259e-01 3.750573047301694052e-01
5.294333327023951347e-02 7.233139158352351605e-02 3.486680095378669741e-01 1.000000000000000000e+00 3.761832728626819389e-01 3.753704739819417879e-01 5.340858559960564023e-01 5.270958285569696811e-01 5.032327270628228488e-01 4.764166670469614506e-01 5.220863440242664577e-01 6.133787940721771026e-01 5.203585926793117267e-01 5.234512655623784205e-01 5.963850623082632696e-01 5.949684181976856445e-01 5.203521435599078870e-01 4.051341647877929608e-01 4.499672682325090434e-01 4.547259754429454626e-01 5.618463423252335609e-01 5.175777112761082988e-01 4.832176079958494519e-01 4.666154272424669625e-01 4.696000889934431877e-01 5.521498749010046447e-01 5.372810253460494900e-01 5.213095916682772835e-01 4.900557518448640515e-01 5.162713353796188898e-01 5.322737030800157587e-01 5.614246155485747014e-01 5.253070136904532950e-01 5.774796273632842869e-01 5.254337957964040351e-01 6.091293886346141884e-01 5.787526217681796536e-01 5.365632539858294914e-01 5.695932310881723915e-01 5.627843066051905208e-01 5.950768192777475818e-01 5.734988725966904122e-01 5.860389180871490300e-01 5.921710413580713039e-01 6.063068646398269701e-01 5.680368577311323275e-01 5.941900080708406584e-01 5.916743052991744189e-01 6.004900058533679807e-01 5.897319975386926538e-01 5.758636456679373516e-01 5.975376543529095086e-01 5.930894147436189812e-01 5.903590684741126804e-01 5.785301442646311187e-01 5.872728628835194309e-01 5.992268164538959718e-01 5.942954298779068445e-01 5.848894158973402257e-01 5.954848209110685797e-01 6.000492795272439617e-01 5.881705228706081146e-01 5.729864611564244870e-01 5.890286399936921491e-01 5.765065228040489043e-01 6.130029703530629481e-01 5.878032310659563331e-01 5.690361662853854474e-01 5.741732715166016909e-01 5.999500951524910919e-01 5.990661003936227358e-01 5.730718581076089668e-01 5.721603430948224434e-01 5.593057905131729735e-01 5.837601712581009794e-01 5.855745065213300293e-01 5.698332291262511173e-01 5.599186934941300375e-01 5.888841678145612102e-01 5.669796430531917064e-01 5.813940923088453117e-01 5.783420419782364652e-01 5.881673617653363495e-01 5.751474095604783843e-01 5.942706553570481498e-01 5.935261913665740297e-01 5.919564461634949648e-01 5.846724776391821754e-01 5.828633794924052980e-01 5.807603800953972106e-01 5.888015537586113179e-01 5.905025432142092523e-01 5.980308059774933627e-01 5.925317143597411684e-01 5.947680000140255219e-01 5.949326945072308526e-01 6.026391535040604985e-01 6.082043849283417236e-01 6.039608133353799868e-01 5.967690319645237995e-01 5.966779969060302946e-01 5.984568577343197804e-01 6.020126425935882208e-01 5.944497179198030556e-01 6.011438656666637792e-01 6.004993797256268362e-01 6.047587286133772055e-01 5.842370810465279396e-01 5.877854107150721763e-01 5.935992526011644177e-01 5.893639239007151254e-01 5.975231750795549912e-01 5.976682536153736791e-01 5.925893962050802211e-01 5.874617728628680480e-01 6.051100410890796200e-01
2.447830957208228103e-02 8.986012514312491373e-02 2.058024073438691204e-01 3.761832728626819389e-01 1.000000000000000000e+00 2.986350957252518201e-01 4.587654273561428409e-01 4.636777726305534308e-01 3.852917159282089887e-01 3.906783815866360365e-01 4.299214503644566698e-01 4.661464492724738395e-01 4.775253679280910268e-01 4.285189018767774916e-01 4.855154879658360456e-01 4.984022612761807025e-01 3.603908387485720288e-01 2.924429954840808144e-01 3.275104687095734546e-01 3.312156079697224365e-01 3.404846571194686811e-01 3.665280014229113092e-01 3.392273688554792166e-01 3.086827076428940719e-01 3.306088125315914672e-01 4.503122724414621025e-01 4.332313836591772382e-01 4.257613445422946952e-01 3.535211082613876066e-01 4.025700176815008580e-01 4.462672056662662090e-01 4.273704822182076701e-01 4.353899141932740524e-01 4.234322559194156343e-01 4.200747705516269526e-01 4.514978436669688233e-01 4.397250758764826850e-01 4.390872878550581282e-01 4.719280371943407881e-01 4.366452191709390140e-01 4.609224989677542239e-01 4.724370869324512889e-01 4.740523837145408925e-01 4.840162256869164903e-01 4.629571709197767282e-01 4.626505200409355423e-01 4.689859108352632533e-01 4.688047342746937129e-01 4.621883060931937792e-01 4.354736794379046594e-01 4.554569296555620594e-01 4.619829506798830421e-01 4.706483372412885724e-01 4.575027231131900685e-01 4.450907237997925869e-01 4.561508434049409977e-01 4.498122089382697308e-01 4.773720900191660288e-01 4.632826175214306841e-01 4.790256686689495780e-01 4.713677904117450912e-01 4.758989049058651166e-01 4.554990773988971675e-01 4.677805026370012720e-01 4.517176229925597974e-01 4.758093956576463501e-01 4.611300869506273492e-01 4.489705745645144463e-01 4.490683484034845852e-01 4.573789008839500569e-01 4.529200542319774536e-01 4.480543821358896617e-01 4.301942959231899177e-01 4.411882519982663342e-01 4.707597435751479376e-01 4.688610722846351386e-01 4.538742708626585243e-01 4.331755511726681496e-01 4.607412229630297729e-01 4.508755487320663113e-01 4.504267881924216010e-01 4.683391690233863480e-01 4.564071841362957183e-01 4.547562541784477275e-01 4.613773923547955791e-01 4.520569730247597784e-01 4.608444202951081925e-01 4.706518202259828421e-01 4.686218898939102373e-01 4.593941211811368719e-01 4.748318455148124451e-01 4.741504195132744126e-01 4.718401270192500441e-01 4.787096176689812910e-01 4.715569912849854051e-01 4.713991372443543382e-01 4.605854872987660276e-01 4.574327645532746400e-01 4.723133977160110519e-01 4.675562321794601295e-01 4.762262244256548760e-01 4.685041039347946357e-01 4.722054018862351654e-01 4.787321126957778672e-01 4.705476055608293073e-01 4.622949198574197172e-01 4.693998545757365193e-01 4.643436884571865986e-01 4.663559009852621950e-01 4.699787956281947787e-01 4.689389685242355554e-01 4.763234874595044244e-01 4.767502868854274767e-01 4.707469264911905982e-01 4.590482266229851671e-01 4.697038506293966798e-01
-1.920242883121658006e-03 5.675120847923458695e-02 2.249616611332201921e-01 3.753704739819417879e-01 2.986350957252518201e-01 1.000000000000000000e+00 5.298232196882808331e-01 4.618630490609484940e-01 4.981889705067378826e-01 5.009471513256450459e-01 5.301931124526685357e-01 5.520107845271151614e-01 5.075728185068855147e-01 5.285991138632670783e-01 5.710948927369670081e-01 5.718211249239825156e-01 4.998417542287894588e-01 4.266146889300203027e-01 4.722245222318203761e-01 4.201915592879844619e-01 4.101583881549081823e-01 4.955707372326925153e-01 4.655334534108951927e-01 4.245199247742869053e-01 4.642745560744832023e-01 5.474743522633269688e-01 5.574755272222180480e-01 5.507390511004823797e-01 5.238478870404428278e-01 5.333104221794577882e-01 5.629829864086292046e-01 5.574337080292740554e-01 5.472720124496455174e-01 5.440194213551704516e-01 5.348199760971468208e-01 5.637592430888918038e-01 5.613914291976161985e-01 5.681515064956239591e-01 5.781154204149421272e-01 5.634091615970807654e-01 5.801454638945533482e-01 5.845358281162896796e-01 5.803320805741439825e-01 5.862271060437658221e-01 5.837245134936381863e-01 5.872755366673729771e-01 5.855892289170733234e-01 5.824411260852897509e-01 5.743150048170508892e-01 5.515074852960819562e-01 5.783382038658759772e-01 5.620864287119651248e-01 5.750529556428587430e-01 5.739533335307679396e-01 5.662755086854373010e-01 5.748325415157448104e-01 5.617433583554199972e-01 5.855245101302244404e-01 5.783012016365215446e-01 5.865100551809712126e-01 5.836728889220024197e-01 5.776904693422889592e-01 5.717182890875642798e-01 5.797598924953069055e-01 5.710544845431585470e-01 5.740483257296544739e-01 5.810833066968363880e-01 5.750256978179644207e-01 5.737452159955945818e-01 5.661810487841822948e-01 5.725352349385012252e-01 5.726978769744645037e-01 5.634054835045406717e-01 5.746055750888092728e-01 5.904479752827440642e-01 5.901328842402883135e-01 5.880911897255021170e-01 5.764515223139881073e-01 5.857562542011638396e-01 5.804996588474593544e-01 5.795677171523124782e-01 5.889136784897959220e-01 5.835156463351228728e-01 5.816023988372446274e-01 5.811767821665064782e-01 5.779336162199851801e-01 5.832140034538565443e-01 5.880514133303361701e-01 5.948799898424980137e-01 5.840988863091227667e-01 5.914846779220095385e-01 5.918808626584933785e-01 5.913680935278666784e-01 5.900475450999278504e-01 5.863553752575770828e-01 5.867386924214454957e-01 5.776547659758417552e-01 5.726145435176909215e-01 5.835918448518983004e-01 5.845391801116589514e-01 5.880124647421385298e-01 5.793411946470846674e-01 5.879579901245233220e-01 5.876997630638176595e-01 5.835463426980285195e-01 5.713805812260396300e-01 5.814093771443059611e-01 5.863540956549320171e-01 5.842122663255562287e-01 5.852933892625638013e-01 5.838946774594192535e-01 5.853381064263379896e-01 5.814683096908033200e-01 5.827462263609871629e-01 5.787942658614899649e-01 5.812111744441935679e-01
-2.806405962244220079e-02 1.307891696428324924e-01 3.348026256167637160e-01 5.340858559960564023e-01 4.587654273561428409e-01 5.298232196882808331e-01 1.000000000000000000e+00 7.170783030080123410e-01 7.230474897321933492e-01 6.726825919980771173e-01 7.616902901902669054e-01 7.936935490226987300e-01 7.270346816836317227e-01 7.286359958891176491e-01 8.309106370572056921e-01 8.093065125488452249e-01 6.965575535143361252e-01 6.283340649432767044e-01 6.544841726800207926e-01 6.529489612416358169e-01 6.349570845319579826e-01 7.057177023486012057e-01 6.729603977448146424e-01 6.204824594527393877e-01 6.490806912511561944e-01 7.972562803531180187e-01 7.810408525872106766e-01 7.819435383844796084e-01 6.991014191587562321e-01 7.431884185188564196e-01 8.001993290250276614e-01 7.889379764093251701e-01 7.800056483498416515e-01 7.720070618781550431e-01 7.600674724960342354e-01 7.715546160098474271e-01 7.915753550560956642e-01 8.011701109607908267e-01 8.152808371039637070e-01 7.919165447294375104e-01 8.171807010212872591e-01 8.176492738122277393e-01 8.147488703065234317e-01 8.281582263903595198e-01 8.159765340027814728e-01 8.238096266223493558e-01 8.088557548887187476e-01 8.115240363060925999e-01 8.062653919744122710e-01 7.762765606453085887e-01 8.102355709406978690e-01 7.733723299473564960e-01 7.989423910241619797e-01 8.020681223666931148e-01 8.016088698732762863e-01 8.125327488138734955e-01 7.893544137119068438e-01 8.138903867536763093e-01 8.117192343339169058e-01 8.126307982857319256e-01 8.145122791978561816e-01 8.130690507449422899e-01 8.024021730711825562e-01 8.104612947692375613e-01 8.015054932718045366e-01 8.018268901303782226e-01 8.093682108211102122e-01 8.080646898723939930e-01 8.065916337952281356e-01 8.085584083243325670e-01 8.046584318568438254e-01 8.080830492891167838e-01 7.890481806037881185e-01 7.994160053158269053e-01 8.226724956636354280e-01 8.181201699809664829e-01 8.121219617006583125e-01 7.868915701800851537e-01 8.152760778573756584e-01 7.982804459097589955e-01 8.062883237368648759e-01 8.203308534635974647e-01 8.200271812462036625e-01 8.078260165802843007e-01 8.150290921321168280e-01 8.089114652592687138e-01 8.148321801779476736e-01 8.232058585920207783e-01 8.238603569956383099e-01 8.163872845301375358e-01 8.303360519232894088e-01 8.271104596613021442e-01 8.257575081120726024e-01 8.289535607924569671e-01 8.155650373349404569e-01 8.159860877655429334e-01 8.066291895522950117e-01 7.988268610070596853e-01 8.151794711856568121e-01 8.178146412217599526e-01 8.231382774342527187e-01 8.138268243488560039e-01 8.159911492757981888e-01 8.236781605289827946e-01 8.127547634057153969e-01 7.993878718334704869e-01 8.123288290434188541e-01 8.138805096388659344e-01 8.162411489731493663e-01 8.128418450679408824e-01 8.157213203763667986e-01 8.155356154593036422e-01 8.173045643580922892e-01 8.147514064957643853e-01 8.103288170445006600e-01 8.099200809322965045e-01
9.043877034747738186e-03 1.443943839593809231e-01 3.261919596080236627e-01 5.270958285569696811e-01 4.636777726305534308e-01 4.618630490609484940e-01 7.170783030080123410e-01 1.000000000000000000e+00 7.307044146451905364e-01 6.629185210269913364e-01 7.451272389928964568e-01 7.822957030072212881e-01 7.177739942635430470e-01 7.287762556330377173e-01 7.803852518400442584e-01 8.006722573934615950e-01 6.853156637820146946e-01 6.075102744721648795e-01 6.265232565831345690e-01 6.591537926596309216e-01 6.305425385481149281e-01 6.888776854490623602e-01 6.419194049873511165e-01 6.204309022232028514e-01 6.267884826868077575e-01 7.588470536533630240e-01 7.464808402233406026e-01 7.461119284054563705e-01 6.730355553659573831e-01 7.368746833231692994e-01 7.759857077310869933e-01 7.712037232987211111e-01 7.460042108153180918e-01 7.617850393994574087e-01 7.459239782370181704e-01 7.460565444973732419e-01 7.690544789016171556e-01 7.683612080605796146e-01 7.898643455359523058e-01 7.557611153958627703e-01 7.935649251742362686e-01 7.844506419579080347e-01 7.845661501538968574e-01 8.004020440010929383e-01 7.918816817631700866e-01 7.979224505234816522e-01 7.880132584859195211e-01 7.999835864337130342e-01 7.864104046815526550e-01 7.610616842278323801e-01 7.873310398618270645e-01 7.548822017965072240e-01 7.858447347707648856e-01 7.901045724331714482e-01 7.928934311528322842e-01 7.846906554877619566e-01 7.837080852672831943e-01 7.930380038567068635e-01 7.960921296562650795e-01 7.942298195751879009e-01 7.920243085305024300e-01 8.036198788979482810e-01 7.890613968083316498e-01 7.933849288125827126e-01 7.967408838361249579e-01 7.972947691011978977e-01 7.952856070920986120e-01 7.932786352683151021e-01 7.874774936056389008e-01 7.973972868408323311e-01 7.900466842980407023e-01 7.911338105699470269e-01 7.713320774056783291e-01 7.775747375712599441e-01 7.978171021266299290e-01 7.928924810467588014e-01 7.815322827211633738e-01 7.677090856757941006e-01 7.936716861124201161e-01 7.854332423661116724e-01 7.926864055358452399e-01 8.004902183408598715e-01 7.961828202919800646e-01 7.885236842024633264e-01 7.957625346958174806e-01 7.916896643059277983e-01 7.979683422164423057e-01 7.984189785327311384e-01 8.008583355112507407e-01 7.927351005769127656e-01 7.990827047696168473e-01 8.032633786374001605e-01 8.064570184763791838e-01 8.080578887990291781e-01 8.019886663346201816e-01 8.010053765323921215e-01 7.924215297133186953e-01 7.942684120307882401e-01 8.013596633375473788e-01 7.995426844968808178e-01 8.031036840436678315e-01 8.020779643636787304e-01 8.030774713810370224e-01 8.064194319573151359e-01 7.925909621919517978e-01 7.937478653394334227e-01 8.016127289509471510e-01 7.981041348507675881e-01 7.992754702279623036e-01 7.971041055355392313e-01 7.997183780191736702e-01 8.009116054677017926e-01 8.047848505558081733e-01 8.022074160037163670e-01 7.976148412660515330e-01 8.002566385328148124e-01
6.108730863502713493e-02 1.873958099900204510e-01 3.435772791523268310e-01 5.032327270628228488e-01 3.852917159282089887e-01 4.981889705067378826e-01 7.230474897321933492e-01 7.307044146451905364e-01 1.000000000000000000e+00 7.309247112471185526e-01 8.131068970371638782e-01 8.269993412355598483e-01 7.407283379059957928e-01 7.724575480944213535e-01 8.188861791548160962e-01 8.245860439111383222e-01 7.826060804114988168e-01 6.934651235614190945e-01 7.220440108751093877e-01 6.820796814012408671e-01 6.922341982171260621e-01 7.671118082019072748e-01 6.982705137140093887e-01 6.916282598534534420e-01 7.071455795199907968e-01 8.176872459962244433e-01 8.169304245839774659e-01 8.099816935517372141e-01 7.588527856706045460e-01 8.243428464567791325e-01 8.514006491910384167e-01 8.364523222068073194e-01 7.984980770077073631e-01 8.171657693940497236e-01 8.159936153634083089e-01 7.972909673354400262e-01 8.419271163159512961e-01 8.246890621147324740e-01 8.439324632707098095e-01 7.820546063755362542e-01 8.524820258071670320e-01 8.286821137812621085e-01 8.153493872273487320e-01 8.496543639996049224e-01 8.415374372445961759e-01 8.489966224519978066e-01 8.521496435576668693e-01 8.679161977738043543e-01 8.581724718528023210e-01 8.258306556063177428e-01 8.450018390432738613e-01 8.000088684316358778e-01 8.484509971939511175e-01 8.600849924228118892e-01 8.606483980244484799e-01 8.381747792905183125e-01 8.630627045537749842e-01 8.518551884445116906e-01 8.576231386534388657e-01 8.567612063822197532e-01 8.494644393944469352e-01 8.636077091962989227e-01 8.517971660701293413e-01 8.632059004196891427e-01 8.730683016370982541e-01 8.625121198649178256e-01 8.632169452431298629e-01 8.643144236377489076e-01 8.555180464484120062e-01 8.560177204450727384e-01 8.576328541206148515e-01 8.639248681763468385e-01 8.388470098932425678e-01 8.489345274587930534e-01 8.613243160905745821e-01 8.557425177371700276e-01 8.467814354862688297e-01 8.443738479967178856e-01 8.586026175083679712e-01 8.621696839503445453e-01 8.623486854930828560e-01 8.657607809294562973e-01 8.683476602671265088e-01 8.573013457408452664e-01 8.536167870543172054e-01 8.515192748755080476e-01 8.591718471559918191e-01 8.546841312110668998e-01 8.633974997969418030e-01 8.536220680944900385e-01 8.449349278329284507e-01 8.593763566880074922e-01 8.644786330081372094e-01 8.633639708822785641e-01 8.610770924342304733e-01 8.638232859462072755e-01 8.529379265264442900e-01 8.714584769554070132e-01 8.602498018716340233e-01 8.611213308119624044e-01 8.504006120166786031e-01 8.615865986922369713e-01 8.651069775640241044e-01 8.618691916489931160e-01 8.545409464105190311e-01 8.634093150748842760e-01 8.687616303116242333e-01 8.600024373637025210e-01 8.622628414605525426e-01 8.608278446443710097e-01 8.540750998837832730e-01 8.633869090623196296e-01 8.624206630511339622e-01 8.682495384438088104e-01 8.736203263494698446e-01 8.663181006578717369e-01
6.468504823940976478e-02 1.626491901553508146e-01 3.163178935901203026e-01 4.764166670469614506e-01 3.906783815866360365e-01 5.009471513256450459e-01 6.726825919980771173e-01 6.629185210269913364e-01 7.309247112471185526e-01 1.000000000000000000e+00 7.318637377650462073e-01 7.638071172377330909e-01 6.956236475893396998e-01 7.162780332295026753e-01 7.876847289116671869e-01 7.784003094425145930e-01 7.325663849762791280e-01 6.031881894598721816e-01 6.705377000814471966e-01 5.667058167315687234e-01 5.969433494868378043e-01 6.835484972075370758e-01 6.544459379164864199e-01 5.955416494698786423e-01 6.443975722791350780e-01 7.757814460148150237e-01 7.789632851455025042e-01 7.712619693308134794e-01 7.305720449025440155e-01 7.570600116143874070e-01 7.821470258491826089e-01 7.791386174598615710e-01 7.527036047442776656e-01 7.494640156652677687e-01 7.607164268029621423e-01 7.634613720072848109e-01 7.844045003315476272e-01 7.897427251310416008e-01 7.988119433429127225e-01 7.538758461872145933e-01 8.018971615212938664e-01 8.008848047297983941e-01 7.845517904038618040e-01 8.054816495125177722e-01 7.893919338040156219e-01 8.101320956193592826e-01 8.177801213320887719e-01 8.171504271593711399e-01 8.152103010611669864e-01 7.791932505079446347e-01 8.067743743591190286e-01 7.669711188959961179e-01 7.966651283967185471e-01 8.145320522831653864e-01 8.011998336185163216e-01 8.021998464395213579e-01 8.055059442217499255e-01 8.094698775764050946e-01 8.119308512054022042e-01 8.164599447990629200e-01 8.107084889028693953e-01 8.106107384182890119e-01 7.997734061839745223e-01 8.166871958642391016e-01 8.073667691551242864e-01 8.143473582432906310e-01 8.209914943528943132e-01 8.008446524029855240e-01 8.010310069058248494e-01 7.900732699738097775e-01 7.991515576884773431e-01 8.037442941646071315e-01 7.851266431603488583e-01 8.032924165352580692e-01 8.212982504378827375e-01 8.181204833716403391e-01 8.233983721519895216e-01 8.098591691017578142e-01 8.107297561671051866e-01 8.123674624899747121e-01 8.069236766603280486e-01 8.189628172738431244e-01 8.148521094011215160e-01 8.104607999874370305e-01 8.021876468324958820e-01 8.041412981702448226e-01 8.098882525672951305e-01 8.174120709083234626e-01 8.170803003575524137e-01 8.148645225896814503e-01 8.099229389113459243e-01 8.195351320846473442e-01 8.135317708239951928e-01 8.152790743421982622e-01 8.166290557983281184e-01 8.188995882809494420e-01 8.083248613888666112e-01 8.102470693568920579e-01 8.152142828685949860e-01 8.181739450222808019e-01 8.116167752769211097e-01 8.152307693561315904e-01 8.118112980593168437e-01 8.144386624630203242e-01 8.181139546086130254e-01 8.101005196945587628e-01 8.201523077490302516e-01 8.209816490406152134e-01 8.206954836299873435e-01 8.205238520958488824e-01 8.154323095872147986e-01 8.195012537769345018e-01 8.158497799913728699e-01 8.182338140509419766e-01 8.146747468394912595e-01 8.172481442310710609e-01
3.364465974500317324e-03 1.805947965178187342e-01 3.667156463615690032e-01 5.220863440242664577e-01 4.299214503644566698e-01 5.301931124526685357e-01 7.616902901902669054e-01 7.451272389928964568e-01 8.131068970371638782e-01 7.318637377650462073e-01 1.000000000000000000e+00 8.601226564189906609e-01 7.608562625964779835e-01 8.051433738124110784e-01 8.657181480919188266e-01 8.528212247555554404e-01 7.820570538620961187e-01 6.971348537722140692e-01 7.415708366432407495e-01 7.000850898308237369e-01 6.917600454481052097e-01 7.837283585044449996e-01 7.413720814567228423e-01 7.046311404588166960e-01 7.311927651632256220e-01 8.475456902010919391e-01 8.351578294816524028e-01 8.299616390358308671e-01 7.595825211573139502e-01 8.287910730088533517e-01 8.762377581770403046e-01 8.619337084142048022e-01 8.289672813130881668e-01 8.445640151406683671e-01 8.382894397879969706e-01 8.378462437853557709e-01 8.639386519195939584e-01 8.577344601711506256e-01 8.790645659657315703e-01 8.341613325346981522e-01 8.788724896004471709e-01 8.727379507023487193e-01 8.640981089182830921e-01 8.864822578863087443e-01 8.764802962847187962e-01 8.802375547002794232e-01 8.800745950911414983e-01 8.870720456433183188e-01 8.786293417568789010e-01 8.472968879883135962e-01 8.731024200451728001e-01 8.358460639978425588e-01 8.735272735517092269e-01 8.795783398248641083e-01 8.821239022588555079e-01 8.765463672561584207e-01 8.688614390864100034e-01 8.830262281286778148e-01 8.819892341079849096e-01 8.831888517820897233e-01 8.823700000133016808e-01 8.879770742775117132e-01 8.758243850090264848e-01 8.838011955839004674e-01 8.895247658720130124e-01 8.767297684903451183e-01 8.874398907201598297e-01 8.899543051742105915e-01 8.851184809958374533e-01 8.818112494970916648e-01 8.843530166385163982e-01 8.900603152271860941e-01 8.687578138657428006e-01 8.792954591751419580e-01 8.915949414799705375e-01 8.896236487119522085e-01 8.774712539040089299e-01 8.640964421075139068e-01 8.868704218172761555e-01 8.830585927949167191e-01 8.857045716302549554e-01 8.944316477115135111e-01 8.922620546691226728e-01 8.864016976621187371e-01 8.864782315310141270e-01 8.823459080222250117e-01 8.875065913085908864e-01 8.914789187967262496e-01 8.928435508027090517e-01 8.893515249825085789e-01 8.892149879712765159e-01 8.938239114392994011e-01 8.968914086044059708e-01 8.964094035406974248e-01 8.907844185453458463e-01 8.908569946199665912e-01 8.813675240154532631e-01 8.816383691460819572e-01 8.907579275971992949e-01 8.910972569994337622e-01 8.904674897251803056e-01 8.891836057109727687e-01 8.890932941526288324e-01 8.920423102351218159e-01 8.855136528555099806e-01 8.780677720641111295e-01 8.906762794482779855e-01 8.900618874729738783e-01 8.931301959196044082e-01 8.908035707151272797e-01 8.882235261500175394e-01 8.906040057780488794e-01 8.923645259374018979e-01 8.920556429946796539e-01 8.940631534285767845e-01 8.867659642144144483e-01
4.594242789700740681e-03 1.459189429040851638e-01 3.763039315759075243e-01 6.133787940721771026e-01 4.661464492724738395e-01 5.520107845271151614e-01 7.936935490226987300e-01 7.822957030072212881e-01 8.269993412355598483e-01 7.638071172377330909e-01 8.601226564189906609e-01 1.000000000000000000e+00 8.040375532143140269e-01 8.419236747745468818e-01 9.067399462357219608e-01 9.010509929221958147e-01 7.947454013188741673e-01 6.756388244590344483e-01 7.152957638509849225e-01 7.168222153669160379e-01 7.274782643878853206e-01 7.803952090082703075e-01 7.226745833605503488e-01 6.912036934231180485e-01 7.165069336050092774e-01 8.628020200226623748e-01 8.671301674003791815e-01 8.501266960641383763e-01 7.850501003189878091e-01 8.367353392625439534e-01 8.872899121067040484e-01 8.816948766870713605e-01 8.460027336717708124e-01 8.755870754780969989e-01 8.523443344185501758e-01 8.772494788843047120e-01 8.931045955800983593e-01 8.886375251078934001e-01 9.105026950507172367e-01 8.652703388719782396e-01 9.201289471698904654e-01 9.130819643902270411e-01 9.057592141766974692e-01 9.294836073098863283e-01 9.163517354290107164e-01 9.169155953535298442e-01 9.269554760300877660e-01 9.346266897274294605e-01 9.273931910577221105e-01 8.945516371925232857e-01 9.161077329419969884e-01 8.863911536134015945e-01 9.223460669113446864e-01 9.218104356423697521e-01 9.180751974883709643e-01 9.109839532003319862e-01 9.183456225831343467e-01 9.284117310983882598e-01 9.276432970985197812e-01 9.335030668266890430e-01 9.312334935051465035e-01 9.333990374637535226e-01 9.216488276057342999e-01 9.277917147926664221e-01 9.263395177513757961e-01 9.317220125683584042e-01 9.276785797385213028e-01 9.166317911184671541e-01 9.138582297216854000e-01 9.274228217277568076e-01 9.177274026220875180e-01 9.151678023122733485e-01 8.937877972747688693e-01 9.028134475105816792e-01 9.270219130541239583e-01 9.240642861400094610e-01 9.115644877986370798e-01 8.990752794758229971e-01 9.220456384325249610e-01 9.147829845610920829e-01 9.219347051932227366e-01 9.275288591510241210e-01 9.253736974655126790e-01 9.194510690493641336e-01 9.256984632566448434e-01 9.217212958858816974e-01 9.280528605580788959e-01 9.309128555231761526e-01 9.309349577006412746e-01 9.235817451421934887e-01 9.250803845849011608e-01 9.346147142374914285e-01 9.370476509712095670e-01 9.382046651546925853e-01 9.388692760399596215e-01 9.366669326246044314e-01 9.268763142683356104e-01 9.327367377341653221e-01 9.377975666619298156e-01 9.321895776109483389e-01 9.351126531257476504e-01 9.355794933639273170e-01 9.399187045186916389e-01 9.410508286932138811e-01 9.320822648027553559e-01 9.266601911849451367e-01 9.375840502707856183e-01 9.322280908389821708e-01 9.306101474803952778e-01 9.339899288108214348e-01 9.311193949012128712e-01 9.381926050019964158e-01 9.393611263275520873e-01 9.379507022387173487e-01 9.321829079965081588e-01 9.376024127329020130e-01
1.788761455768271905e-02 1.509377529171696819e-01 3.357975317854113850e-01 5.203585926793117267e-01 4.775253679280910268e-01 5.075728185068855147e-01 7.270346816836317227e-01 7.177739942635430470e-01 7.407283379059957928e-01 6.956236475893396998e-01 7.608562625964779835e-01 8.040375532143140269e-01 1.000000000000000000e+00 7.470600549167210058e-01 8.211687885866219005e-01 8.237311751079055000e-01 7.085041282727786438e-01 6.190977659407476130e-01 6.533673249464674315e-01 6.427408687167227574e-01 6.393576139776103728e-01 7.009663682415732122e-01 6.502969362256029173e-01 6.243762818098471667e-01 6.458097069535512214e-01 7.877587726511640076e-01 7.836321767423717333e-01 7.727083957434885964e-01 7.022369183196135456e-01 7.603502862618093383e-01 8.068712434290153945e-01 7.960775432366203885e-01 7.621610672843663892e-01 7.742650369298760271e-01 7.705089682364876236e-01 7.829181600017347531e-01 8.042507212590725985e-01 7.981456123894139498e-01 8.185979382604285925e-01 7.805890709124053695e-01 8.239296991185282026e-01 8.191453146012517283e-01 8.129486266128608252e-01 8.318125499620558916e-01 8.193435225324898763e-01 8.294782168198301386e-01 8.332616014331393206e-01 8.364721424001457795e-01 8.264827334420342675e-01 7.862068733475608973e-01 8.158684480332036859e-01 7.836430446532356431e-01 8.191427568723044228e-01 8.275117563500942186e-01 8.189034196882675198e-01 8.163504943203975239e-01 8.153080168863811039e-01 8.322557119980050766e-01 8.305735081898406591e-01 8.362028152229835642e-01 8.286647161898765823e-01 8.349781095049780832e-01 8.216256800323746834e-01 8.307247568445986774e-01 8.228058508668072424e-01 8.270325007164435194e-01 8.329237216334560712e-01 8.232664703610197421e-01 8.216408533913026613e-01 8.271937520687939749e-01 8.175858450628713525e-01 8.226394800604601709e-01 8.033148465008979056e-01 8.136012532719977264e-01 8.364612588910920188e-01 8.320737189067228812e-01 8.200721633843137681e-01 8.064565689989167119e-01 8.289578805719651777e-01 8.247888971398320557e-01 8.256170364958640429e-01 8.381031605629430947e-01 8.276821387860907597e-01 8.258994408961927158e-01 8.265721917955726195e-01 8.238115948979533032e-01 8.335529211429508756e-01 8.352571916789690576e-01 8.377489049884652150e-01 8.286647879749532430e-01 8.322658863183531874e-01 8.391193876094293902e-01 8.405499639678082335e-01 8.423488338984508328e-01 8.394918385484608780e-01 8.385885618438910782e-01 8.285948921221585328e-01 8.232695129403527767e-01 8.370868610218663575e-01 8.325105525600404732e-01 8.378863370897721152e-01 8.363199764775355316e-01 8.339312418119090298e-01 8.410918820746344782e-01 8.326072294449319289e-01 8.256996690273208372e-01 8.365101425946582792e-01 8.365934092386874132e-01 8.343138132236954663e-01 8.360788947083432898e-01 8.345481567659337463e-01 8.401068024139733970e-01 8.398378529572463336e-01 8.374664114439553941e-01 8.320059013495795242e-01 8.344008666434246102e-01
