1.000000000000000000e+00 8.341321630448460256e-02 2.078567646519907108e-01 1.484235240763584138e-02 5.125632946038474747e-02 2.694504379425386939e-02 2.382012872835120778e-03 3.418500857345375954e-02 2.386864224384726285e-01 8.210483206734628392e-02 1.055932216865808487e-01 2.557439772944253634e-02 1.027296054185604032e-02 3.355997308799375800e-02 1.129085486837184439e-02 3.713537938127124682e-02 2.119707569244857759e-01 3.160961730811005510e-01 2.329602803187691695e-01 2.559888763640220111e-01 2.080321193463498253e-01 1.690123344499382951e-01 2.957581374855636214e-01 2.781089263098616149e-01 2.009520210916520000e-01 1.430272146401382893e-01 1.504156153531593654e-01 1.602073085384036200e-01 1.565526502461349334e-01 1.695124896333034814e-01 1.640034134994442228e-01 1.837894866477755573e-01 1.605364671401275922e-01 1.809991797517474243e-01 1.691849801318855984e-01 1.894225030200554216e-01 1.962429713357011773e-01 7.136463880080544386e-02 9.171544013841965992e-02 8.181150565522846141e-02 6.975615950899050066e-02 4.529022434627943267e-02 7.959705020952721755e-02 3.655100334564193726e-02 1.009947100998800501e-01 5.494814316938746029e-02 2.541555774439076959e-02 4.029867232091381701e-02 5.172663229480249647e-02 7.058163825250944601e-02 5.507838333919703316e-02 5.245911253144860953e-02 4.136920760126185093e-02 7.578860915619385630e-02 8.876166068343138704e-02 1.094750496106579596e-01 1.083694065955268515e-01 3.041801947460157085e-02 4.369524768741517295e-02 6.876983153130451776e-02 4.731531891828380521e-02 6.553241138353906037e-02 4.771273641118119191e-02 6.916826316530319541e-02 9.068190028671831160e-02 8.632968440420693557e-02 4.552929101778912385e-02 1.025551432658912965e-01 1.051351561274904978e-01 1.094352933551498847e-01 6.939291328750420151e-02 7.464211756100833095e-02 1.244912220014522258e-01 9.357711323434551864e-02 5.034092024757513134e-02 6.823302677690389062e-02 6.204560384331944678e-02 6.702093229503620908e-02 5.542438395076447477e-02 8.905746683160266353e-02 9.815061635908126081e-02 7.433599880923488779e-02 1.038888031861202460e-01 8.550889453089023651e-02 6.490381069039762030e-02 8.545429319386599332e-02 8.815728454110326184e-02 2.950072291940147862e-02 5.119663658859002070e-02 6.700922762264273358e-02 5.398696786299461703e-02 2.751359448039793210e-02 4.456194457384213270e-02 2.189668515338429391e-02 1.144682156783164914e-02 2.155825406552642348e-02 1.554528144846637795e-02 4.130618454115569937e-02 1.586933813303662011e-02 2.492599781114068422e-02 1.597206655888140647e-02 2.544687036146961803e-02 1.279719828341620465e-02 6.209073516033320091e-03 4.635968971789961035e-02 6.119264057804985057e-02 2.033571714488956184e-02 2.311097374186210293e-02 4.286481455838912769e-02 2.193405380989807071e-02 1.982600955616431460e-02 3.293434729447913129e-02 2.329304438246478093e-02 2.861215338414831166e-02 4.889750994358487562e-02 3.564561832902051614e-02
8.341321630448460256e-02 1.000000000000000000e+00 5.631353132356024110e-02 4.480474192401610878e-02 7.500822235701362639e-02 7.633691223638079670e-02 1.388937288035393958e-01 1.193762584008201122e-01 1.615906157157883938e-01 2.184347687459501086e-01 1.509116000399302882e-01 1.237975029433895924e-01 1.139566105542201002e-01 1.432605785818973632e-01 1.518184518211392886e-01 1.452424603589980989e-01 1.264133857442099884e-01 7.345234054145508007e-02 3.853637478241999509e-02 3.062870718507258727e-02 5.307298003038183644e-03 2.850587516591872317e-02 1.539735921267075258e-01 5.067612618927160723e-02 4.937198469579582444e-02 1.632800401540403512e-01 1.261253860680472960e-01 1.561598791104575890e-01 1.337678529543566697e-01 1.334778745041676207e-01 1.370425065413750643e-01 1.475003403071443453e-01 1.436101922079106308e-01 1.041653140206602463e-01 1.405006128573936808e-01 1.377590116254206742e-01 1.396396604444930245e-01 1.618967086341494832e-01 1.538801231110508705e-01 1.494694659026410688e-01 1.542032279554614027e-01 1.540732286998186262e-01 1.413153388463287974e-01 1.531721720845155288e-01 1.427797268886377424e-01 1.545963246768714827e-01 1.532793450595945628e-01 1.634831570000841727e-01 1.460059720023016705e-01 1.141869357437828580e-01 1.403580110411181137e-01 9.331418542905223212e-02 1.384229653779511515e-01 1.757362240561143873e-01 1.683739965350007917e-01 1.899323934378462642e-01 1.505664621950423276e-01 1.473689837083566601e-01 1.435186585939603188e-01 1.603885853213181945e-01 1.398371640769415503e-01 1.584336199935407752e-01 1.521121826831815238e-01 1.633477320114358755e-01 1.377860205065131183e-01 1.592330562031645247e-01 1.570605883036546302e-01 1.346165180717853183e-01 1.608627119451072063e-01 1.144781954534705715e-01 9.764736967939637025e-02 1.310420346726220986e-01 1.218379058710622465e-01 1.121566692470445104e-01 1.551845679396213484e-01 1.581422481827331472e-01 1.655040563340278437e-01 1.549349220681227324e-01 1.515375502366541338e-01 1.598207434997805931e-01 1.565310269143359301e-01 1.515725775819596610e-01 1.744388861740676366e-01 1.606313129037695298e-01 1.451682019387028899e-01 1.354832433405110115e-01 1.552551581967248628e-01 1.633951194485600833e-01 1.602342198507664961e-01 1.826766901119435682e-01 1.647510941812204421e-01 1.615085217817343044e-01 1.477672670511706865e-01 1.576316204729015791e-01 1.505523607925676466e-01 1.609329706095146140e-01 1.373136258389736353e-01 1.309385171979586260e-01 1.435498548568948929e-01 1.449894949094826524e-01 1.489383626427729090e-01 1.554629630621313374e-01 1.422356457949098540e-01 1.496160050542928999e-01 1.427848798696761401e-01 1.672467898561709743e-01 1.558781930776485802e-01 1.645716122344864085e-01 1.697676966478879057e-01 1.507931178422914353e-01 1.541384203212705917e-01 1.577848485102245069e-01 1.535298775542707495e-01 1.536207788189602186e-01 1.444131122146078139e-01 1.570396984678559260e-01
2.078567646519907108e-01 5.631353132356024110e-02 1.000000000000000000e+00 3.670931840630889398e-01 2.086232934120958726e-01 2.095669420939420824e-01 2.653849535388856373e-01 3.195497040445107739e-01 4.326427892418744925e-01 2.759747684937352008e-01 4.749614814507718830e-01 3.924332152073606861e-01 2.957084921477674544e-01 3.160108589348351593e-01 3.393377140621240962e-01 3.491533963641975657e-01 4.428504408529257419e-01 5.019007025217120388e-01 5.351615758713202942e-01 4.321092641516180444e-01 4.992597834734413542e-01 5.196471369016241182e-01 4.991582655767837218e-01 5.434203186185236900e-01 5.402150966257077691e-01 4.779417429668096351e-01 5.005114985222038904e-01 4.911898704189694431e-01 4.519547716713907537e-01 5.064416721311743030e-01 5.223556517642501396e-01 4.539167670478793104e-01 4.543259479499893727e-01 5.081638357800801753e-01 4.551241232052031793e-01 5.285296557863418121e-01 5.221812001801221514e-01 3.757147682313578541e-01 4.446164251616941399e-01 4.249685787340285459e-01 4.095190734022377543e-01 3.913496657370028609e-01 4.308575513147567260e-01 3.888960809554120601e-01 4.711391314204843028e-01 4.062602490127936172e-01 3.509177613102104631e-01 3.477543378247363037e-01 3.359712910455108781e-01 3.945746148357497374e-01 3.894674526763366451e-01 4.271854173470873151e-01 3.783068364122700866e-01 3.590864280776846496e-01 3.696320828958083449e-01 4.117888361495813387e-01 3.966036701125447150e-01 3.679624652906665072e-01 3.462264491425280366e-01 3.757700152672594496e-01 3.849363559389946676e-01 3.641918518638748159e-01 3.552207041232109952e-01 3.781620772146496168e-01 4.284086865101084385e-01 4.042905862883294787e-01 3.622593792355368603e-01 4.351552629433422248e-01 4.173113265349120971e-01 4.332659201337462629e-01 4.473761299341779130e-01 4.390554632681964997e-01 4.572602269976362432e-01 4.712273142876813870e-01 4.026755923883232335e-01 4.072521278521196719e-01 3.880611411340107453e-01 3.982366804046019171e-01 4.026860055198248078e-01 4.187642320426728237e-01 4.318395151383437880e-01 4.300926196922709721e-01 4.093767530153003542e-01 3.917904070424195750e-01 3.938694218248813272e-01 4.351713810710473029e-01 4.391743257852205318e-01 3.549346253152299568e-01 3.938478079912330343e-01 3.889323623486158343e-01 3.954033874668720916e-01 3.678435782198725690e-01 3.972142692665521224e-01 3.680168428717880413e-01 3.440636941091095857e-01 3.432580834269741143e-01 3.615684229991217302e-01 3.755933254854056380e-01 3.612966670038808004e-01 3.620963774445375982e-01 3.732920721152867549e-01 3.530005468017644032e-01 3.604501984795349667e-01 3.513432133014274816e-01 3.992448040831510503e-01 3.771223351084305175e-01 3.433425061541109380e-01 3.465493436261485871e-01 3.655132581754275689e-01 3.566484354387635669e-01 3.483372293223851446e-01 3.559520222138267687e-01 3.444759988850558119e-01 3.598257850956967374e-01 3.844850682376574902e-01 3.646677457715841175e-01
1.484235240763584138e-02 4.480474192401610878e-02 3.670931840630889398e-01 1.000000000000000000e+00 3.265921940229796205e-01 3.661328410190888283e-01 5.517230447788479264e-01 4.793896254591258344e-01 4.363511599327293267e-01 4.184720764700671780e-01 5.520187961906339869e-01 6.405004748903345702e-01 4.909486995000344467e-01 4.523486136666089452e-01 5.632743820701261450e-01 5.442481727137488123e-01 4.849471334901759856e-01 2.726868731131422696e-01 4.285156198313686549e-01 2.953237905068306635e-01 4.081331938652499325e-01 5.159939984090397003e-01 3.536704131200935630e-01 3.682607369922361595e-01 4.452324008811017197e-01 5.452437826653662167e-01 5.437010292435192627e-01 5.006882846472363591e-01 4.430690588267446883e-01 4.588714236392198997e-01 5.215829532256823775e-01 4.741553816270488442e-01 4.456732642260554655e-01 4.952636983487026523e-01 4.319416338854135673e-01 5.180365493170192570e-01 4.817893947096462681e-01 5.027116021114980127e-01 5.412201295628880082e-01 5.618419278370758718e-01 5.689267919991650713e-01 5.615259283881819385e-01 5.352777260022002492e-01 5.780692833379086348e-01 5.732671547670047385e-01 5.306763580626973065e-01 5.386309638617745588e-01 5.236700717256558280e-01 5.027259947415024799e-01 5.213061392237817726e-01 5.477371051910587818e-01 6.007150393737474836e-01 5.617500590840022179e-01 4.834633361522550632e-01 4.771410512703185280e-01 5.053270792243964582e-01 4.993751584493654194e-01 5.339382688337980243e-01 5.068318213463657296e-01 5.228445051312325953e-01 5.434159592360167101e-01 4.982666699651965292e-01 5.040829224184896207e-01 5.160202677216234601e-01 5.577639576862521986e-01 5.288728371767397185e-01 5.343947028743634142e-01 5.227968815718487816e-01 5.227552363302635507e-01 5.085115587980353347e-01 5.760427654157613819e-01 5.625781290385363231e-01 5.159832848155274654e-01 5.520753812781926673e-01 5.690090890699263104e-01 5.441208429840871386e-01 5.403304193049929260e-01 5.276832063353161795e-01 5.416663702154966842e-01 5.134646608747300833e-01 5.209468420969500801e-01 5.507726164719990436e-01 5.232904212339828387e-01 4.945763684293475460e-01 5.154099288093707543e-01 5.380164339002804219e-01 5.401465166744838786e-01 5.382940214889438968e-01 5.410492290179975683e-01 5.344439698766436653e-01 5.537842838339153140e-01 5.499216342087579479e-01 5.600409958010267308e-01 5.501689442750431480e-01 5.331181356744304489e-01 5.305753177783271157e-01 5.502112925693833922e-01 5.430639801543358791e-01 5.389398318106514152e-01 5.442389335338506662e-01 5.492138726865720688e-01 5.307656661863305869e-01 5.596492550346263695e-01 5.527038326493207698e-01 5.572836667672368405e-01 5.206271746110778809e-01 5.295715813807326811e-01 5.279480667661439197e-01 5.248868663101277088e-01 5.419396836961797304e-01 5.312865802041795149e-01 5.304528417241685112e-01 5.229311702990391275e-01 5.332622962791968568e-01 5.539813716560187951e-01 5.347253191860922295e-01
5.125632946038474747e-02 7.500822235701362639e-02 2.086232934120958726e-01 3.265921940229796205e-01 1.000000000000000000e+00 2.625054719597476605e-01 4.407480688520168943e-01 4.189526868656686109e-01 3.821952576676369562e-01 3.686492038148548867e-01 4.221494139022355374e-01 4.586137608036839342e-01 4.296224289638501670e-01 3.836399119317498441e-01 4.829555892249483562e-01 4.740106545353053313e-01 3.808613661233672398e-01 2.896346935459534477e-01 3.493405297069231419e-01 2.645796247077450425e-01 2.987401821073887853e-01 3.579072457117388750e-01 2.943040537838794712e-01 3.152848339019563850e-01 3.392420777123260622e-01 4.217985552796795767e-01 4.213399531832269229e-01 4.140938217538115418e-01 3.598927785583596606e-01 3.795789375344836847e-01 4.081883440386755990e-01 4.104256036043162914e-01 3.812074726561467952e-01 3.984752517199497412e-01 3.786527521279537400e-01 4.012187417651466581e-01 3.962028077516203117e-01 4.320203192928571689e-01 4.447880742408318877e-01 4.355719367584323098e-01 4.687499165752277985e-01 4.629641768328915385e-01 4.422653507121594996e-01 4.682939500889981566e-01 4.521116865231915027e-01 4.516506677015887927e-01 4.625708657767536591e-01 4.592660142203486839e-01 4.520290561175840938e-01 4.420310955227983452e-01 4.582050506770689036e-01 4.505932901244860123e-01 4.633030197250592175e-01 4.420383707266865025e-01 4.353960837165137820e-01 4.314977119428570762e-01 4.456370897540969378e-01 4.556507448979281172e-01 4.497421403775561100e-01 4.550092049917043302e-01 4.627613746996934729e-01 4.451239281796127156e-01 4.437357246715233350e-01 4.492946526479227320e-01 4.586986972918116190e-01 4.522267166110705561e-01 4.627927160947932772e-01 4.554107909657758024e-01 4.488805183893392892e-01 4.379502938421023228e-01 4.473080600393835593e-01 4.610954888875374302e-01 4.427346031962391959e-01 4.464681237982298101e-01 4.601661458302870877e-01 4.497103254693425867e-01 4.511687823473804482e-01 4.381003014131927276e-01 4.556206039865933199e-01 4.337768815840163383e-01 4.402474948509112473e-01 4.548841294029428162e-01 4.467206393095204953e-01 4.290198793772817543e-01 4.464291435490410631e-01 4.531845302599148417e-01 4.518690811319384659e-01 4.538130209416042504e-01 4.548382839980698034e-01 4.463547577628285690e-01 4.545474673847838543e-01 4.622761384606414725e-01 4.626034311626879836e-01 4.608071141762365985e-01 4.582343858716200202e-01 4.585743531720127275e-01 4.594253643264572529e-01 4.562098495819978394e-01 4.635285505738712120e-01 4.580748109915142585e-01 4.591508632385837285e-01 4.539273251914546226e-01 4.622226850119202091e-01 4.655475555934098786e-01 4.653042670468819919e-01 4.487322399827189390e-01 4.564246199860442221e-01 4.577299359496173059e-01 4.529973772608266724e-01 4.600735131425515156e-01 4.543228963114955277e-01 4.601089034267016320e-01 4.523538803075665138e-01 4.557533409875610397e-01 4.630692641618839311e-01 4.563081560011749693e-01
2.694504379425386939e-02 7.633691223638079670e-02 2.095669420939420824e-01 3.661328410190888283e-01 2.625054719597476605e-01 1.000000000000000000e+00 4.903126884751707326e-01 4.391960202598485519e-01 4.522534770052983322e-01 4.612149537961126033e-01 4.991552276765060525e-01 5.469551257911353659e-01 4.404100707085543687e-01 4.766883815980736405e-01 5.538536374981888333e-01 5.333160352233943247e-01 4.597805056498899257e-01 2.868081558383273055e-01 4.007290829582237923e-01 2.524976566456499927e-01 3.206145678433754975e-01 4.247201362851839024e-01 3.524476008421211781e-01 3.497437459214471356e-01 4.011219760535940093e-01 4.969586372393051676e-01 5.165364471956389592e-01 5.159662792954601285e-01 4.708545540376424809e-01 4.652801252809570243e-01 5.067392498326313000e-01 4.730173099899090405e-01 4.778144147203523540e-01 4.786224794751737233e-01 4.743213266209310164e-01 4.895364805590947666e-01 4.936372870178776240e-01 5.333355277268345684e-01 5.436906436587236602e-01 5.307960361458460286e-01 5.604575548685107877e-01 5.662982290643324701e-01 5.345837550428240714e-01 5.689340246250045308e-01 5.524771066142819542e-01 5.543750211487799007e-01 5.578088884391396718e-01 5.610172838308621346e-01 5.426966265673692780e-01 5.106226130972999488e-01 5.464675421928796295e-01 5.259936871555235260e-01 5.509468540582879159e-01 5.349788044935388509e-01 5.206343142108925681e-01 5.201740729635283556e-01 5.235205133115823362e-01 5.558095641169432666e-01 5.446759151062703364e-01 5.513799136675394674e-01 5.519897539639841977e-01 5.437568080201478082e-01 5.397117439196983391e-01 5.443917572325368548e-01 5.504581127402219387e-01 5.449355060592900868e-01 5.621307488836956301e-01 5.413045212564171482e-01 5.403524808083935982e-01 5.120980561560894984e-01 5.411638700007161962e-01 5.579595646638829676e-01 5.271096929529641706e-01 5.400446367382442103e-01 5.651254944412495984e-01 5.637148260967878022e-01 5.662592501095610187e-01 5.582634928862686419e-01 5.630362196448428502e-01 5.465692995809573462e-01 5.538156695254882189e-01 5.627928581958144827e-01 5.429507435228770884e-01 5.425689253467103068e-01 5.366347091033801808e-01 5.499780943729105642e-01 5.548307012544809735e-01 5.595816381813448759e-01 5.598881319792197164e-01 5.489598391252785703e-01 5.629433060277916345e-01 5.695854376173841160e-01 5.667023375331505797e-01 5.698809487426769183e-01 5.640912374379450922e-01 5.617283374812415131e-01 5.489993687505251296e-01 5.437855069297099497e-01 5.573394790299417423e-01 5.593694779627496061e-01 5.610831133122852199e-01 5.531940332315621323e-01 5.636474865569615078e-01 5.691032871520456116e-01 5.599758513258582537e-01 5.449396210561705534e-01 5.600458304995894476e-01 5.592546806798994741e-01 5.528573089205622848e-01 5.625975023126683627e-01 5.583746349857943159e-01 5.589604350745800421e-01 5.555856027511660855e-01 5.560640752342321802e-01 5.646253041415955076e-01 5.564146099051532346e-01
2.382012872835120778e-03 1.388937288035393958e-01 2.653849535388856373e-01 5.517230447788479264e-01 4.407480688520168943e-01 4.903126884751707326e-01 1.000000000000000000e+00 6.785899002310319394e-01 6.111107870635285044e-01 6.278372109578301830e-01 6.730932807459432121e-01 7.575470329805730207e-01 6.696691858184209423e-01 6.399441692905478707e-01 8.247362402742083320e-01 7.736911596406893521e-01 6.290415650004352877e-01 3.698520359208361530e-01 4.698358016595192699e-01 3.596886591491793017e-01 3.821678566866654747e-01 5.226221449055563628e-01 4.495838399511365990e-01 4.292014375959403716e-01 4.599834039302915234e-01 6.661324320966315327e-01 6.680630416526972537e-01 6.624168829202768949e-01 5.747012677702506567e-01 5.709136040258634415e-01 6.304296979641196286e-01 6.780856291357254539e-01 6.188500814129088701e-01 6.434914447006812033e-01 6.095738290180680030e-01 6.275779387992437286e-01 6.140321946273986642e-01 7.337114003787745808e-01 7.312853673453671988e-01 7.247079804354314980e-01 7.678897431146493036e-01 7.668073510555081240e-01 7.172474342043028139e-01 7.718480854374221156e-01 7.337967999715774292e-01 7.320071262844480842e-01 7.693031935739154115e-01 7.644402072840078555e-01 7.500592970569285312e-01 7.251192657932119534e-01 7.592778809444921118e-01 7.318342985330212880e-01 7.639727580001574037e-01 7.294798499483676757e-01 7.049236331359819419e-01 7.029300343422365538e-01 7.157228019782012618e-01 7.490893488849581505e-01 7.409723998543509271e-01 7.531166231595533000e-01 7.535557829113911366e-01 7.338465531627785809e-01 7.317263264781252996e-01 7.470429511480803919e-01 7.454475730156272517e-01 7.391673738579590536e-01 7.717714677640967746e-01 7.324444385012083281e-01 7.451409774763578797e-01 6.976356881689121936e-01 7.145130582419377818e-01 7.395397359824078531e-01 7.083288394372880825e-01 7.000341080785270620e-01 7.670330136623544348e-01 7.568018765855580865e-01 7.588908057525424189e-01 7.359258036989803076e-01 7.457879860601475119e-01 7.121846005077023811e-01 7.212493001389121972e-01 7.406061724568329119e-01 7.379190956472077012e-01 7.247000998671727645e-01 7.535273686025432127e-01 7.450610742988147406e-01 7.362027925721007504e-01 7.763902341904729276e-01 7.617852622752296909e-01 7.460121294348012189e-01 7.668770861651719173e-01 7.751237981685031864e-01 7.666309484619573400e-01 7.725601892066448206e-01 7.684703195631680250e-01 7.705377811506521901e-01 7.630099796816569580e-01 7.549303662257444980e-01 7.628807212250018344e-01 7.694682222033804031e-01 7.619980213435637584e-01 7.608056722330865940e-01 7.728044713055692849e-01 7.758490795157826359e-01 7.628645652418372114e-01 7.456158652233586537e-01 7.707853849472161567e-01 7.639794022639513349e-01 7.546660909852751509e-01 7.685775910141821043e-01 7.606806828058640946e-01 7.652288564559532880e-01 7.560117931800457436e-01 7.640493476739607104e-01 7.654526665729377566e-01 7.611985207828416700e-01
3.418500857345375954e-02 1.193762584008201122e-01 3.195497040445107739e-01 4.793896254591258344e-01 4.189526868656686109e-01 4.391960202598485519e-01 6.785899002310319394e-01 1.000000000000000000e+00 6.204210401607447301e-01 6.182187840239540266e-01 6.911717082017891922e-01 7.156112167919415068e-01 6.484593744158700934e-01 6.176856193150735974e-01 7.592626625365985760e-01 7.678986797120661567e-01 6.245866855464702327e-01 4.935428269214365282e-01 5.287701410880968345e-01 4.497493888556760577e-01 4.807245654558267023e-01 5.636774529228584241e-01 5.397306987985844851e-01 5.365717352440554366e-01 5.380127091003767958e-01 6.890571219227582533e-01 6.789182977013645814e-01 6.713380127176041823e-01 5.999673985372032670e-01 6.096349789314864376e-01 6.423325114979887562e-01 7.060888731352324976e-01 6.466282893629521356e-01 6.815543840060629410e-01 6.418345675188806831e-01 6.515701902147460478e-01 6.483632566161751098e-01 7.393952409651335378e-01 7.209108502413869024e-01 7.077996288065192543e-01 7.459874635243675112e-01 7.533130653717841074e-01 7.214492883301727444e-01 7.462262440595940349e-01 7.274173353429324029e-01 7.186883499825134081e-01 7.499296923957635697e-01 7.444519067105277443e-01 7.411591221807135588e-01 7.337131804029497495e-01 7.509918164662875428e-01 7.164984088378593130e-01 7.475664937111987651e-01 7.346876126423647069e-01 7.249071719620753251e-01 7.171396039455442128e-01 7.303740534174897325e-01 7.475029643437222093e-01 7.385222665863487856e-01 7.455519578843655681e-01 7.455808902458620491e-01 7.376746748670125475e-01 7.349743601284656203e-01 7.425213570508635286e-01 7.335920748717338347e-01 7.452311769066625180e-01 7.475900460494676603e-01 7.439368703288009588e-01 7.511612955443803807e-01 7.218380260314000152e-01 7.237937442071310512e-01 7.383478088908712600e-01 7.356146422673646157e-01 7.202671107351027446e-01 7.516167159025752831e-01 7.456804156136791484e-01 7.376063501305023529e-01 7.228769115954658542e-01 7.366208450588574985e-01 7.163842895848105963e-01 7.286896937241704730e-01 7.371397144605589258e-01 7.363676331642035056e-01 7.168103321002131656e-01 7.491777624535719271e-01 7.496050427903048208e-01 7.381788825664088449e-01 7.557627316570771914e-01 7.485735504522789130e-01 7.395899107714289933e-01 7.491834048953058822e-01 7.558298827334862802e-01 7.505573090155861493e-01 7.476840403398878898e-01 7.480037315719670898e-01 7.494693375915106870e-01 7.463149527474947087e-01 7.465212871509147030e-01 7.502608905444527743e-01 7.531302182277225254e-01 7.489578807766495983e-01 7.485519250991222728e-01 7.515717739460121560e-01 7.518448456018543835e-01 7.521490587528847360e-01 7.403537443604850665e-01 7.510796201713987319e-01 7.463614149272816967e-01 7.454115758659557445e-01 7.515936248908378081e-01 7.474969000121733931e-01 7.495730940658079655e-01 7.441314598736343822e-01 7.478844659471853840e-01 7.467784964886134969e-01 7.486556067109406687e-01
2.386864224384726285e-01 1.615906157157883938e-01 4.326427892418744925e-01 4.363511599327293267e-01 3.821952576676369562e-01 4.522534770052983322e-01 6.111107870635285044e-01 6.204210401607447301e-01 1.000000000000000000e+00 6.979294086203288172e-01 7.864121284834876269e-01 7.588530189933644365e-01 6.800903955358027497e-01 6.906091266231367820e-01 7.786555477857235452e-01 7.656116729886427441e-01 7.694026560942239801e-01 6.807241532730471389e-01 7.098563130461728043e-01 5.865678455963888593e-01 6.154141306555441782e-01 6.979057107734675247e-01 7.343796895787950696e-01 7.015605796978421349e-01 7.015509225470886179e-01 8.156016768076361778e-01 8.114730713261193440e-01 8.188259189057820464e-01 7.378541569918246612e-01 7.782855061103297611e-01 7.921129942673911239e-01 8.232000926119207307e-01 8.063463515521558378e-01 8.018664929390287854e-01 8.072809226139682215e-01 8.029659709330337902e-01 8.227849927421795329e-01 8.197096312514425831e-01 8.348179519684426619e-01 8.071443679531489224e-01 8.336870084742432629e-01 8.210096882903885618e-01 8.288329252310644435e-01 8.210637171171106807e-01 8.339631171925616648e-01 8.256047801561002819e-01 8.213538049403247276e-01 8.331502594550719287e-01 8.227755992786789374e-01 7.948845100122577945e-01 8.291413233624607138e-01 7.767118028116990480e-01 8.153317625081115683e-01 8.414057120582693061e-01 8.372396952296473627e-01 8.400983081848173439e-01 8.475798560463371212e-01 8.255376199174712104e-01 8.307013694973859330e-01 8.449749425534811564e-01 8.317663834547381896e-01 8.414736185426899828e-01 8.300688518244387915e-01 8.415344781329469059e-01 8.419292268096425502e-01 8.526620910221853755e-01 8.289962751310463451e-01 8.528593066493392882e-01 8.511938529618978677e-01 8.297853611691272668e-01 8.206797400589689317e-01 8.432002072003832449e-01 8.424632814884145393e-01 8.363743893321379241e-01 8.401178262216754122e-01 8.441343822284022025e-01 8.377923649398592021e-01 8.161958148712312733e-01 8.370980943373966809e-01 8.503919679173918000e-01 8.560005876176014494e-01 8.385628095370158963e-01 8.502055158814251223e-01 8.457841589068447741e-01 8.249245809870513479e-01 8.441384092811246020e-01 8.519462756791000846e-01 8.216351489967020916e-01 8.381592512788272886e-01 8.401268507157299004e-01 8.360141177099815746e-01 8.261151106842654634e-01 8.336554387663372978e-01 8.242679009556553860e-01 8.179752179989244754e-01 8.236564841085720623e-01 8.043986338947243242e-01 8.214812647821463365e-01 8.211634147530009198e-01 8.228289021118843083e-01 8.222551381670620829e-01 8.247364341142525701e-01 8.131418330335040690e-01 8.145006846401562361e-01 8.330194331624984905e-01 8.400629265671608614e-01 8.222211485926015362e-01 8.249930388768846878e-01 8.362747771850653766e-01 8.234262772132047159e-01 8.230075260183682406e-01 8.323046001187914822e-01 8.244860206191984009e-01 8.251003596914769922e-01 8.332066960943639300e-01 8.320485644723807361e-01
8.210483206734628392e-02 2.184347687459501086e-01 2.759747684937352008e-01 4.184720764700671780e-01 3.686492038148548867e-01 4.612149537961126033e-01 6.278372109578301830e-01 6.182187840239540266e-01 6.979294086203288172e-01 1.000000000000000000e+00 7.108814812047099529e-01 7.291456651823718937e-01 6.517008010907248128e-01 6.461480516778862482e-01 7.646532352469560534e-01 7.333674474137725774e-01 6.471000748028259419e-01 4.807709761515402969e-01 5.146541062509115694e-01 4.181751585490505185e-01 4.332522700111733904e-01 5.319546287676332197e-01 5.737295743401394921e-01 4.969283488242869917e-01 5.151361867095615166e-01 7.302044490504565610e-01 7.021088791169727283e-01 7.150802932135644774e-01 6.484787453080048669e-01 6.488821199143572915e-01 6.868506540674476080e-01 7.273568054929946403e-01 6.987272352355543559e-01 6.691548565361041812e-01 6.864656143975459424e-01 6.802885929829508571e-01 6.821673872394241611e-01 7.822283656046573608e-01 7.600099825284994948e-01 7.431546931370790476e-01 7.861316096545982735e-01 7.879352070461574931e-01 7.499840161995661170e-01 7.859677086484329056e-01 7.560497471707455786e-01 7.752222629495733042e-01 7.943789492253722218e-01 8.008400893504969975e-01 7.820327083441417360e-01 7.255886183438432502e-01 7.742168337710174653e-01 6.928659382019826118e-01 7.652546606659628159e-01 7.995490614997668999e-01 7.796931607862621627e-01 7.777850231059452168e-01 7.624928435488997902e-01 7.863217371666985089e-01 7.827854547646040384e-01 7.909800883522096759e-01 7.730184447356418520e-01 7.884369925727787720e-01 7.811136387729283870e-01 7.906519364376098924e-01 7.600380840431253393e-01 7.835245946766593583e-01 7.936501927051246019e-01 7.679008316683870738e-01 7.842057885794000427e-01 7.342222204441789524e-01 7.299355603911625856e-01 7.619747108319957496e-01 7.406517585134912984e-01 7.314068385492795699e-01 7.929963996178354124e-01 7.913866444518553589e-01 7.944822000242409699e-01 7.690845704212093681e-01 7.851953332413147413e-01 7.843223263768565046e-01 7.792250952392649754e-01 7.817447018350480725e-01 7.893567484623288388e-01 7.830303477288834690e-01 7.723915171538738855e-01 7.668303384716027571e-01 7.789478568901645472e-01 7.991015029978735251e-01 7.941836454617378083e-01 7.965413821028487495e-01 7.949725307092396775e-01 7.987407474657688411e-01 7.900112841033328781e-01 7.959945858652368589e-01 7.941868393147946126e-01 7.989417029721124219e-01 7.679259087537522177e-01 7.661911022001458571e-01 7.804677830886459500e-01 7.887220685868836512e-01 7.862060996984908678e-01 7.903144500505075998e-01 7.831704362411672227e-01 7.896857902543578112e-01 7.817501117905755192e-01 7.890484806777909865e-01 7.945816723193461772e-01 7.992456630333526491e-01 8.016697761313040793e-01 7.914425253791843584e-01 7.904097385911391660e-01 7.948366937162351098e-01 7.913869794146629610e-01 7.907805005235274409e-01 7.840722195725157162e-01 7.925645493480050208e-01
1.055932216865808487e-01 1.509116000399302882e-01 4.749614814507718830e-01 5.520187961906339869e-01 4.221494139022355374e-01 4.991552276765060525e-01 6.730932807459432121e-01 6.911717082017891922e-01 7.864121284834876269e-01 7.108814812047099529e-01 1.000000000000000000e+00 8.494289115660974554e-01 7.327039843211509140e-01 7.362366825384834002e-01 8.377530145253960780e-01 8.322069233660682741e-01 7.610632568249677821e-01 6.331509788763166613e-01 7.042067897290023026e-01 5.603018269257885597e-01 6.234977485571000511e-01 7.293752183479171869e-01 6.975089926825787101e-01 6.815833632621165483e-01 7.124666905290163443e-01 8.468628535721165473e-01 8.601469512148408603e-01 8.431473375990640173e-01 7.651659808016924025e-01 8.022274817064053432e-01 8.438490357652536078e-01 8.359567718919879153e-01 8.024976372349030829e-01 8.223065867347003621e-01 8.019061863774500365e-01 8.293310008975878223e-01 8.395191494541716093e-01 8.485650833789255554e-01 8.768418851374629730e-01 8.476563160969807775e-01 8.832082406039736266e-01 8.756493510890690501e-01 8.676255694816701336e-01 8.819122091201314628e-01 8.862431163002070234e-01 8.722097203315670733e-01 8.718343935177811366e-01 8.707593722425014393e-01 8.576983296331326390e-01 8.375928959079060876e-01 8.720828767340345067e-01 8.397670507582931654e-01 8.688656850912142016e-01 8.668723782307946601e-01 8.538138494111694454e-01 8.578974746762197956e-01 8.616352039956755027e-01 8.736510783536635127e-01 8.615188044519115351e-01 8.794244823270253031e-01 8.795830698699406147e-01 8.726296128843695765e-01 8.624932577477792961e-01 8.759070642076823843e-01 8.802023708745581043e-01 8.876670936559474256e-01 8.772032172453523291e-01 8.847930885700679982e-01 8.845760197995746754e-01 8.584016337910326255e-01 8.707434485415559422e-01 8.887109546982143726e-01 8.710099872835894708e-01 8.774625795334292100e-01 8.944875175642688081e-01 8.960280568322414041e-01 8.851948131391268459e-01 8.685760087411646957e-01 8.884305795602254197e-01 8.878419641265298257e-01 8.932255932133534859e-01 8.989919107483391736e-01 8.794637802241255242e-01 8.709599439951057898e-01 8.686595540335917409e-01 8.869581376198264477e-01 8.971683538632271304e-01 8.718567547463683676e-01 8.869112690194755899e-01 8.786948195194141942e-01 8.892579920512266867e-01 8.827284147216449828e-01 8.906015824009803072e-01 8.816965885438056150e-01 8.738067044562604080e-01 8.740958065149107004e-01 8.620022207188764440e-01 8.676304257733197245e-01 8.761371147549854577e-01 8.769610116196253635e-01 8.783260041490507097e-01 8.719325087733628132e-01 8.742843321777395982e-01 8.747291103300620652e-01 8.854783940902463124e-01 8.760582954119267018e-01 8.726469643411048915e-01 8.737417792884552004e-01 8.782427866540025718e-01 8.779840577304635074e-01 8.735518380126199300e-01 8.782908221254567271e-01 8.710402637459476738e-01 8.745329831843688950e-01 8.820078362032194308e-01 8.796451994532433760e-01
2.557439772944253634e-02 1.237975029433895924e-01 3.924332152073606861e-01 6.405004748903345702e-01 4.586137608036839342e-01 5.469551257911353659e-01 7.575470329805730207e-01 7.156112167919415068e-01 7.588530189933644365e-01 7.291456651823718937e-01 8.494289115660974554e-01 1.000000000000000000e+00 7.875176569798871817e-01 7.705339974562437355e-01 8.949963339983126875e-01 8.785924346799662832e-01 7.629370905591638108e-01 5.154188234658406698e-01 6.632950920529395722e-01 4.846266449316092850e-01 5.808028917618537346e-01 7.254489009694924384e-01 6.143450481901561178e-01 6.013316392127348031e-01 6.720363567421859807e-01 8.450849020015032131e-01 8.479975950423273012e-01 8.257874710660225714e-01 7.347235531627726024e-01 7.601039158399484075e-01 8.048236983182068816e-01 8.084414699896730339e-01 7.871684909520226814e-01 7.984710739260293400e-01 7.737620141207897095e-01 8.014047719921688628e-01 7.904339816927417051e-01 8.794766229515409428e-01 8.870302297738967834e-01 8.823522984650503664e-01 9.188982555118430096e-01 9.193405374683016884e-01 8.902453979435058784e-01 9.283600382291465891e-01 9.038927991988164878e-01 8.948115722537358652e-01 9.188890074150345422e-01 9.110131840428469241e-01 8.949191296047069866e-01 8.753659914658916685e-01 9.151637965171257605e-01 8.987391320870274924e-01 9.212062359756609808e-01 8.823492988213688104e-01 8.659127982686344316e-01 8.716939054812272714e-01 8.804295608804360018e-01 9.153193075379499888e-01 9.013549667014558731e-01 9.104326367384345531e-01 9.206456043189391591e-01 8.981809217072097562e-01 8.971134302388422688e-01 9.045214473448678349e-01 9.078690790779844200e-01 9.085240150020988947e-01 9.156035989496273952e-01 8.933341545035128339e-01 8.895981585812433590e-01 8.591301627064845681e-01 9.069270445048249751e-01 9.159551727429843249e-01 8.694112770091055875e-01 8.913891018883995931e-01 9.299876614054666257e-01 9.182997180823257999e-01 9.147962822205490951e-01 8.923877085907117035e-01 9.120202076953478620e-01 8.865686977039136663e-01 8.901584176565254802e-01 9.083118557855810460e-01 8.943534238642918410e-01 8.807202779524297975e-01 8.886122176040923692e-01 9.024429599545443770e-01 9.048233832290388801e-01 9.159475723970464944e-01 9.139188290329740560e-01 9.064912555911928127e-01 9.212950232565597641e-01 9.278271806509359454e-01 9.264557318420869603e-01 9.263523352327464044e-01 9.213404809577149246e-01 9.191100188200309606e-01 9.154748562598524764e-01 9.142834416082812332e-01 9.213463163209281159e-01 9.234862506931228454e-01 9.245060403728059262e-01 9.177533192732273415e-01 9.295315430319788241e-01 9.289028599509383533e-01 9.259974960504261388e-01 9.058729082956317180e-01 9.187950124499567606e-01 9.146301205931606226e-01 9.110090433764540530e-01 9.246163796723536610e-01 9.191022395304812020e-01 9.206561000060632383e-01 9.152844400197853725e-01 9.183220302667346457e-01 9.237355505838072967e-01 9.200329313261788045e-01
1.027296054185604032e-02 1.139566105542201002e-01 2.957084921477674544e-01 4.909486995000344467e-01 4.296224289638501670e-01 4.404100707085543687e-01 6.696691858184209423e-01 6.484593744158700934e-01 6.800903955358027497e-01 6.517008010907248128e-01 7.327039843211509140e-01 7.875176569798871817e-01 1.000000000000000000e+00 6.698853001370734805e-01 8.043511278685554489e-01 7.852525796759901588e-01 6.633035903716976156e-01 4.557796546490411327e-01 5.554128359978910412e-01 4.129860191593860974e-01 4.652276287672758581e-01 5.873298687062095125e-01 5.437897274233942646e-01 5.134959500853921721e-01 5.591653803500188369e-01 7.167621788394470395e-01 7.132896115843465612e-01 6.987162916792368783e-01 6.190592420807093932e-01 6.569863475759734062e-01 6.802203519190158643e-01 7.210651150890647898e-01 6.826172425694312373e-01 6.925391226500922093e-01 6.835685688110084701e-01 6.861162708544206179e-01 6.845807840331890048e-01 7.818284252113025801e-01 7.766008650406532876e-01 7.540512736728101073e-01 8.016946425685795852e-01 8.037709257102225724e-01 7.738398788950815455e-01 8.121027986324594883e-01 7.745120469625227377e-01 7.832522878614320838e-01 8.191107884590146382e-01 8.193066763708269917e-01 8.079408396235494561e-01 7.708180588131977595e-01 8.057480453389147534e-01 7.693383811573810682e-01 8.109781875490069680e-01 7.983548605166346235e-01 7.833932332688592348e-01 7.757216875034278480e-01 7.921306063316065904e-01 8.150631769238941837e-01 8.058223658984318138e-01 8.149160096120992014e-01 8.133222271203117693e-01 8.026798109534006853e-01 8.050095878837904007e-01 8.092585752822243350e-01 7.992964591687906628e-01 8.063961119119276155e-01 8.182496721762692049e-01 7.934406170604829667e-01 7.963409383906179251e-01 7.599864363087192043e-01 7.789939015410682899e-01 8.012280556734115988e-01 7.686351280279736242e-01 7.756784385726896991e-01 8.134070922093056266e-01 8.077250978415518867e-01 8.023220553992792548e-01 7.776362004404008266e-01 8.056262273065004642e-01 7.872155459865154414e-01 7.916616431907954610e-01 7.995277490178182012e-01 7.984651066287705712e-01 7.866127204897065406e-01 7.944103323324033239e-01 7.972944696191494041e-01 7.985595535512839405e-01 8.166720457436859038e-01 8.130330341745339862e-01 8.049593107826675809e-01 8.093378184674923093e-01 8.226599107434332536e-01 8.166555962174381067e-01 8.191708341662153892e-01 8.222368573018121740e-01 8.228221601185695677e-01 8.089077285414523200e-01 8.130726508736119129e-01 8.223484475802130822e-01 8.195121168160787173e-01 8.163395667175364911e-01 8.197154715290730920e-01 8.220845458100313197e-01 8.243605468221895105e-01 8.171522502178337755e-01 8.100589992013553786e-01 8.236628053258564508e-01 8.223519078513116254e-01 8.154884535477102681e-01 8.247188247774933645e-01 8.197871658091867575e-01 8.238286025650763955e-01 8.182117283593169921e-01 8.211610546911257691e-01 8.184007682679517170e-01 8.204406832759718604e-01
