1.000000000000000000e+00 1.510196672350113019e-02 3.215549569964299970e-01 1.395467194043843728e-01 5.852429082161549403e-03 7.197743731659336786e-02 3.094246495604113453e-02 5.689414896351815271e-02 2.223026880848098796e-01 1.161420644881593217e-01 1.561954226324671346e-01 6.887682459944637070e-02 -1.966647447218889538e-02 3.159627600756464288e-02 7.520259613060103175e-03 1.025285585011525462e-03 2.024828763222449868e-01 3.433322467036466485e-01 2.630315162496195680e-01 2.596057112540078315e-01 1.728061196964798540e-01 2.608894421938446340e-01 3.242018862276605518e-01 3.655189513044600491e-01 3.225990075016418879e-01 2.286107684658343631e-01 2.315121720092246649e-01 2.427665015957138350e-01 2.595854520593712245e-01 2.851924262727898451e-01 2.700381087492745857e-01 1.914058754380936200e-01 2.354643477635599558e-01 2.008289127426839960e-01 2.485741078266881510e-01 1.702289854373031375e-01 2.586475215490796065e-01 1.217042123665103975e-01 1.536133558145491018e-01 5.318673422232961939e-02 8.805164273104533479e-02 6.145471673594832263e-02 8.378812634937456150e-02 8.827240794372075150e-02 1.275430735464113952e-01 1.131787611614941957e-01 3.311897053636420757e-02 4.798466157211269539e-02 5.706599258904011124e-02 7.056724120016098778e-02 6.089621191992686255e-02 5.430212118060231963e-02 2.676623686730481705e-02 6.319271746301763359e-02 1.206005465476249483e-01 1.183161390575366984e-01 1.029887178176288332e-01 2.043105007900891668e-02 5.026632096956474421e-02 5.458632042239279503e-02 7.018895399618342579e-02 6.760319607348419524e-02 8.014423828255087812e-02 8.365682180387261357e-02 1.092328724331997208e-01 1.058663230637403446e-01 7.544866237216164839e-02 1.204063279742650372e-01 1.284952135732152223e-01 9.913591202179970752e-02 1.288305024545393362e-01 1.323805312940107837e-01 1.581820861675923007e-01 1.518531386919626247e-01 1.089659782613904837e-01 9.098388654474807991e-02 9.251495570540563262e-02 1.107262481475934784e-01 1.112218889918278331e-01 1.145523968475428145e-01 1.025983168395588202e-01 1.088002764968106217e-01 8.148604497892200649e-02 1.129329119941618886e-01 5.249599626568480365e-02 9.236738929356864969e-02 9.515786618851555800e-02 4.534198822755697300e-02 5.289734407007443129e-02 7.774184761263416843e-02 3.539120964904277078e-02 3.089080625305917413e-02 5.821240166497705648e-02 5.496131278390117142e-02 2.397900284290576528e-02 2.328275632003720327e-02 7.852093803015897794e-03 4.642108391384601462e-02 2.125854689055435218e-02 1.719620439537538140e-02 2.341644667393265669e-02 2.835731065987372526e-02 3.418297006209126965e-02 2.724161065580532615e-02 4.413345379734776724e-02 5.076740000551353132e-02 2.397608022503890449e-02 4.328523291547633350e-02 4.648970177518316899e-02 1.246775431877360230e-02 7.460044872812597247e-03 2.067821581686645968e-02 3.210573116506453689e-02 3.609645277723499274e-02 7.114438877576306774e-02 4.753382143600048959e-02
1.510196672350113019e-02 1.000000000000000000e+00 9.172892784461364468e-02 7.065155524126004449e-02 4.206233741679446525e-02 4.077476575251745561e-02 1.305469920167662279e-01 1.624370231509123519e-01 1.459705473748219851e-01 1.851701681982775849e-01 1.648277138655013518e-01 1.277509702872108577e-01 1.342683264058223969e-01 1.362292908834543681e-01 1.755659723807371786e-01 1.604690837393798475e-01 1.483417260182493258e-01 1.618093368107033914e-01 1.448195629978017707e-01 1.664267725746094995e-02 6.814718426381786986e-02 7.516468889647799634e-02 1.420861885471870201e-01 3.448781175835143042e-02 9.438889999566478506e-02 1.841367553031985904e-01 1.636102017274451703e-01 1.782075505764938728e-01 1.843589127259934179e-01 1.412198647116380545e-01 1.358006460010431349e-01 1.395060588398745194e-01 1.516048015578211616e-01 1.137222250845548732e-01 1.417573696767000790e-01 7.399328296468295207e-02 7.989123524136883259e-02 1.924589312076972758e-01 1.583374289536531865e-01 1.328095110225079034e-01 1.515750529730717777e-01 1.566928945425321018e-01 1.057306679238223107e-01 1.471831354636315148e-01 1.373959081941840410e-01 1.620934339108486555e-01 1.609572765610250145e-01 1.635060995727484756e-01 1.554444454293757716e-01 1.312840208640176920e-01 1.648010504887677530e-01 1.089383951050461180e-01 1.378437463887478842e-01 1.691026994116150428e-01 1.688301703469691217e-01 1.794468084266079566e-01 1.559345079644026688e-01 1.615496791095238360e-01 1.751849080883331744e-01 1.651895216368118868e-01 1.355961160911701990e-01 1.708141632357962347e-01 1.655598409846971708e-01 1.586497645327989425e-01 1.560241415975990864e-01 1.509443059731726544e-01 1.591943254143851627e-01 1.601092078061683299e-01 1.466722569159937262e-01 1.180043759791087332e-01 1.273251168537780365e-01 1.482250210735675255e-01 1.037205977987327027e-01 1.232806091742048027e-01 1.705565375424642482e-01 1.639340947455594499e-01 1.616751019119679889e-01 1.844252063242905471e-01 1.580608436945656337e-01 1.620762238320806736e-01 1.533000647357415369e-01 1.638064238295674768e-01 1.634791256073238608e-01 1.620579450856274584e-01 1.371431505689456598e-01 1.397115748027745463e-01 1.309973996203891988e-01 1.673018740981265517e-01 1.557778600836128291e-01 1.732130566650691150e-01 1.472376742980509301e-01 1.567368257016164557e-01 1.485039685314992752e-01 1.578837548011110814e-01 1.528698921957739043e-01 1.633457020105714697e-01 1.345730610678932682e-01 1.567415784817095536e-01 1.567560116054205754e-01 1.587690623705716175e-01 1.447126957256694157e-01 1.630629508688148377e-01 1.477963023041120594e-01 1.508194555577168916e-01 1.414975142888372506e-01 1.717999652935796873e-01 1.617856826379286961e-01 1.729657165284527731e-01 1.767271949774026629e-01 1.679510195927448879e-01 1.704967361745967358e-01 1.617678409290294050e-01 1.675636177453563025e-01 1.617881263913348300e-01 1.649845211193100014e-01 1.576976666462524823e-01
3.215549569964299970e-01 9.172892784461364468e-02 1.000000000000000000e+00 3.800596431451545576e-01 1.875266786100075744e-01 2.237996597847821401e-01 3.045517653241042177e-01 3.424626973920058548e-01 4.221313943716986650e-01 3.607318582722203182e-01 4.263771625559035217e-01 3.617738285708518853e-01 2.563637768359241509e-01 3.215495471430848684e-01 3.488468281017346184e-01 3.152425677691902961e-01 4.231299589695801111e-01 5.012033430691029690e-01 5.046934046497044690e-01 3.772555508782302058e-01 3.531404243387120667e-01 4.752482885277780622e-01 5.382747088598048846e-01 4.728246575582815692e-01 5.181459692705412401e-01 4.883569297775701701e-01 4.894527916161178771e-01 5.186141121110748875e-01 4.996005459850086927e-01 4.976062636739004841e-01 5.032089770021529462e-01 4.460939042990657577e-01 4.947523724384542132e-01 4.386001440821439279e-01 4.862363723564194773e-01 4.215691404153703581e-01 4.658944728231811383e-01 4.323498952167789677e-01 4.525670604959118326e-01 3.840182307829643205e-01 3.876701131384806542e-01 3.959780819859232137e-01 4.107665282690961539e-01 3.994342422952854577e-01 4.233300826993562360e-01 4.276311590247519057e-01 3.542163171635985819e-01 3.561274358921219796e-01 3.732824184622839936e-01 3.729054760860060491e-01 3.726159438532561374e-01 3.736211715683892542e-01 3.497011248489461654e-01 3.641379225075414006e-01 4.063692802698675721e-01 4.253526078625966544e-01 3.913478161060168770e-01 3.412455480332355351e-01 3.595889414744180557e-01 3.670148003340711340e-01 3.742479175597293595e-01 3.609475315471206147e-01 3.843926423993319630e-01 3.801017687027251069e-01 3.916555703706734448e-01 4.005007798177112055e-01 3.744802874385518843e-01 4.140729758969923791e-01 4.179768010170796244e-01 3.789565023866394711e-01 4.231853959884436800e-01 4.354580531185053838e-01 4.097186173161140865e-01 4.346922325041882584e-01 4.205739604734507475e-01 4.054145434284415761e-01 4.077640579584415059e-01 4.189159429895171760e-01 4.274889547257884059e-01 4.155042729861350703e-01 4.068562779224756953e-01 4.248827025313487438e-01 3.930155420771627717e-01 4.214539379815801512e-01 3.768427895231893920e-01 3.949796567050400387e-01 3.980810893251684468e-01 3.801272165670019909e-01 3.770634048234112190e-01 3.951338023767761443e-01 3.808690682765386026e-01 3.626543357327081107e-01 3.804875215598262916e-01 3.885502524326974738e-01 3.401271207754778536e-01 3.415606606421336955e-01 3.481670287759938698e-01 3.625510313887311820e-01 3.578313129149798266e-01 3.625850436827368628e-01 3.644414057393963180e-01 3.587802447005204454e-01 3.520520532928352875e-01 3.593759990701834717e-01 3.645508298632795241e-01 3.664171619830884907e-01 3.482172909102415614e-01 3.568916338685949596e-01 3.670055160440813813e-01 3.496238468462176674e-01 3.449208169005686386e-01 3.449293460185270943e-01 3.532318310955745444e-01 3.557200911313847524e-01 3.761215330484724562e-01 3.618100460075617253e-01
1.395467194043843728e-01 7.065155524126004449e-02 3.800596431451545576e-01 1.000000000000000000e+00 3.547981543415122396e-01 4.200896547349028953e-01 5.813072173615924099e-01 5.653853393258169158e-01 5.841102289394118907e-01 5.672321024533359957e-01 6.420823085207852943e-01 6.818127678820634641e-01 5.700751709985593108e-01 5.735563985074335625e-01 6.172654988715445823e-01 6.268471359168703572e-01 5.903088223437589210e-01 5.264282616629321065e-01 6.054960248937673040e-01 4.032587530938397946e-01 5.059602478016820282e-01 6.491993623106572242e-01 5.453641804643726276e-01 5.232637912803025371e-01 6.094478744168271289e-01 6.674723767822762222e-01 6.758236933402040902e-01 6.718199694194550986e-01 6.154479752796084835e-01 6.338781122696024450e-01 6.634716629166960145e-01 6.261427252376350339e-01 6.251270749403095017e-01 6.098428285076631372e-01 5.951895426395275024e-01 6.051403440747027407e-01 6.231471515506796788e-01 6.264077700116175151e-01 6.483524423578940210e-01 6.494836516596418363e-01 6.530685664684463543e-01 6.565311753346352308e-01 6.776731722257848256e-01 6.655100018779002147e-01 6.631980312910586983e-01 6.611463816594087550e-01 6.327289501452200149e-01 6.240339205696261438e-01 6.318540850832304878e-01 6.384265670992147479e-01 6.404591141273789923e-01 6.603358083322883321e-01 6.388520194840690003e-01 6.207231813856965985e-01 6.324881419742469646e-01 6.350476437791211515e-01 6.280853415427599673e-01 6.289140859266889594e-01 6.251933774690925372e-01 6.339033607006980819e-01 6.472062431302023633e-01 6.225167611266254619e-01 6.283555892461339942e-01 6.327304997622152927e-01 6.414759637745564014e-01 6.357297544046366378e-01 6.347575754624402711e-01 6.415118235860980400e-01 6.325961582108110548e-01 6.129683933225787973e-01 6.603626476142994139e-01 6.674586941059592604e-01 6.282403307695684225e-01 6.451879472705931429e-01 6.694952075269969827e-01 6.613757839671019489e-01 6.641586368166429999e-01 6.429855193415079384e-01 6.651768377408698862e-01 6.528030672371969434e-01 6.467970557334168369e-01 6.580954414908225525e-01 6.336850399288794788e-01 6.322352362870515829e-01 6.319013854526893681e-01 6.345071976750260578e-01 6.403202607936039348e-01 6.335306901122688128e-01 6.365483964290249430e-01 6.417751349092419844e-01 6.495975112197629464e-01 6.395306664057066603e-01 6.501882602649061704e-01 6.494892028476785262e-01 6.292111455182399782e-01 6.202669469499144661e-01 6.418781550220826748e-01 6.324521283972523999e-01 6.324439925857155975e-01 6.359697051549515479e-01 6.460845835750401722e-01 6.293391333157088985e-01 6.408708802724421005e-01 6.438812202644297322e-01 6.406033227103311578e-01 6.202600912027349533e-01 6.243015220583614244e-01 6.217425608647061397e-01 6.300629481774192575e-01 6.253158905997494577e-01 6.206464933338654566e-01 6.262191913381944808e-01 6.201428412741338825e-01 6.269226386590429634e-01 6.368451067770535268e-01 6.305644716782734527e-01
5.852429082161549403e-03 4.206233741679446525e-02 1.875266786100075744e-01 3.547981543415122396e-01 1.000000000000000000e+00 2.842142963925816113e-01 4.766187542231792307e-01 4.679050943185545930e-01 4.513463625876853458e-01 4.184025383719579549e-01 4.550888910223328532e-01 5.121435549201708293e-01 4.756610294938881656e-01 4.568310775818000824e-01 5.178943207416244476e-01 5.071201390442529044e-01 4.598087957321201902e-01 3.465062586073478501e-01 4.218447970416582815e-01 3.160444151603368224e-01 3.826505786661129616e-01 4.337016245803556602e-01 3.685190071103994214e-01 3.714839856689792219e-01 3.963193141390596863e-01 4.428774483833665121e-01 4.603621243204862878e-01 4.447242534911651779e-01 4.053720271720048784e-01 4.342598731596178374e-01 4.631025042453237872e-01 4.685041548474632167e-01 4.322072822386760493e-01 4.744741337454179697e-01 4.290141553394652973e-01 4.852971346988777523e-01 4.663475486937289083e-01 4.684419843134229877e-01 4.921746875533141163e-01 4.943845729536487932e-01 5.121468824464034952e-01 5.136797059001922960e-01 5.213928442418634956e-01 5.158238571716402543e-01 5.145046700529858352e-01 5.078092092192790785e-01 5.227530235846138407e-01 5.176578361967325570e-01 5.186815715214402323e-01 4.982348549200603660e-01 5.054198638889032535e-01 5.318445686068237199e-01 5.236773063148881802e-01 5.078970205978565744e-01 4.922495897625002170e-01 4.847420774313342950e-01 5.078503975877822763e-01 5.114716499400167038e-01 5.042880371900398950e-01 5.226305332732392728e-01 5.285155417865113892e-01 5.111846703224546262e-01 5.107362252299209038e-01 5.179392453163474963e-01 5.145308499500619304e-01 5.244204787900318410e-01 5.128382017109703872e-01 5.033946637816121283e-01 5.029694096594152786e-01 5.092112792121500364e-01 5.166469315975901200e-01 5.153712786156093850e-01 5.061001858212625937e-01 5.089738160407070167e-01 5.139962611532127301e-01 5.146042001899302498e-01 5.085650311598145512e-01 4.941499514898497480e-01 5.123556069518095946e-01 5.090671161171409498e-01 5.116601161411745702e-01 5.130656922077738713e-01 5.141545558146544126e-01 5.032257878389235772e-01 5.125191922420792023e-01 5.174011120634943728e-01 5.216583760006943127e-01 5.156582750981413277e-01 5.217449326888108363e-01 5.131660684883184720e-01 5.225751161847516091e-01 5.234692516216202796e-01 5.256824638832630070e-01 5.205045236497356509e-01 5.246558628315622919e-01 5.213886574762223169e-01 5.290354123367907446e-01 5.233811170262763213e-01 5.328693173613393563e-01 5.266448358792437112e-01 5.329947630457115837e-01 5.254830919951994916e-01 5.298293084411181963e-01 5.292902836025940028e-01 5.339798192229097129e-01 5.208842195711863576e-01 5.228804995590620175e-01 5.160969094225104081e-01 5.135349080078864814e-01 5.227606770205373010e-01 5.223048458351587930e-01 5.277525874859951838e-01 5.230617798836828536e-01 5.282548266401410064e-01 5.214342282840410681e-01 5.283574308387345431e-01
7.197743731659336786e-02 4.077476575251745561e-02 2.237996597847821401e-01 4.200896547349028953e-01 2.842142963925816113e-01 1.000000000000000000e+00 5.204498592375456090e-01 4.986644714395317424e-01 5.535615890660268157e-01 5.107204830169614906e-01 5.367383104567065022e-01 5.892070459140603678e-01 5.168758920718760086e-01 5.375521892636141441e-01 5.757866404782897574e-01 5.723470224444231480e-01 5.395545379988077039e-01 4.391408836651918279e-01 4.962628976753563625e-01 3.513409052926863563e-01 4.215810442031978633e-01 5.217549165039736536e-01 4.588252468423874020e-01 4.541722511553499264e-01 4.943502312363922124e-01 5.463882609834609383e-01 5.623736368165023203e-01 5.452180299654015849e-01 5.120901750233666228e-01 5.436168860017506210e-01 5.635364572918193371e-01 5.686128543751072240e-01 5.420267706976770183e-01 5.695562606726133348e-01 5.286430208640643391e-01 5.537493067152360338e-01 5.547384962411080478e-01 5.667879395334926018e-01 5.786640233660446109e-01 5.785177958320000258e-01 5.933488789729280954e-01 5.941159490254389608e-01 5.937440852403648162e-01 5.954038645360030246e-01 5.914316799313363848e-01 5.901166647966242795e-01 5.930848893313096504e-01 5.945861316662189866e-01 5.842130043778840376e-01 5.817325277675410300e-01 5.848310729609368375e-01 5.864689023594918948e-01 5.881127579486881141e-01 5.885841515228847909e-01 5.830392582077689179e-01 5.795360187167833965e-01 5.811847417856301767e-01 5.833144077954751650e-01 5.796309526413726543e-01 5.928586101802318931e-01 5.974459539882773784e-01 5.875091357171768891e-01 5.754917302763224995e-01 5.847101529099916206e-01 5.943850451796863776e-01 5.883498240383103761e-01 5.964945131993901750e-01 5.877474149173897988e-01 5.825800813234042197e-01 5.633108849824366438e-01 5.876143946908438664e-01 5.963847025834592142e-01 5.819029666014308155e-01 5.887969808999599097e-01 5.963678831411930448e-01 5.976608036477845110e-01 5.955715771152345628e-01 5.825625825407962921e-01 5.932827205447459562e-01 5.928639077417602321e-01 5.900766197605080698e-01 5.933664157441046472e-01 5.888167965315964647e-01 5.802875562897942263e-01 5.832756808335186616e-01 5.931437441105171793e-01 5.974368959298496096e-01 5.873227419233294500e-01 5.942596825650904302e-01 5.867693121189203609e-01 5.942773039116094891e-01 5.962818719535626366e-01 5.977540316989393698e-01 5.954645200965220653e-01 5.957574125196232195e-01 5.917583491496665182e-01 5.833704066315783532e-01 5.812479667328849242e-01 5.845270045709320961e-01 5.822035489039434353e-01 5.923850798546349550e-01 5.823268014378064628e-01 5.937265268433860044e-01 5.947942409719887413e-01 5.924119933015874473e-01 5.809625497289342411e-01 5.876766368790562467e-01 5.899335184718783598e-01 5.883653828581252299e-01 5.871987263565997539e-01 5.826181231530862537e-01 5.929084075498206596e-01 5.888018527912480815e-01 5.883186928636855439e-01 5.933795179224140570e-01 5.924671850627715175e-01
3.094246495604113453e-02 1.305469920167662279e-01 3.045517653241042177e-01 5.813072173615924099e-01 4.766187542231792307e-01 5.204498592375456090e-01 1.000000000000000000e+00 7.292972612951901246e-01 7.398926288731494383e-01 7.236208925696017147e-01 7.637720748153805639e-01 8.113654412605333377e-01 7.352416182605041595e-01 7.556463616403978900e-01 8.536874852104764377e-01 8.286587277188628420e-01 7.526619606632929393e-01 6.139158744824475544e-01 7.001898733017383192e-01 4.733869152252089263e-01 5.801090887637587734e-01 6.989489850621934952e-01 6.379642464853007011e-01 5.764622798789027502e-01 6.484895075594633296e-01 7.772115136378053846e-01 7.708528929837968890e-01 7.807726995667176872e-01 7.291208663737290818e-01 7.367098087519787786e-01 7.600126599072244415e-01 7.877348305323551569e-01 7.692845056688546457e-01 7.775613813766907301e-01 7.553962512484067027e-01 7.533702343672949997e-01 7.298655430997942339e-01 8.289594984880187534e-01 8.254608384530779386e-01 8.336810327263971532e-01 8.365801986077666674e-01 8.502031148118911474e-01 8.334450573124010386e-01 8.490519133691588616e-01 8.345366906332236656e-01 8.406034809599913782e-01 8.382069142461294753e-01 8.370491805344050240e-01 8.309440244710266654e-01 8.284349130048593857e-01 8.377645852178465802e-01 8.263671243354959728e-01 8.358748233278536777e-01 8.323034895618280915e-01 8.260205035733313439e-01 8.297337604641134012e-01 8.249866070341388413e-01 8.406978467407802968e-01 8.324775480736571476e-01 8.408012446233030790e-01 8.351115946378204757e-01 8.360652557108649852e-01 8.251675017855961691e-01 8.283738460377443324e-01 8.311198564216181195e-01 8.242424124790100892e-01 8.386655999359140523e-01 8.261720838378772136e-01 8.173425275604885298e-01 7.931535209746166659e-01 8.147115862893233862e-01 8.305726732435307902e-01 7.913023524061499892e-01 8.009583165068254740e-01 8.421066601236650850e-01 8.446402427133017365e-01 8.475837811124566912e-01 8.326582013452989983e-01 8.403814784700611717e-01 8.335088403184842676e-01 8.357325425927112361e-01 8.319265244478215582e-01 8.375363575708967279e-01 8.363400171429852259e-01 8.359425962674781330e-01 8.315750716905819795e-01 8.262821925702241721e-01 8.483683915153661381e-01 8.431348437145510522e-01 8.408518375815601242e-01 8.497893730135944734e-01 8.501623321274310863e-01 8.430830495610578401e-01 8.495277289507868757e-01 8.429738604119375589e-01 8.395563354993228478e-01 8.425057161758284785e-01 8.306505806714213902e-01 8.409926136773266947e-01 8.452049569970009335e-01 8.500910751996293424e-01 8.422032823589055139e-01 8.433536504130412226e-01 8.501372675020191227e-01 8.385561744364229408e-01 8.348722095217520067e-01 8.374998549960575023e-01 8.405912319043687964e-01 8.449777097014573579e-01 8.433641210636686480e-01 8.438912962755532599e-01 8.424399121669449153e-01 8.415042262190103317e-01 8.400148141364784937e-01 8.397681146279576403e-01 8.362151738518357469e-01
5.689414896351815271e-02 1.624370231509123519e-01 3.424626973920058548e-01 5.653853393258169158e-01 4.679050943185545930e-01 4.986644714395317424e-01 7.292972612951901246e-01 1.000000000000000000e+00 7.175672496405759437e-01 7.047833626539873331e-01 7.403062820682372314e-01 7.721058417225742376e-01 7.041651116904102947e-01 7.127545055966775234e-01 8.036773498764323564e-01 7.971758331202818404e-01 7.192576787817636097e-01 5.983920505383658606e-01 6.636108996315304154e-01 4.280589709769207496e-01 5.386882682038856007e-01 6.569544099499149414e-01 6.174060609823251999e-01 5.365379866762796102e-01 6.162387732761949177e-01 7.562165395923959865e-01 7.382436220022422502e-01 7.464365857471619847e-01 7.013607147919581619e-01 7.061341230487657716e-01 7.238229685696574434e-01 7.541505084395212499e-01 7.238395748081584147e-01 7.316859487373820192e-01 7.217170172797735539e-01 6.913950178276603298e-01 6.858286844274250615e-01 7.981906083736952651e-01 7.855669126401592095e-01 7.781748610111310915e-01 7.914552130585214007e-01 8.025813850386289694e-01 7.893001818685110305e-01 8.087021757238656017e-01 7.845286705858794951e-01 7.999745466771638336e-01 7.992569006241879714e-01 7.983286211812919975e-01 7.980417523350809006e-01 7.936027741335128782e-01 8.080019502515604080e-01 7.838914422127133408e-01 7.934300506868041669e-01 7.983588969080841480e-01 8.021908741521447395e-01 7.979823974581368162e-01 7.976822690704773455e-01 7.987651378490399079e-01 8.060498562962522540e-01 8.076890711503919018e-01 7.997030375999962803e-01 8.028659195569736173e-01 8.030901892774119366e-01 7.979904447625015829e-01 7.952546165793469291e-01 7.929222253868445369e-01 7.978813566938411928e-01 7.891644792461428581e-01 7.793833559759446583e-01 7.431663861790972492e-01 7.721220703636789695e-01 7.901208088393306683e-01 7.438610953874019716e-01 7.561402482711064854e-01 8.073261172924312001e-01 8.040370847433939705e-01 8.038061566661198754e-01 7.915161997119958270e-01 7.989909037824000082e-01 7.973620947584469931e-01 7.923405104482045269e-01 7.918417019783767774e-01 7.991264603355454632e-01 7.919671393360963041e-01 7.900449920712759866e-01 7.841560248278760525e-01 7.766042722672314991e-01 8.078796566913970523e-01 7.986408351122309401e-01 8.040362239168942216e-01 7.993945778934754554e-01 8.038828543928431269e-01 7.984307669060942692e-01 8.057467036875065602e-01 7.993649715963400126e-01 8.003057085490821176e-01 8.040571212788076849e-01 8.040336883634292553e-01 8.050995706513953687e-01 8.070636034431485362e-01 8.039192406597402973e-01 8.089088771340197104e-01 8.016523100563758275e-01 8.077224861316208981e-01 7.970907895134831112e-01 8.076886836495353883e-01 8.043931997857095562e-01 8.035580302227499638e-01 8.120198427504309313e-01 8.035891523080097576e-01 8.074838555861016953e-01 8.028353197613804504e-01 8.039500781599057122e-01 8.021441840097530696e-01 8.002543645793380733e-01 7.992712406916434587e-01
2.223026880848098796e-01 1.459705473748219851e-01 4.221313943716986650e-01 5.841102289394118907e-01 4.513463625876853458e-01 5.535615890660268157e-01 7.398926288731494383e-01 7.175672496405759437e-01 1.000000000000000000e+00 7.904008579283375857e-01 8.249698094088990796e-01 8.310198488571645115e-01 7.260319851962111493e-01 7.757710764135686832e-01 8.378627474271146403e-01 8.141153408103702915e-01 8.350007273396642393e-01 7.703215336253365075e-01 7.927629180308392032e-01 6.059975717974543930e-01 6.581906954579150870e-01 7.801164635790959201e-01 7.767169370701683118e-01 7.367171895983121166e-01 7.715343193055212989e-01 8.426673914208213656e-01 8.511306780541336714e-01 8.529337612608877128e-01 8.189852285266638887e-01 8.561308466030194131e-01 8.739574288601631435e-01 8.687809342615103736e-01 8.378475148152122465e-01 8.589878279005125350e-01 8.530600943843618111e-01 8.218488583929695057e-01 8.406817398931700769e-01 8.669366419284058045e-01 8.767194645896541072e-01 8.141139997853756860e-01 8.706041846666825457e-01 8.631617446439187047e-01 8.450463762760132003e-01 8.748970242760237825e-01 8.710626462357331512e-01 8.754373017161737325e-01 8.627247138014613181e-01 8.718608851773809176e-01 8.675412375305835422e-01 8.494464742060888751e-01 8.637494080083993886e-01 8.409415892642474466e-01 8.472105889974769211e-01 8.733979891188016209e-01 8.803634048370184706e-01 8.786089650533008832e-01 8.750839591795811501e-01 8.497771772157781678e-01 8.619481914521680554e-01 8.736104180520515294e-01 8.730183813701954954e-01 8.741455987630755153e-01 8.757134069156493617e-01 8.777894365374184771e-01 8.832768061522811021e-01 8.858466703404149767e-01 8.773987633091663296e-01 8.857389487245186377e-01 8.818992021393706748e-01 8.500599386169539473e-01 8.716275875094140480e-01 8.856633727445941684e-01 8.704334576843247850e-01 8.760790673914010673e-01 8.853182959534117158e-01 8.796324857083623883e-01 8.791487104183659529e-01 8.778506865514207336e-01 8.823005254424232113e-01 8.883157121141675994e-01 8.843666947030314196e-01 8.873248566040898844e-01 8.728286096026994789e-01 8.841824633770895003e-01 8.589673002483433351e-01 8.749378346205013424e-01 8.747436392496177326e-01 8.668465244372521861e-01 8.710553949672797946e-01 8.701566980219361813e-01 8.548682073773689050e-01 8.622618749795105675e-01 8.705515496419897747e-01 8.718578470441568085e-01 8.602676462805097790e-01 8.610764972875077916e-01 8.403344098887621794e-01 8.636086741492865482e-01 8.596132889724672488e-01 8.560071246025336977e-01 8.565361285763787302e-01 8.622884416250619077e-01 8.628498037457683623e-01 8.628782619537388454e-01 8.654027079808629397e-01 8.678017047079976676e-01 8.595929805334547869e-01 8.681633433794851973e-01 8.671538905068603142e-01 8.562058305427101557e-01 8.524167387811801833e-01 8.620043353729733848e-01 8.658451160419649018e-01 8.677784202959368809e-01 8.760958535418403859e-01 8.706415186947803475e-01
1.161420644881593217e-01 1.851701681982775849e-01 3.607318582722203182e-01 5.672321024533359957e-01 4.184025383719579549e-01 5.107204830169614906e-01 7.236208925696017147e-01 7.047833626539873331e-01 7.904008579283375857e-01 1.000000000000000000e+00 7.809492117824253787e-01 8.059233678404390533e-01 7.327532504912558364e-01 7.507722629712578755e-01 8.238647650556619739e-01 8.016339040065214583e-01 7.696199164873505083e-01 6.791458589619386865e-01 7.158108031280964179e-01 5.136509533596724797e-01 5.779978786486550391e-01 6.977856568969010853e-01 7.002891748783937054e-01 6.292990315665097922e-01 6.789345846969579990e-01 8.016960919171159938e-01 7.983675082649615007e-01 7.991101401945109872e-01 7.582020311278430125e-01 7.849987936851351433e-01 8.062035281418640231e-01 8.180859266540830843e-01 7.773680846005637246e-01 8.017143400200205106e-01 7.831910320150712312e-01 7.645812671669488525e-01 7.705229947107816724e-01 8.374339676849630321e-01 8.376193425282836280e-01 8.001983267737341476e-01 8.428171458931443816e-01 8.415689153776217957e-01 8.095496133344908252e-01 8.438116113421005871e-01 8.318609321414072166e-01 8.455061370961507450e-01 8.415156102765581903e-01 8.509517732033087256e-01 8.406435077175307136e-01 8.186313548317349920e-01 8.357329142522860188e-01 8.043123959341207385e-01 8.262338916974436565e-01 8.507374899941027024e-01 8.493311028099799209e-01 8.524707409277001435e-01 8.415683259859814136e-01 8.364729387840768027e-01 8.415815015653077547e-01 8.475415314132576095e-01 8.404694481939153361e-01 8.503058121269179148e-01 8.392150659750411412e-01 8.412597635176494171e-01 8.476628028520631908e-01 8.472512611700311336e-01 8.522033142392911875e-01 8.445306076635935577e-01 8.458122510907480907e-01 8.028415303479146115e-01 8.190832284696895060e-01 8.402128357729952146e-01 8.149369038274205668e-01 8.220906890359888086e-01 8.543181229364629203e-01 8.493768501987968289e-01 8.497933903339506267e-01 8.450269531554059910e-01 8.469238302619821468e-01 8.510305006036582576e-01 8.485772995417932840e-01 8.547063002449710734e-01 8.483797027197530483e-01 8.448022993581735252e-01 8.306658200186194385e-01 8.412889007229715777e-01 8.407757991915308926e-01 8.481986471153885043e-01 8.475537431668344057e-01 8.502957881842208021e-01 8.366935348994772870e-01 8.454821475279601373e-01 8.475634027574012741e-01 8.492697966322111380e-01 8.434930709670083182e-01 8.460960849776533177e-01 8.209379903058889871e-01 8.352030046514037354e-01 8.370589475275823643e-01 8.366456996577559257e-01 8.330591963367149910e-01 8.409718254247614544e-01 8.404177657593731032e-01 8.406707703971612045e-01 8.386626173368124659e-01 8.456886177037309382e-01 8.404476803137682639e-01 8.526953054415119526e-01 8.528739406468264228e-01 8.425034227821242006e-01 8.397014077008659871e-01 8.438755725856993406e-01 8.475876963754902516e-01 8.428107772405032394e-01 8.498142757554538740e-01 8.471553320456329805e-01
1.561954226324671346e-01 1.648277138655013518e-01 4.263771625559035217e-01 6.420823085207852943e-01 4.550888910223328532e-01 5.367383104567065022e-01 7.637720748153805639e-01 7.403062820682372314e-01 8.249698094088990796e-01 7.809492117824253787e-01 1.000000000000000000e+00 8.698933368355975526e-01 7.637133480754720871e-01 7.971426886812333912e-01 8.612529321628091816e-01 8.449589252062494893e-01 8.219687888971354273e-01 7.394705944876288628e-01 7.898890747597741013e-01 5.556609557217010442e-01 6.312851766265588083e-01 7.851236508310971418e-01 7.633691741444781353e-01 7.039038331770637313e-01 7.572417463717026065e-01 8.643008115950173709e-01 8.681552965690916279e-01 8.675688753939375664e-01 8.143932549077174121e-01 8.541931731967479235e-01 8.766535159887973716e-01 8.761000477578102519e-01 8.505844213232333084e-01 8.617617113759699077e-01 8.432011653212664326e-01 8.226882241363566717e-01 8.333671248682235078e-01 8.842445873094909592e-01 8.942571356453501430e-01 8.620818454514819207e-01 8.911794662658172328e-01 8.880586468004348921e-01 8.723448939391909018e-01 8.959377712157698959e-01 8.953072541119295735e-01 8.932573339416964853e-01 8.850789789530952856e-01 8.867353265727782041e-01 8.875800820826347248e-01 8.756016787962022097e-01 8.860898669182428744e-01 8.676375816690701237e-01 8.686239853871122740e-01 8.877085036706712229e-01 8.905006326872952904e-01 8.917650183022843846e-01 8.846489063216947946e-01 8.773762716094383185e-01 8.806446910465777211e-01 8.882455939709722470e-01 8.892260621227049411e-01 8.843465177500148267e-01 8.839039469438462193e-01 8.880883020377854375e-01 8.922024483533066430e-01 8.908987994456091242e-01 8.937235387071333914e-01 8.991004712918786446e-01 8.941053581917660642e-01 8.492558374879706218e-01 8.844365374491425236e-01 9.000461508608949002e-01 8.717050491530112799e-01 8.814315523928670792e-01 9.082330201964017302e-01 9.047612365210844221e-01 9.019979914843576640e-01 8.916548201706538945e-01 9.022296059616351505e-01 9.014480311863893869e-01 8.986003797646221480e-01 9.044040042729031281e-01 8.923601411864183763e-01 8.955047314880243414e-01 8.842806233368228908e-01 8.914696612628342232e-01 8.896403565496290300e-01 8.932753078799066104e-01 8.925337867862487284e-01 8.943114769373872175e-01 8.910930966413066479e-01 8.907617589480795184e-01 8.953982490389067461e-01 8.966718203722040537e-01 8.835812909008838867e-01 8.829735295657122895e-01 8.733276723045216849e-01 8.790941098455679059e-01 8.831702107869651153e-01 8.846459263739707701e-01 8.852942022068930328e-01 8.834170278995689962e-01 8.840883250702409324e-01 8.880141720838937713e-01 8.849765648449766653e-01 8.833247250089565350e-01 8.815420858479394717e-01 8.877423123479275535e-01 8.892662830767067428e-01 8.819551005953576439e-01 8.793316885169927266e-01 8.825462723468223691e-01 8.834537236857902265e-01 8.858093478423125777e-01 8.921031591556755069e-01 8.871897473643266530e-01
6.887682459944637070e-02 1.277509702872108577e-01 3.617738285708518853e-01 6.818127678820634641e-01 5.121435549201708293e-01 5.892070459140603678e-01 8.113654412605333377e-01 7.721058417225742376e-01 8.310198488571645115e-01 8.059233678404390533e-01 8.698933368355975526e-01 1.000000000000000000e+00 8.325660538982060377e-01 8.429492088800232263e-01 9.151430262801086846e-01 9.055033228707927151e-01 8.461690066918238218e-01 6.876438858418150168e-01 7.676453032970302903e-01 5.542250644397853643e-01 6.567306676382099750e-01 7.922543902416293582e-01 7.204816827785168742e-01 6.708964925627173281e-01 7.335949387328061233e-01 8.575005096277357186e-01 8.690499423360560360e-01 8.589376591589548138e-01 7.972406145771464558e-01 8.427006838591843962e-01 8.750728295754190977e-01 8.910803111038031465e-01 8.424145526357404989e-01 8.733313341533137653e-01 8.307170263392049669e-01 8.568589728599476096e-01 8.439249951884808532e-01 9.037457512532587334e-01 9.137850514970586868e-01 9.101320250182921567e-01 9.351339740760650221e-01 9.339859809003657753e-01 9.237800732946341853e-01 9.413225654805279508e-01 9.305214667245276239e-01 9.303430795111898854e-01 9.402047154838487630e-01 9.390263671628950037e-01 9.354923438284147297e-01 9.261582191513810791e-01 9.344215014237650108e-01 9.236198559168476985e-01 9.313702675571731149e-01 9.338447763703136006e-01 9.250411605898396505e-01 9.200664373607687629e-01 9.280545005467415454e-01 9.327325901787688611e-01 9.331891874160719302e-01 9.388845327671897500e-01 9.426908219059695337e-01 9.347504021469847935e-01 9.282920550715074715e-01 9.326054402885493033e-01 9.357876820172028598e-01 9.338548073417349826e-01 9.413993036912803314e-01 9.269590570544377073e-01 9.239654564746598853e-01 8.964906087747186447e-01 9.175655388797238077e-01 9.300728400200400925e-01 9.028460607994375220e-01 9.077508471155995018e-01 9.421776777439169193e-01 9.411904260897889785e-01 9.397466160113695510e-01 9.201471895749714358e-01 9.358215516376594545e-01 9.351117413134827361e-01 9.342134908348859179e-01 9.391345997945387269e-01 9.344161833026149999e-01 9.229189729653537455e-01 9.277938123802117465e-01 9.308162049267135751e-01 9.339718754606219919e-01 9.373144486750176751e-01 9.401576429590140505e-01 9.357218178464155045e-01 9.408509648314512530e-01 9.431023134593917723e-01 9.451895447752406421e-01 9.440653009926655015e-01 9.426646096940483055e-01 9.389999257264520782e-01 9.351463271314014447e-01 9.338606805312155146e-01 9.388002175017371442e-01 9.381452288986542598e-01 9.428338310428735491e-01 9.376329536655334529e-01 9.427802525543254042e-01 9.446738868080731821e-01 9.414499028025936633e-01 9.333185954524518824e-01 9.389732945504419837e-01 9.368426390219296573e-01 9.372626338334749674e-01 9.378320046786370323e-01 9.356797911799132894e-01 9.406840028354473970e-01 9.381627098533558140e-01 9.395318636917272537e-01 9.395337028063085461e-01 9.400429157995074947e-01
-1.966647447218889538e-02 1.342683264058223969e-01 2.563637768359241509e-01 5.700751709985593108e-01 4.756610294938881656e-01 5.168758920718760086e-01 7.352416182605041595e-01 7.041651116904102947e-01 7.260319851962111493e-01 7.327532504912558364e-01 7.637133480754720871e-01 8.325660538982060377e-01 1.000000000000000000e+00 7.703872086694908417e-01 8.477405863262826857e-01 8.472002266165529205e-01 7.510813150825792484e-01 5.892683199113147863e-01 6.658212797684665007e-01 4.869004286740519771e-01 5.879322201300757333e-01 6.827708569549076900e-01 6.064785552217167863e-01 5.675239337621102997e-01 6.155400031297815211e-01 7.554195761771068662e-01 7.615757720347611226e-01 7.381806388156392229e-01 6.750486440463064897e-01 7.196137686610040163e-01 7.494367486112737398e-01 7.915304329403866079e-01 7.283337381171186564e-01 7.780988214521692425e-01 7.252583935269181215e-01 7.559994956058448956e-01 7.316648849325607662e-01 8.101675675840508406e-01 8.184747574952254690e-01 8.226836083423371138e-01 8.557432884511012583e-01 8.519427342855683261e-01 8.371746628961741488e-01 8.564600640025422651e-01 8.372656987760637159e-01 8.388694247199747211e-01 8.666288245287390168e-01 8.642756577082658653e-01 8.573314036468380195e-01 8.414241260446593262e-01 8.518789420060262074e-01 8.478908068100079465e-01 8.635364883442586681e-01 8.590957447189211393e-01 8.356465606955155723e-01 8.310709281482490107e-01 8.405659012546986553e-01 8.683183439970687534e-01 8.526465888371429491e-01 8.664411032254040190e-01 8.649537990258424625e-01 8.574589653308322124e-01 8.432871538427774150e-01 8.540605052445346956e-01 8.530094290799516976e-01 8.502486729817149147e-01 8.629819647915349945e-01 8.409158300891277360e-01 8.368271746464144289e-01 8.232760254716592341e-01 8.308760391534596446e-01 8.383654787521853669e-01 8.162104749870978671e-01 8.163608868252071327e-01 8.548592608501194290e-01 8.578317174964217307e-01 8.526635398637008034e-01 8.288165424232841749e-01 8.441531020653991746e-01 8.449805628370009591e-01 8.490341973683634968e-01 8.464066370035420173e-01 8.546193402083882562e-01 8.357704719121198389e-01 8.516180610132810802e-01 8.508432029230031945e-01 8.497670740677024659e-01 8.621502677058717756e-01 8.650520610689917955e-01 8.569628446625411344e-01 8.632027559403544492e-01 8.725503140854816708e-01 8.665005216483765427e-01 8.646477541528627686e-01 8.744083425977174917e-01 8.719115676118972535e-01 8.632487475195018689e-01 8.614195555521220182e-01 8.687056270078762354e-01 8.677485128757281840e-01 8.714809171721826786e-01 8.678353105502757403e-01 8.723906661860932887e-01 8.733548740062089255e-01 8.692497579854580048e-01 8.595798159645761105e-01 8.701735258673938267e-01 8.682973689418089780e-01 8.642444737621967077e-01 8.708299606726400688e-01 8.685481530887670942e-01 8.743871466458550401e-01 8.679008190192434302e-01 8.689112799721938618e-01 8.632229652891785232e-01 8.684055656420248681e-01
