1.000000000000000000e+00 1.054681018325793751e-01 1.694914569051829689e-01 1.403652544212227737e-01 8.260108485688061331e-02 6.937173711047658897e-02 1.148825395839144364e-01 1.454333889289854687e-01 1.037820351078758141e-01 4.767398803766294962e-02 5.632598651362482473e-02 1.175792495481235191e-02 3.479008796173956031e-02 3.312096578188430951e-02 5.910003703475986969e-02 6.451390610372695344e-02 1.253421710100722231e-01 2.242796253955869346e-01 1.792024914943181058e-01 2.516998781409975905e-01 2.637405923193740787e-01 1.969640118704672760e-01 1.531982537607598782e-01 2.166203304960019060e-01 2.030047076755400470e-01 1.489258901829819681e-01 1.510380170737642969e-01 1.654715504206386578e-01 2.154532147228727379e-01 1.636301827082911053e-01 1.312753813238901335e-01 9.745446458460264860e-02 1.119967128024009356e-01 9.790718799536217432e-02 8.410977110441326954e-02 7.823896200033342296e-02 6.387839444845620773e-02 8.487423296028163977e-02 8.027090670885805856e-02 7.439562913109755427e-02 4.632489993495874508e-02 4.994685273580048296e-02 6.325186256566085741e-02 7.565600498148661313e-02 7.092841294585289225e-02 6.429403889500184821e-02 7.815782816063408106e-03 1.749620160733801263e-02 3.275384597104284701e-02 5.388761850318230656e-02 7.231058553292663005e-02 6.458081397154151471e-02 6.376681756415075730e-02 4.802128836258350020e-02 7.200480843457207625e-02 6.664210225304961766e-02 7.549685012766768621e-02 4.921360681360671674e-02 5.237166184747654718e-02 3.849153270145087152e-02 2.644634589224738666e-02 4.832176306255517306e-02 4.655936080687614331e-02 4.357453541011958864e-02 7.033337933184738433e-02 6.782588595326126402e-02 2.318016824628825120e-02 6.939078735319682834e-02 6.210126767265488484e-02 1.249439040767154063e-01 1.057071911097980793e-01 7.214486771811337573e-02 8.750444564913380241e-02 1.019836067337806795e-01 6.144207996766044150e-02 5.542507495987506611e-02 6.135786559451844591e-02 9.174453245745484153e-02 7.584818956677731594e-02 6.710754250278160027e-02 3.671759242298416187e-02 4.993518832889327907e-02 5.881037607216624968e-02 4.599794770555612478e-02 4.724767721410141202e-02 4.736868808221637861e-02 3.061353948350436366e-02 2.934202983998156558e-02 3.352195783737393214e-02 5.264986522363132582e-02 4.375850624705398401e-02 2.821102052155359183e-02 3.143874619164913758e-02 3.204668268668336983e-02 5.667935458543676801e-03 1.142398957982141555e-02 4.079951365970149041e-02 6.819749137463536337e-02 1.894883578550820083e-02 3.060333643074099677e-02 2.367301462223457553e-02 3.815265824877109996e-02 2.367096930317241776e-02 3.052176177229798740e-02 3.655471880773955573e-02 6.106165046964716347e-02 2.088045096578254600e-02 1.992131413759255093e-02 2.989031152008430822e-02 2.932575092434322114e-02 2.054033670033552500e-02 1.943545925703296304e-02 2.258424322889466054e-02 3.210883612472353182e-02 4.117967783666321574e-02 3.346859705023632475e-02
1.054681018325793751e-01 1.000000000000000000e+00 1.142799867937972086e-01 3.436357279649275565e-02 5.413322179404978646e-02 7.094619380738183267e-02 1.782479831129419601e-01 1.575542804097690985e-01 1.752196970674366472e-01 1.970748574611662640e-01 1.381398507641503071e-01 1.148267941363970007e-01 1.056379735922984564e-01 9.797504204122892135e-02 1.661727366011091500e-01 1.568209931422092918e-01 1.768138917057454074e-01 2.246496180176164592e-01 1.991205551494703851e-01 1.766198019812069975e-01 1.783579669904263310e-01 1.818853948258094544e-01 2.116828491914078680e-01 1.976357513137111943e-01 2.014282671718774786e-01 2.141922603993182406e-01 2.101347059435279274e-01 2.168900185372266698e-01 2.482996236104019205e-01 2.376125321165390991e-01 2.100398589126803994e-01 2.087943498217068594e-01 2.264033508057939070e-01 1.967082702289330298e-01 2.108037738856024523e-01 1.665323699189344975e-01 1.783361521012300221e-01 2.139676622101260028e-01 1.961117347658072607e-01 1.762718920039416937e-01 1.780467580502255176e-01 1.753073073281733174e-01 1.608038824847187742e-01 1.766715495412970183e-01 1.656628505176090393e-01 1.775943965509369227e-01 1.638885312399921690e-01 1.716280079967504868e-01 1.671301994341685693e-01 1.704876870549403012e-01 1.862099830343694473e-01 1.387169394644311160e-01 1.612864005092218000e-01 1.866126002523360583e-01 2.007575984766315491e-01 2.025721584352298821e-01 1.821153896158416441e-01 1.852427440279819926e-01 2.022276651037492601e-01 1.783840241775342395e-01 1.596777654644234157e-01 1.856738840207663166e-01 1.877971192634928232e-01 1.618968419441340623e-01 1.743157508538477896e-01 1.676188905123128792e-01 1.693299068740575786e-01 1.878754067036276232e-01 1.949914214363897280e-01 1.825606096830663938e-01 1.781417697316272364e-01 1.838396850640619251e-01 1.855207343727624247e-01 1.881146823771253362e-01 1.839953591335152516e-01 1.839768936027339763e-01 1.920094325771118382e-01 2.121023189032664735e-01 1.917990710332808657e-01 1.994586540142460618e-01 1.826345312746748550e-01 1.818790988119359242e-01 1.904364770052383860e-01 2.011027039894771329e-01 1.869058547264169923e-01 1.793166237827795439e-01 1.652554901403460730e-01 1.886108124516368556e-01 1.739963789502285141e-01 1.946436010641528214e-01 1.775499347433676933e-01 1.714914682761275455e-01 1.671818035160531901e-01 1.672557965107838718e-01 1.619266263430332864e-01 1.715472356466919979e-01 1.637190506998796036e-01 1.657952207718748905e-01 1.626412766343225125e-01 1.698023495516879089e-01 1.493775382380134742e-01 1.674608127460497087e-01 1.573098030775949285e-01 1.652396994937722075e-01 1.548632157549635346e-01 1.711740960035257608e-01 1.682877966013061610e-01 1.772517492651078663e-01 1.864090019797733644e-01 1.702056680498311159e-01 1.803895660736901385e-01 1.692468672217109782e-01 1.748679801545571788e-01 1.644956767200710934e-01 1.720091079467388206e-01 1.631495122737749159e-01
1.694914569051829689e-01 1.142799867937972086e-01 1.000000000000000000e+00 3.749252697995507089e-01 2.087131626008932872e-01 2.599388585475188584e-01 3.867056737794247745e-01 4.082295698439419307e-01 3.434788890278340223e-01 2.754161672921922599e-01 3.589528337585015105e-01 3.353950639999764838e-01 2.803128525869983956e-01 2.349093343115259414e-01 3.697406883004507594e-01 3.690278086344059294e-01 3.794607917658027740e-01 4.462643571845005819e-01 4.233186440945269635e-01 4.325698742012794029e-01 4.661683123707022203e-01 4.468198046564242354e-01 4.502188367026898064e-01 4.626276932926625673e-01 4.328964226670108384e-01 4.421574110611337094e-01 4.495150150497683739e-01 4.459889141971679627e-01 4.597746806300279654e-01 4.455102922105816377e-01 4.192412681104191186e-01 4.239913095661591580e-01 4.331027600254505061e-01 4.261824538815591756e-01 3.993168226365258477e-01 3.889398822717770043e-01 3.758205110037932672e-01 4.104837081572140778e-01 4.152626363135913934e-01 4.070815167150037550e-01 3.565905184975919906e-01 3.771884284960248523e-01 3.900599070973074789e-01 3.926884037304017583e-01 3.908305210055081913e-01 3.874272492748427887e-01 3.228691415784298857e-01 3.267295256173353701e-01 3.533331471300015791e-01 3.944540610002308378e-01 4.036271030907709334e-01 3.834137280372292844e-01 3.797584815604536645e-01 3.451567340747488388e-01 3.754597768899946564e-01 3.847064436480894245e-01 3.881054319475247261e-01 3.572693941348724644e-01 3.669352307101737543e-01 3.467779876782219883e-01 3.457277384104831541e-01 3.570568471252680287e-01 3.542529366057021178e-01 3.663854812079749279e-01 3.743947807707392328e-01 3.720275176941929551e-01 3.350895197340880705e-01 3.749236628953497852e-01 3.793774150528444467e-01 4.177577584218419848e-01 4.089108168404786414e-01 3.779562224161562844e-01 3.968728283475977947e-01 4.029406753132993013e-01 3.746164178771727027e-01 3.702506582543096947e-01 3.703155173625217178e-01 3.925626918052070313e-01 3.861461287441841361e-01 3.806870122557855507e-01 3.563952026721210475e-01 3.669295513076920034e-01 3.743635347488524778e-01 3.692913011304100879e-01 3.866381525470702907e-01 3.710621467638491322e-01 3.574322181616541583e-01 3.546766284751190490e-01 3.621319691011002928e-01 3.620311185320770342e-01 3.728620673881965497e-01 3.503756370068819570e-01 3.522178244216220833e-01 3.520951765088092822e-01 3.235602242139152818e-01 3.255104648063587569e-01 3.764655418694163869e-01 3.875076393011178122e-01 3.405153472733296605e-01 3.624084726163825931e-01 3.497351407260234080e-01 3.630953483698142192e-01 3.445159479573453032e-01 3.515394058360716278e-01 3.589812835653413137e-01 3.707758600953428019e-01 3.386608908041047750e-01 3.293842898863478252e-01 3.403333014504574261e-01 3.426324790448376234e-01 3.370956242424488769e-01 3.311619508100936971e-01 3.391531122285668665e-01 3.494333218716952350e-01 3.480174744989853464e-01 3.413460743314639112e-01
1.403652544212227737e-01 3.436357279649275565e-02 3.749252697995507089e-01 1.000000000000000000e+00 4.098219056923126935e-01 4.209016648461337828e-01 5.811739390574591768e-01 5.697588324938336335e-01 5.564727077722690929e-01 4.716494843423199024e-01 5.824561655786667513e-01 5.999023123530832224e-01 5.460560645030706484e-01 4.550610511320533624e-01 5.993907593577295634e-01 6.079825191448499089e-01 5.415778518899643235e-01 5.272846892020225384e-01 5.496090076017852155e-01 5.006742659136608209e-01 5.288861018416803894e-01 5.857391782776437683e-01 6.096738341866918542e-01 5.900344605587268809e-01 5.635542877805308493e-01 5.980427690643641547e-01 6.037738904629903480e-01 6.083133069279476057e-01 5.418949320641067713e-01 5.671999213054053079e-01 5.977542718163091351e-01 5.953591426115578678e-01 5.713496647186938615e-01 6.143821983981011536e-01 5.546266945377856805e-01 6.212237928358643746e-01 5.926858285001409543e-01 5.893370745654410436e-01 6.145509476572019736e-01 6.282300186268214848e-01 5.813193684193115329e-01 6.051944048353831151e-01 6.105790400137135476e-01 6.018125407736010235e-01 6.313443199698257624e-01 5.922857453622071278e-01 5.523495625687706578e-01 5.592449962827498178e-01 5.785703174658551884e-01 5.928641768849436389e-01 6.020574292006799499e-01 6.267358038197783365e-01 6.034115580630546871e-01 5.604044756362382973e-01 5.670102380321339064e-01 5.890541380990367282e-01 5.958729402614787451e-01 5.714327082247872003e-01 5.512791092891586864e-01 5.621281373991677821e-01 5.802098791500244213e-01 5.531106833518901755e-01 5.659176039403909231e-01 6.005939400639185299e-01 5.898538540049182988e-01 6.008880112406141949e-01 5.648189936815369849e-01 5.906901094961266585e-01 5.956431310335217333e-01 6.105443032556183702e-01 6.099315515970451518e-01 5.878167667585618705e-01 6.111225042055500323e-01 6.006906919444339188e-01 5.905292095946836906e-01 5.825413098524161448e-01 5.726756832325060609e-01 5.681383589021220537e-01 5.889728133161622470e-01 5.722731289131375298e-01 5.745415366275476998e-01 5.856991243320976981e-01 5.923193169893492538e-01 5.580118996110684515e-01 5.837915811294135393e-01 5.967277045981050909e-01 5.893103361844020949e-01 5.687166410086952339e-01 5.930497461225266997e-01 5.727664846916951102e-01 5.976012521714517689e-01 5.803756321254684991e-01 5.915431975247886776e-01 5.887991907536118674e-01 5.537103708498414267e-01 5.575820430174768250e-01 6.053715386818444566e-01 6.013234109991731913e-01 5.721040219995123799e-01 5.844841870569668085e-01 6.073689604072045611e-01 5.831784246147890816e-01 5.891271428331924520e-01 5.839214401162241552e-01 6.029565628890255491e-01 5.953163585438547845e-01 5.653562037010990693e-01 5.524853750352123338e-01 5.556723077754665008e-01 5.621669048901856147e-01 5.506001342556652300e-01 5.581619064726510704e-01 5.537287991929772391e-01 5.851222800385479372e-01 5.731487882750787577e-01 5.798420513043058833e-01
8.260108485688061331e-02 5.413322179404978646e-02 2.087131626008932872e-01 4.098219056923126935e-01 1.000000000000000000e+00 3.204635414680790384e-01 4.866039765644403770e-01 4.615924708279495747e-01 4.712193823723946906e-01 4.357952056113542083e-01 4.822693852273731152e-01 5.138208744376513426e-01 4.976394170310250997e-01 3.795357360809609171e-01 5.271025646814786469e-01 5.305554254553160876e-01 4.561168195735657571e-01 4.237035619364229455e-01 4.615859868697426149e-01 3.850925727190280812e-01 4.087990598526448638e-01 4.707287062379072462e-01 4.615773852885216577e-01 4.468038112561439901e-01 4.529627119206681707e-01 5.092102141983940733e-01 5.047769646283032374e-01 5.108849676086149039e-01 4.607097532944742224e-01 4.754194066206862690e-01 5.141629562352384442e-01 4.901602603458777296e-01 4.817678868188433050e-01 4.913643073136584882e-01 4.968475493695005962e-01 5.042461506941260385e-01 5.207267399093500337e-01 5.031310824439925167e-01 5.120354531517433694e-01 5.193884375662943809e-01 5.318915533419393826e-01 5.381324990587066370e-01 5.262116403714313106e-01 5.403693465372561011e-01 5.393907212446144017e-01 5.271551463326107356e-01 5.204940000223062802e-01 5.156417397752229848e-01 5.233905748481688658e-01 5.064276145316023436e-01 5.176052032055149521e-01 5.302611282942411020e-01 5.272743788818781141e-01 5.183410315795423662e-01 5.162104935585702936e-01 5.183563288332223573e-01 5.102731453456039734e-01 5.182024477668727425e-01 5.117645573092264311e-01 5.241035823032310637e-01 5.220048812203733624e-01 5.097045474859661640e-01 5.111442994778655491e-01 5.231291257730674715e-01 5.198068578986058119e-01 5.287569409432331113e-01 5.198064196619410771e-01 5.258842551805481547e-01 5.198901546501006887e-01 5.208723161051338479e-01 5.282527678169597340e-01 5.252682351419363238e-01 5.225285662902536821e-01 5.202282813587483234e-01 5.335467641086552026e-01 5.290381208297416649e-01 5.280429430603774676e-01 5.189644452706922984e-01 5.248982359445433232e-01 5.168810850151200897e-01 5.218046572925854054e-01 5.248608628774941165e-01 5.148981886678536402e-01 5.146623157554837125e-01 5.139307742353994568e-01 5.214640424283034648e-01 5.244710140513971774e-01 5.197647639978478784e-01 5.256515309747189502e-01 5.216501671406155172e-01 5.349024682040790513e-01 5.290961789853422248e-01 5.295505706890474285e-01 5.322829091307634819e-01 5.176914268556539467e-01 5.187768756442838747e-01 5.227609839928448743e-01 5.177675862171212673e-01 5.219169264777668849e-01 5.229875069248514086e-01 5.328057397438151765e-01 5.203934516036528013e-01 5.298024332655071333e-01 5.306612157631280802e-01 5.306733151505956814e-01 5.231376406130101575e-01 5.173341729739722172e-01 5.186599382302627959e-01 5.187620619836602609e-01 5.231134696505777004e-01 5.172577004784953969e-01 5.210459710640715780e-01 5.157866356965020715e-01 5.234514427247951573e-01 5.188934308418271524e-01 5.235236482269205460e-01
6.937173711047658897e-02 7.094619380738183267e-02 2.599388585475188584e-01 4.209016648461337828e-01 3.204635414680790384e-01 1.000000000000000000e+00 5.645413304404252042e-01 5.281094454106236569e-01 5.520083997787679220e-01 4.576467993442617788e-01 5.473869067100903818e-01 5.766894214688980114e-01 5.329458875173844756e-01 4.190583000722074569e-01 5.882039338012035046e-01 5.872256056255714673e-01 5.551623676468302460e-01 5.060895155099599529e-01 5.447482271522460229e-01 4.424458345157433192e-01 4.944527779360520792e-01 5.555138203011115161e-01 5.559171501500440593e-01 5.270660267784745834e-01 5.275698492406786233e-01 5.835444059536416539e-01 5.776434671051294822e-01 5.860630319671302768e-01 5.487112076754954160e-01 5.699800736166802384e-01 5.942375374758219753e-01 5.849073775363957672e-01 5.803982429290026612e-01 5.802518876265518877e-01 5.726376594782262019e-01 5.852205207768937933e-01 5.899558711213265250e-01 5.852127042951357216e-01 5.950612173685733142e-01 5.968794339408314276e-01 5.927072109853224191e-01 5.993440702908067186e-01 5.991628605470830093e-01 6.088884237676140954e-01 6.075901251023931859e-01 6.017571894266831034e-01 5.840019933012349229e-01 5.856975843640971346e-01 5.903457053942745558e-01 5.904673525389949607e-01 5.997039230514137342e-01 6.054726730081535502e-01 6.105895946007020569e-01 5.883674722032014026e-01 5.959553458941314608e-01 5.978382339733807616e-01 6.020618835032105487e-01 5.944269729783530076e-01 5.928025392344813405e-01 5.942815346585034186e-01 5.965139570976067951e-01 5.923469077394838411e-01 5.876436350943271547e-01 5.996609575068172493e-01 5.961724300916783070e-01 6.065939699394413687e-01 5.888385921744165863e-01 5.996940442918901049e-01 5.944690872620194133e-01 5.953206526958095823e-01 6.023515290664909205e-01 6.017744278737287011e-01 5.999918583083189150e-01 5.970220600020837987e-01 6.029773758391724359e-01 6.019640874886003079e-01 6.020805510476802125e-01 5.952676237071876653e-01 6.049790264652115113e-01 5.947407497864801718e-01 5.946427292230330730e-01 5.947698876692766312e-01 5.984312670826381630e-01 5.934364397535264457e-01 5.930081576323058545e-01 5.940416595090338703e-01 5.956261360154160300e-01 5.922586611979637761e-01 5.998189901904873444e-01 5.934921886223164522e-01 6.095903155128148398e-01 5.974960617892646209e-01 5.994785687113296513e-01 6.022455630542004057e-01 5.859475999409707869e-01 5.865875938747691087e-01 6.028181564237548029e-01 6.058145774668415307e-01 5.930249015258642897e-01 5.939750857201578915e-01 5.999597936508466178e-01 5.949142411094422433e-01 5.979897897428078091e-01 5.974917048508620043e-01 6.012241149459510714e-01 6.038206511864293580e-01 5.902808918885326106e-01 5.851839131320046850e-01 5.859798975456254055e-01 5.934043740107639575e-01 5.856694647086087002e-01 5.878921702199744193e-01 5.865772146101295714e-01 5.952388791136088431e-01 5.939069072722271692e-01 5.959493471547138155e-01
1.148825395839144364e-01 1.782479831129419601e-01 3.867056737794247745e-01 5.811739390574591768e-01 4.866039765644403770e-01 5.645413304404252042e-01 1.000000000000000000e+00 7.537236861774705421e-01 7.281080332983368431e-01 6.677873791427997308e-01 7.548103645510552129e-01 7.799830734440894586e-01 7.273379199952368923e-01 5.743619499905313619e-01 8.357313849341909684e-01 8.191839114815362421e-01 7.476802913074768187e-01 7.131835176378901187e-01 7.497806451425447216e-01 6.223437168487115922e-01 6.744988049489497595e-01 7.612170940305253986e-01 7.814810305610787600e-01 7.372270463422075926e-01 7.396941695479473111e-01 8.149919297977894495e-01 8.092483630116522608e-01 8.222024766086871717e-01 7.631131270089134278e-01 7.919084404804669353e-01 8.189542700389704777e-01 8.222299533313434106e-01 8.106027901494038401e-01 8.118028849167040484e-01 8.001545679607913186e-01 8.155278350012968858e-01 8.151763697795753050e-01 8.269534524073803849e-01 8.298938499953384396e-01 8.294626589244038506e-01 8.247229534754432212e-01 8.391759308637730674e-01 8.366429923278663194e-01 8.391112613788279662e-01 8.389562918892810028e-01 8.315031814745427186e-01 7.972427741451941774e-01 8.020174568991345065e-01 8.126206061822396354e-01 8.106081486179836926e-01 8.329239502289784713e-01 8.271562667217695619e-01 8.270403228969512854e-01 8.084894064866684493e-01 8.211839690724288543e-01 8.312619385088002577e-01 8.180412958232364806e-01 8.145978323866996940e-01 8.120439219718847967e-01 8.169608888645388811e-01 8.139677826868589872e-01 8.103153945293146698e-01 8.076333382617582046e-01 8.143828792115703763e-01 8.153689411222361239e-01 8.260395871859663730e-01 8.056555286190051346e-01 8.234444677163182957e-01 8.220426545528011220e-01 8.149159731868520495e-01 8.282364222656826147e-01 8.221903449593568336e-01 8.263609525453428084e-01 8.248063245152309486e-01 8.311331589032180389e-01 8.285032428145181482e-01 8.317758423203895912e-01 8.220804119463942516e-01 8.323525788362361455e-01 8.190608916516900484e-01 8.182706732970059793e-01 8.190408422084869411e-01 8.258205530317274112e-01 8.199955958226258224e-01 8.216918048192169977e-01 8.206469214153154779e-01 8.194722492938553149e-01 8.213099842571403020e-01 8.261741772372453996e-01 8.237349042005182032e-01 8.435118266728075520e-01 8.237431666788441742e-01 8.215436883027189552e-01 8.266282284202147723e-01 8.013563366036323687e-01 8.036254448014562568e-01 8.257280959301236400e-01 8.171177604782412507e-01 8.083263227699751807e-01 8.209574268133573716e-01 8.220869647627295773e-01 8.127481994370537866e-01 8.168402183592718968e-01 8.209282948097410548e-01 8.205995351713880614e-01 8.194293160489801719e-01 8.065196193428947335e-01 8.048875849192861365e-01 8.097124538939547422e-01 8.132713697512771178e-01 8.072703370139243662e-01 8.069848703406147239e-01 8.055743847502344623e-01 8.119120153003860363e-01 8.109453981064007611e-01 8.101125833589100100e-01
1.454333889289854687e-01 1.575542804097690985e-01 4.082295698439419307e-01 5.697588324938336335e-01 4.615924708279495747e-01 5.281094454106236569e-01 7.537236861774705421e-01 1.000000000000000000e+00 6.882802534428871244e-01 6.233757390161608347e-01 6.963329268170629360e-01 7.320547565964372616e-01 6.641818409312352234e-01 5.278547088210654437e-01 7.675249103347037138e-01 7.926357860582338155e-01 6.940565188720155820e-01 6.945520855307379948e-01 7.047799225220716668e-01 6.186662239817911635e-01 6.484150576252415421e-01 7.172664273856501627e-01 7.665286141414328069e-01 7.237428036636158746e-01 7.039684159796865126e-01 7.567674741306688047e-01 7.467898399564929512e-01 7.581382785837037508e-01 7.150675977320803955e-01 7.311937588559533907e-01 7.496775711899164030e-01 7.930243698612480241e-01 7.710276597776043461e-01 7.772084841525352950e-01 7.576610931169537322e-01 7.632488262003573887e-01 7.515630531770048917e-01 7.832373406531896176e-01 7.834821891801109217e-01 7.855627113360689195e-01 7.571489433624529752e-01 7.729387332121576693e-01 7.908933314594744912e-01 7.818010371956853888e-01 7.811699756996489663e-01 7.724113694661751683e-01 7.312266001562077733e-01 7.343831943859038258e-01 7.552438244414547697e-01 7.734496520187000845e-01 7.878134504405871485e-01 7.771513471090436553e-01 7.690301162768167220e-01 7.437167590541938766e-01 7.659043271305083778e-01 7.752776645921994891e-01 7.694347924076029299e-01 7.493913827996978583e-01 7.537351828910724416e-01 7.475336602155261412e-01 7.547907270961369264e-01 7.478859337432528509e-01 7.511924957448181672e-01 7.619511351902689134e-01 7.527192455094245949e-01 7.661983206029233662e-01 7.384116311442264768e-01 7.583387281630076249e-01 7.685252054773429320e-01 7.647367439677900114e-01 7.658197511538402669e-01 7.534078130694346065e-01 7.758160160289001572e-01 7.694898591669726562e-01 7.631794824608204575e-01 7.590959878237041325e-01 7.603194234067778279e-01 7.528553950438520159e-01 7.590479042232486373e-01 7.552643937014236197e-01 7.515699533882291838e-01 7.472926273421658383e-01 7.687523907391956568e-01 7.637282354315145794e-01 7.747025659404233044e-01 7.664671943032429491e-01 7.524859885386311342e-01 7.597976927267651170e-01 7.643068507153603086e-01 7.572343862865060782e-01 7.789074636439425880e-01 7.576306582256946420e-01 7.552928547999795406e-01 7.567875037248811276e-01 7.302752262511948977e-01 7.343558271555542527e-01 7.750180271103545016e-01 7.688341989605012028e-01 7.473358842220929610e-01 7.657951943234535541e-01 7.629648509687800839e-01 7.565995431192783505e-01 7.503790760295817597e-01 7.568268236222802647e-01 7.634542732014248934e-01 7.649791370930049128e-01 7.446580372795558178e-01 7.371004802952693113e-01 7.429533555307209491e-01 7.475039665165288394e-01 7.400412825371543990e-01 7.360719312284209614e-01 7.402542086712132763e-01 7.504844645655242008e-01 7.435187509286483865e-01 7.442501615955644523e-01
1.037820351078758141e-01 1.752196970674366472e-01 3.434788890278340223e-01 5.564727077722690929e-01 4.712193823723946906e-01 5.520083997787679220e-01 7.281080332983368431e-01 6.882802534428871244e-01 1.000000000000000000e+00 7.662063323638379497e-01 7.957025669461950113e-01 8.207143405125791880e-01 7.639994449909767171e-01 6.245962276398158153e-01 8.506844046699163497e-01 8.452315075775873598e-01 8.083104028495727844e-01 7.185092838384670166e-01 7.645606810488094762e-01 6.383070314052630145e-01 6.742024472454816175e-01 7.795621269489479976e-01 7.959714783665661209e-01 7.480375029598674841e-01 7.513906509709517012e-01 8.394954495264762562e-01 8.229054426342349293e-01 8.223658525876520464e-01 7.746854717320765804e-01 8.304269680052974723e-01 8.660540917422847595e-01 8.507262806475951455e-01 8.182464893931039596e-01 8.541283068444214255e-01 8.539911843850175321e-01 8.534004643690928926e-01 8.656263467894654839e-01 8.637779277848988135e-01 8.685625383693892365e-01 8.352662162295513282e-01 8.779536859243243230e-01 8.670344820689708243e-01 8.543241995596336791e-01 8.799763538807561236e-01 8.718498711105482357e-01 8.740277354986252245e-01 8.714308860073169960e-01 8.801643519642495805e-01 8.800952441749337885e-01 8.571715442324666645e-01 8.675620672074685347e-01 8.617342795465116057e-01 8.713759375404206420e-01 8.888797218821854473e-01 8.865669136603900879e-01 8.799561075225664775e-01 8.807146390840625561e-01 8.840210625661321098e-01 8.847584593075163983e-01 8.837081143721918775e-01 8.786723454983484949e-01 8.830278913052490575e-01 8.818927964631420036e-01 8.809704208369316669e-01 8.871148834411733963e-01 8.921695808469493061e-01 8.789772938015456560e-01 8.862115591347355936e-01 8.848517066146665000e-01 8.704901448602352376e-01 8.777495214448171046e-01 8.849416617434325838e-01 8.780467012167568752e-01 8.773430013501484215e-01 8.873080724345319137e-01 8.828174010498223145e-01 8.779582762077262625e-01 8.781149914474206675e-01 8.788651125324852265e-01 8.833974502058690170e-01 8.825287658379443734e-01 8.866708760359459651e-01 8.824415447142618385e-01 8.800679116619375408e-01 8.778963758530067274e-01 8.847610686310207750e-01 8.809097982581667319e-01 8.810108989450605721e-01 8.824113627764119672e-01 8.857177616904285955e-01 8.735934054914179514e-01 8.810849885135074722e-01 8.834956264046112118e-01 8.823752553016031008e-01 8.763531181790484847e-01 8.790882622539855085e-01 8.710747576843343998e-01 8.810660096809211916e-01 8.785777882651170101e-01 8.772724167089570591e-01 8.756950626657484804e-01 8.834535258894228305e-01 8.784346227816620667e-01 8.837427056991860042e-01 8.825956255994025224e-01 8.868697267644052307e-01 8.803179501253389772e-01 8.812297788584341207e-01 8.849743672374505987e-01 8.807392681984518301e-01 8.785561933457670669e-01 8.803241950213148703e-01 8.811736001578315269e-01 8.837646352227658264e-01 8.850932289735619074e-01 8.861555271261254418e-01
4.767398803766294962e-02 1.970748574611662640e-01 2.754161672921922599e-01 4.716494843423199024e-01 4.357952056113542083e-01 4.576467993442617788e-01 6.677873791427997308e-01 6.233757390161608347e-01 7.662063323638379497e-01 1.000000000000000000e+00 7.370251267211018753e-01 7.593851956471416864e-01 7.076794839349429544e-01 5.833871910964473217e-01 7.953484858195715157e-01 7.784774474459187354e-01 7.362793689122404395e-01 6.235194246949867791e-01 6.668763181043149135e-01 5.449912703998343044e-01 5.896319590212532047e-01 6.786929978847552336e-01 7.131888704817409552e-01 6.484375391059462590e-01 6.581484895856039019e-01 7.566152751163137680e-01 7.420144236730775722e-01 7.415583238628232765e-01 6.949310364229482895e-01 7.517523029323711636e-01 7.890013118776171286e-01 7.876120810030154962e-01 7.581696477973679515e-01 7.937422106473204231e-01 7.878848606674547783e-01 7.864263453530772052e-01 8.045893139080044776e-01 8.065520475579737170e-01 8.025991305355395511e-01 7.725316511788241636e-01 8.242395956684211988e-01 8.104291667523689791e-01 7.967390054961832613e-01 8.158666146660559226e-01 8.038793179336878314e-01 8.104614491528399078e-01 8.299431324201868021e-01 8.356653926235421137e-01 8.297886570873819201e-01 7.995014793598999026e-01 8.128080796135007668e-01 7.902110330433235186e-01 8.063217385344708665e-01 8.337264775416686202e-01 8.228171795893025608e-01 8.221839342138551610e-01 8.127485617536374107e-01 8.303941553181619639e-01 8.331460536290422603e-01 8.308376526879392987e-01 8.268743184374330868e-01 8.301722349260327594e-01 8.274530883737672982e-01 8.209199699200340206e-01 8.217454570478868181e-01 8.250562559876919444e-01 8.294445501009056754e-01 8.211257157075455559e-01 8.239873138060387348e-01 7.932773463755670162e-01 8.046605936618728139e-01 8.203956379507303387e-01 8.068727786726432871e-01 8.018941363918583587e-01 8.270051004505041270e-01 8.267910092677411837e-01 8.211225852003003478e-01 8.174581248876244821e-01 8.188627598018304310e-01 8.262705526234739306e-01 8.307630620922473730e-01 8.294620731031671079e-01 8.244222608646792905e-01 8.277817237892466373e-01 8.234109010507929538e-01 8.259567034923052109e-01 8.273723714453837808e-01 8.321034630423916889e-01 8.282706607573583346e-01 8.315046545402159373e-01 8.201505244093935110e-01 8.299170380303680927e-01 8.296084398336006638e-01 8.278628518412218806e-01 8.326681906751893791e-01 8.351306015559248896e-01 8.132964529635521300e-01 8.134400140257329603e-01 8.284400336446843260e-01 8.276387583576152451e-01 8.208752035641770917e-01 8.262209139687373138e-01 8.275241631183365421e-01 8.299602283639785361e-01 8.219300365713061440e-01 8.218178117695240648e-01 8.321099411324242023e-01 8.349717982993269949e-01 8.340082307619324231e-01 8.328882829292486578e-01 8.335656046850603573e-01 8.338690359437740396e-01 8.347664360878204182e-01 8.298479491232845229e-01 8.305653397981959118e-01 8.318723214089804863e-01
5.632598651362482473e-02 1.381398507641503071e-01 3.589528337585015105e-01 5.824561655786667513e-01 4.822693852273731152e-01 5.473869067100903818e-01 7.548103645510552129e-01 6.963329268170629360e-01 7.957025669461950113e-01 7.370251267211018753e-01 1.000000000000000000e+00 8.563053785385633665e-01 7.748988407893783181e-01 6.255786122494529922e-01 8.638009922308786948e-01 8.461031892783515973e-01 8.002175888479672317e-01 6.866062648079579445e-01 7.468141175489212413e-01 6.045341414501356203e-01 6.540690249289936586e-01 7.692997379750683429e-01 7.928935049334862040e-01 7.348340145664697953e-01 7.380064745578184260e-01 8.310850390888429029e-01 8.200051791463306428e-01 8.189308451392914856e-01 7.595218161941532653e-01 8.180400670118083140e-01 8.603478622842000156e-01 8.578472890556829711e-01 8.235199808142852351e-01 8.637860256343518062e-01 8.492098003732190259e-01 8.701305894765668514e-01 8.753302485154024204e-01 8.642216455629558869e-01 8.777328373167395670e-01 8.576526657192629077e-01 8.790773368141847621e-01 8.805896325574020800e-01 8.660397346723535117e-01 8.828056151032919185e-01 8.861683087490612731e-01 8.768025647698447500e-01 8.777693370058893274e-01 8.799910910508477180e-01 8.852152984406249647e-01 8.666155421415137061e-01 8.754048332302870605e-01 8.717149317525219043e-01 8.777453307418158213e-01 8.793471513276646112e-01 8.757506745838742335e-01 8.791419653311114413e-01 8.797439160588005347e-01 8.813301518505949339e-01 8.767817902775602024e-01 8.825841306100503658e-01 8.857215950723833497e-01 8.769502325518593322e-01 8.789795756502667423e-01 8.882533617477399446e-01 8.811030442800755758e-01 8.887003505608638276e-01 8.821814896340470780e-01 8.857420970770755186e-01 8.833694634782343069e-01 8.644148811788752162e-01 8.762570148249041457e-01 8.846345856557584764e-01 8.770137020238656378e-01 8.726421800430865794e-01 8.900109790908525831e-01 8.851977784387962123e-01 8.803851201626287093e-01 8.745560593158190343e-01 8.818955489305690953e-01 8.816015194275400590e-01 8.867746462407729569e-01 8.914614306420839407e-01 8.850649689126649511e-01 8.764515020994554373e-01 8.842162860949990266e-01 8.916797472316294604e-01 8.892847013893430130e-01 8.858542420500532533e-01 8.930428123503503235e-01 8.840071365951366333e-01 8.884415987731490993e-01 8.900956049329054043e-01 8.923937069524804366e-01 8.924485545056639602e-01 8.836868907254501471e-01 8.841773845986657943e-01 8.869451462584118095e-01 8.843453910447153232e-01 8.873028200184935876e-01 8.884321955983078833e-01 8.896756821275654259e-01 8.873690105036766695e-01 8.891486176000231723e-01 8.909395794800499813e-01 8.910400610813559164e-01 8.863780939938350478e-01 8.855819938284084092e-01 8.818451746327029550e-01 8.817893208433674745e-01 8.851805816165919660e-01 8.817576755262828136e-01 8.843581317965670818e-01 8.831449092122897193e-01 8.896371313810363946e-01 8.858927161448870713e-01 8.881432449220252323e-01
1.175792495481235191e-02 1.148267941363970007e-01 3.353950639999764838e-01 5.999023123530832224e-01 5.138208744376513426e-01 5.766894214688980114e-01 7.799830734440894586e-01 7.320547565964372616e-01 8.207143405125791880e-01 7.593851956471416864e-01 8.563053785385633665e-01 1.000000000000000000e+00 8.276279821122518587e-01 6.566532948602037401e-01 9.057186502184441101e-01 8.985926655086818871e-01 8.286218082685279374e-01 6.597333319047660183e-01 7.167512211797927302e-01 5.800305561698581025e-01 6.247739437015200625e-01 7.400585726520469976e-01 7.925979309419913799e-01 7.102986029494834375e-01 7.068095606932642827e-01 8.219719836297882942e-01 7.992913823983233135e-01 7.994943039276714014e-01 7.194192883325517540e-01 7.898269522890822847e-01 8.588423058030482116e-01 8.758490142216029950e-01 8.229802023329370053e-01 8.828152082988683924e-01 8.490221426996977794e-01 8.983422072429161354e-01 8.949924963476924011e-01 8.820615281076584768e-01 8.966696479810868370e-01 8.836018364025142180e-01 9.127699946984311197e-01 9.102944428344091898e-01 9.099000445663454339e-01 9.117097682704764505e-01 9.170420164153404441e-01 9.045431771876260019e-01 9.265041704486564056e-01 9.272304308556970076e-01 9.290654683745619424e-01 9.046635994607824527e-01 9.085172554853282456e-01 9.162037473763154916e-01 9.195440974210294938e-01 9.180911111475590358e-01 9.050177086224749923e-01 9.106624030421374139e-01 9.105819673987327612e-01 9.125071855436223123e-01 9.094950773266552435e-01 9.248199020387078972e-01 9.360236429138593106e-01 9.191469411237850329e-01 9.204682641048695935e-01 9.310691662497913024e-01 9.132081802282082661e-01 9.267453111702026458e-01 9.300792791245489077e-01 9.095533479180668568e-01 9.156740679007702166e-01 8.783456781608111053e-01 8.934254525860853002e-01 9.071193832420013647e-01 9.037142370977999661e-01 8.866465052506102840e-01 9.191527684082472227e-01 9.159965645749605923e-01 9.101486478736341423e-01 8.876688737107337746e-01 9.016149558691237687e-01 9.024620370303017003e-01 9.192943725959034085e-01 9.189244087245643788e-01 9.211319337808407948e-01 9.088924171455146084e-01 9.194180237938993638e-01 9.254934916542378875e-01 9.299486184864561578e-01 9.254739357525217924e-01 9.311449122105364129e-01 9.197067616271226154e-01 9.254297938605219320e-01 9.324400172964474320e-01 9.333599040310555095e-01 9.300336247116418598e-01 9.321367536196684123e-01 9.333212136643436185e-01 9.263307700353419216e-01 9.192228100215440456e-01 9.340073925412863964e-01 9.329834464006867556e-01 9.369271018147808938e-01 9.286027654685726773e-01 9.372844047975386061e-01 9.345473802914723294e-01 9.378686656078052408e-01 9.247273906034910729e-01 9.331109515187016035e-01 9.277814944115037044e-01 9.231942559355854616e-01 9.315673142145651786e-01 9.264129171799038165e-01 9.317167308208900156e-01 9.296601395303454307e-01 9.357794433513640930e-01 9.264339780965628046e-01 9.326354515908615861e-01
3.479008796173956031e-02 1.056379735922984564e-01 2.803128525869983956e-01 5.460560645030706484e-01 4.976394170310250997e-01 5.329458875173844756e-01 7.273379199952368923e-01 6.641818409312352234e-01 7.639994449909767171e-01 7.076794839349429544e-01 7.748988407893783181e-01 8.276279821122518587e-01 1.000000000000000000e+00 6.248272066448767870e-01 8.360714295564991572e-01 8.325174757577002982e-01 7.539879717391337888e-01 6.104796133207711639e-01 6.759102809100048237e-01 5.383116153318605601e-01 5.893610053287077211e-01 7.024486007322342518e-01 7.243483389427010088e-01 6.552243838913373031e-01 6.671014501276614217e-01 7.683499929667796380e-01 7.559723747281055228e-01 7.516987676307103072e-01 6.763052168804816189e-01 7.392127580826199917e-01 7.996765196381552254e-01 7.913601245247643412e-01 7.544775287718241685e-01 8.028685966128127349e-01 7.870858914695574304e-01 8.268065260015516893e-01 8.276245343568509050e-01 8.014745610834788092e-01 8.224601587079904963e-01 8.063164988863028571e-01 8.459151263580055868e-01 8.414387913876385516e-01 8.348301801335061834e-01 8.442334976547949399e-01 8.438145856035651482e-01 8.369299416977439288e-01 8.512468328627431635e-01 8.535219540911191949e-01 8.515611632017103805e-01 8.188776598110615312e-01 8.295559794982637625e-01 8.446038335911254524e-01 8.432479721135551776e-01 8.452244457737789762e-01 8.313041940102534610e-01 8.352122291933059550e-01 8.304330692442800643e-01 8.436905252008637390e-01 8.320054535625894809e-01 8.508309460461433993e-01 8.571520104291232567e-01 8.392599944905753118e-01 8.384982380423662285e-01 8.518178919482300993e-01 8.426243450259808254e-01 8.514525334021850744e-01 8.544329109016745027e-01 8.409802731465386705e-01 8.407085733311713271e-01 8.122919978935787544e-01 8.281332605858912066e-01 8.421704039994316604e-01 8.302369423298137097e-01 8.236847309278090279e-01 8.478431813041826803e-01 8.458406239565746665e-01 8.408145417741776928e-01 8.219765124276313673e-01 8.356046292298008327e-01 8.335125339921255483e-01 8.487844878155592632e-01 8.482751187206640786e-01 8.434849308309776417e-01 8.352797755665682944e-01 8.373937003909726062e-01 8.480141571933408340e-01 8.558736892547125219e-01 8.468587180285728211e-01 8.546606673042151936e-01 8.466252767047175443e-01 8.492426945043629605e-01 8.577717488657011780e-01 8.588800273969566801e-01 8.560315496928231349e-01 8.554817178618909779e-01 8.566599022086933690e-01 8.447979001492154083e-01 8.405014536301905759e-01 8.549158877638376453e-01 8.511329443456792099e-01 8.622552983468673160e-01 8.487484971484869911e-01 8.592880003508730491e-01 8.581967665417060687e-01 8.611267607853453354e-01 8.482313658361155806e-01 8.531180098716923954e-01 8.514703905186068456e-01 8.468273052833710235e-01 8.533192846274216814e-01 8.477696803544981785e-01 8.554361441802120769e-01 8.505623736117334799e-01 8.574751144114968193e-01 8.509226092467327973e-01 8.584196515210258394e-01
