1.000000000000000000e+00 1.525906597465894188e-01 1.731256039934631064e-01 -2.239842627079698632e-03 2.708316877988989693e-02 5.718263884698334548e-02 8.191000588854957520e-02 4.419967426429104174e-02 1.765154495327574402e-01 1.039922935613349364e-01 9.322019933986271101e-02 2.847143831270130317e-03 3.244929114527353442e-02 2.655776234060158378e-02 3.016385153817222400e-02 3.846138226314563952e-02 1.615968775404470203e-01 2.563765938802928801e-01 1.459064505384011501e-01 6.769770250872376993e-02 1.223185520028945011e-01 1.365845000663581110e-01 2.213150730203660432e-01 1.924145437807295023e-01 1.357359353468542695e-01 2.125383782952277867e-01 2.123904588923946346e-01 1.748040134590303774e-01 1.584307589160311447e-01 1.649966635590603969e-01 1.627248430764783871e-01 1.855025993716641342e-01 1.792853203202405543e-01 1.479663541652648517e-01 1.677320143835245025e-01 1.238334736890360499e-01 1.684791725666659190e-01 8.405827049606193202e-02 8.912692966726476484e-02 1.039628203212634300e-01 8.218812535551349441e-02 7.410057194846084161e-02 7.447181757698301263e-02 6.776456827427362883e-02 1.017911899078162985e-01 9.615488810024745703e-02 2.767112592894286488e-02 5.362150399609819096e-02 4.298080885537907542e-02 8.458793631442457217e-02 5.080419169694727621e-02 1.834393085502268594e-02 1.733303836872609680e-02 7.868554550374255718e-02 8.569799946168919769e-02 1.077725925244720634e-01 7.197895476787530278e-02 4.335069917820225799e-02 5.365779039255418048e-02 4.729736050698253591e-02 5.535215747470200592e-02 4.303284634811124082e-02 3.810674961692721296e-02 2.712839408483734560e-02 7.481187183923901363e-02 6.503049574845078118e-02 4.790776397492974015e-02 8.493781086666654656e-02 1.051156017038755025e-01 4.174415541316298800e-02 2.866260047378967751e-02 6.810254928543663100e-02 8.494639097408664130e-02 5.522016144617655775e-02 7.862598246895932674e-02 6.258735291667648359e-02 5.489982764621684219e-02 7.705768199652393569e-02 6.347499570848326444e-02 6.840333821089086830e-02 8.878882673302856965e-02 5.949811550360140089e-02 8.179309471009460486e-02 7.763926592099829049e-02 6.964232115932503242e-02 7.195934769483686155e-02 7.270922753744259170e-02 3.203503780214795454e-02 4.463160664360093371e-02 6.948247137814188290e-02 6.262697455180911421e-02 3.625582432083056250e-02 4.381280001616543601e-02 3.763695162745049616e-02 1.457393888438780934e-02 2.678223611912648044e-02 1.007400941907195605e-02 3.713249276792624648e-02 1.986364226755476733e-02 2.627204446155431000e-02 2.208897753975130884e-02 1.445134719432607413e-02 2.376454614164298651e-02 1.354489153889504478e-02 2.671899810095642799e-02 4.414062520607275886e-02 2.955198075875982433e-02 4.242135306803073574e-02 4.949136856953663399e-02 1.947785616503036957e-02 2.019211643868513983e-02 2.389873167987853486e-02 1.719070628212905280e-02 2.431657579863528637e-02 4.500756739561637826e-02 3.983919098756996680e-02
1.525906597465894188e-01 1.000000000000000000e+00 1.628713442110290288e-01 1.100456623671184145e-02 5.718899611801579047e-02 1.094853139505364698e-01 1.991247370439321318e-01 1.253232864896560161e-01 1.971055528610018981e-01 2.609620790101480625e-01 1.615412136343483129e-01 1.054050015328967527e-01 1.221558519064648574e-01 1.361382968050744713e-01 1.766610735404312571e-01 1.568786719763964888e-01 2.037705805516832613e-01 2.668408664906594674e-01 2.093210689059270546e-01 4.249137192001135183e-02 8.935701986309739497e-02 1.711148886169106265e-01 2.874922432999384991e-01 2.209305980768327959e-01 2.053742286122776928e-01 2.836848522492250724e-01 2.823843352427888309e-01 2.828894643133857967e-01 2.830801839353687677e-01 2.870540583989180106e-01 2.904974931748253164e-01 2.679639577462071265e-01 2.779897287902339809e-01 2.264769823806196958e-01 2.632596049035478281e-01 1.999016042528874437e-01 2.698595322022392939e-01 2.032941131437053517e-01 2.055785462061423541e-01 2.177383445006171314e-01 2.076203423615746169e-01 2.020113185380841558e-01 1.877840498267586977e-01 1.851718855364520577e-01 1.990922262965698630e-01 2.214255006237624002e-01 1.617608464415433434e-01 1.786273696924554899e-01 1.482199905625377345e-01 1.519396409404689674e-01 1.601015797940839869e-01 4.119575079622986302e-02 1.009230780952960344e-01 1.931252570487665132e-01 2.018597499522753469e-01 2.307481454021429457e-01 1.497137807374709084e-01 1.741109694605131042e-01 1.794404216197885149e-01 1.577056016423088181e-01 1.608103124887124424e-01 1.647112751874025560e-01 1.565295873504035373e-01 1.411057693408635516e-01 1.558750327941992031e-01 1.589678235582112631e-01 1.708215028223118992e-01 1.957795094020694793e-01 2.188172232774245607e-01 1.323527214693728526e-01 1.300696087257967315e-01 1.810622766506001513e-01 1.925161383501155510e-01 1.666387921498014846e-01 2.019551050541912585e-01 2.021940484357959422e-01 1.952586954821452503e-01 2.170302950042528878e-01 2.151212420868846842e-01 2.167003191375285742e-01 2.208587494860914380e-01 2.076191952382245298e-01 1.963001047686627198e-01 2.127120614215557981e-01 1.853680890729453856e-01 1.899922376533620394e-01 1.953845997996822015e-01 1.744677114880106017e-01 1.844207152076518252e-01 1.982435970029593764e-01 1.997716046965778147e-01 1.800448249951532298e-01 1.751888672344476816e-01 1.840945038616093599e-01 1.549689721966303613e-01 1.640071239838249706e-01 1.221380799017603991e-01 1.107301377315245694e-01 1.425140459153522998e-01 1.565732144354583522e-01 1.536484674710682785e-01 1.395719544757132446e-01 1.346271616294393847e-01 1.460492261379045809e-01 1.339532055687387424e-01 1.431409638018929786e-01 1.530812923852636620e-01 1.821840337613714889e-01 1.822933106689005600e-01 1.516861976997199435e-01 1.678889146655843656e-01 1.497837439286423822e-01 1.494733627979242530e-01 1.415534878496184090e-01 1.572315698567894326e-01 1.506568195342056771e-01
1.731256039934631064e-01 1.628713442110290288e-01 1.000000000000000000e+00 2.651191669004080431e-01 2.015800996604193429e-01 2.583553188719718285e-01 3.576280867251076523e-01 3.276163691874300343e-01 3.633129338843218981e-01 3.602517305000568770e-01 4.174695671432281929e-01 3.513148236463337626e-01 3.339591009617976503e-01 3.432708947750051087e-01 3.592733706639555380e-01 3.521395281810958955e-01 3.946174963063435182e-01 4.179737042944166037e-01 4.139531388950998259e-01 2.928143118048687210e-01 3.387264139198346014e-01 4.150887773163923211e-01 4.292532424672771962e-01 3.992507195490574423e-01 3.909597821232261849e-01 4.411996351081229339e-01 4.316200913544899764e-01 4.263096976201096178e-01 4.093331977967097912e-01 4.361794029167592179e-01 4.488617825575638154e-01 4.353056808238435771e-01 4.023093554620581491e-01 4.184470315608117552e-01 4.212255681901655446e-01 3.594749247712146212e-01 4.174761394057351915e-01 3.933133664810614660e-01 3.975157269076456945e-01 3.724542863631908896e-01 4.002867233393677115e-01 3.941657480138988645e-01 3.770279692020272466e-01 3.862854630219951235e-01 4.085217391229085115e-01 3.951400126918018785e-01 3.756622300414260152e-01 3.865767147735563736e-01 3.722423213925974417e-01 3.769892992421359224e-01 3.771999979556409088e-01 3.219660341422420080e-01 3.542587728543161174e-01 3.892653203356257197e-01 3.991698322518800190e-01 4.183382921822225708e-01 3.621384581349659237e-01 3.797338888269258805e-01 3.773378391571513002e-01 3.687988707433777491e-01 3.777900339521233497e-01 3.625451643459333684e-01 3.660185293385073146e-01 3.603104788654946655e-01 3.853823180017728611e-01 3.785287459190734838e-01 3.898488363541130486e-01 4.199497307044721683e-01 4.215733349889386194e-01 3.840647884566245063e-01 3.952108038617603292e-01 4.144226540929402125e-01 4.203827104156178107e-01 3.993819326074388165e-01 4.107998196750511366e-01 4.027545108396194951e-01 3.947863426012115928e-01 4.037449683403166456e-01 4.031809818662692169e-01 4.102167496228599219e-01 4.196271923645708557e-01 4.063514626775497351e-01 4.018210558218179296e-01 4.128760943586144982e-01 3.954890782905436941e-01 4.064463274167130491e-01 3.989690142455969424e-01 3.858317300291752572e-01 3.888038117720348241e-01 3.993099447252186351e-01 3.941549640661260456e-01 3.881773678150650109e-01 3.904910071423004503e-01 3.851716655012828450e-01 3.719946554030226227e-01 3.782801027201688204e-01 3.549758742328621985e-01 3.601563631949242228e-01 3.701259870483561976e-01 3.812725903391911975e-01 3.671746378952823187e-01 3.675020615421844550e-01 3.706600399870555451e-01 3.671997830412873642e-01 3.724989086897169677e-01 3.716236479759985611e-01 3.766938049565696223e-01 3.851233772115825182e-01 3.888563326286166300e-01 3.712558207636449392e-01 3.691714007645136020e-01 3.710193174897365997e-01 3.648368285284124268e-01 3.672798944098717988e-01 3.850583261199289620e-01 3.761845500773127737e-01
-2.239842627079698632e-03 1.100456623671184145e-02 2.651191669004080431e-01 1.000000000000000000e+00 3.677053027367071514e-01 3.840192317488899110e-01 5.001898207942175878e-01 5.391364816740125132e-01 4.656560608709091054e-01 3.939155013313748177e-01 5.628978471518053528e-01 6.659884275945620047e-01 5.545994104179771123e-01 5.146731484894101483e-01 5.660676683057893621e-01 5.803192785368765927e-01 4.744970966772194543e-01 3.238736432695418777e-01 4.841114448330892661e-01 5.860642275529563960e-01 5.695858232474992899e-01 5.565634876098056738e-01 3.877545562296204062e-01 4.145739644161962612e-01 4.550223030594942597e-01 4.736075969520251450e-01 4.594007063854285144e-01 4.282575973633266364e-01 3.742750194869431390e-01 4.513507597683638628e-01 4.702736010708591929e-01 4.714592190905860236e-01 4.349306791876041967e-01 5.020610788806770808e-01 4.691413989864672840e-01 5.127511398299570144e-01 5.003762594068101865e-01 5.530853515668179288e-01 5.567384907212424849e-01 5.124880980349110215e-01 5.424385416975809893e-01 5.226667342943982497e-01 5.751195962173351051e-01 5.761019287019957247e-01 5.709054722838358131e-01 5.341382527035340999e-01 5.737190632235926735e-01 5.538115629142158491e-01 5.805169478589289334e-01 5.999975304800641007e-01 5.930907628093693429e-01 6.495533611326613777e-01 6.291969630473672748e-01 5.309029771991730096e-01 5.424269978654796542e-01 5.380116136770989321e-01 5.633600583919792237e-01 5.522177417576872305e-01 5.579947414669571559e-01 5.789475928677794148e-01 5.822238017967880097e-01 5.538184763037278247e-01 5.821021831278229142e-01 5.998745991008884726e-01 5.772003910226194412e-01 5.712220028636391111e-01 5.566829528407278849e-01 5.493931478801621360e-01 5.382765747998964345e-01 6.381831286770205391e-01 6.321468746600522604e-01 5.688993845769408919e-01 5.448529644369577429e-01 5.842423509007210747e-01 5.571479984190635948e-01 5.438355173912728935e-01 5.248247757165552807e-01 5.037838440233868287e-01 5.260318308102183149e-01 5.229810704373896169e-01 5.377558116314079539e-01 5.449250577402998674e-01 5.546448510114241337e-01 5.237718223352761937e-01 5.751962903620371215e-01 5.642810875026811335e-01 5.677240178100818602e-01 5.702679358925085706e-01 5.690944318559193471e-01 5.493772310909794676e-01 5.454047233439074382e-01 5.599962173147229327e-01 5.734499080184808362e-01 5.581673129003159595e-01 5.720357322042087800e-01 5.665830508837225166e-01 6.267344314066907174e-01 6.311750886735667532e-01 6.035463497457753679e-01 5.979769406372010820e-01 5.865496202315372276e-01 6.078549383017869401e-01 6.050326000727711540e-01 5.934908536013444591e-01 6.157788806059207865e-01 5.899025184561307311e-01 5.865662192853952073e-01 5.485817855481589511e-01 5.577500501806911259e-01 5.788616928109270310e-01 5.645902539004087339e-01 5.800197611002844145e-01 5.822184018520698556e-01 5.969770930609669124e-01 5.799498600360043499e-01 5.818877445456215325e-01
2.708316877988989693e-02 5.718899611801579047e-02 2.015800996604193429e-01 3.677053027367071514e-01 1.000000000000000000e+00 3.402008714036187098e-01 4.084511133217135215e-01 4.481080994683112606e-01 4.487011503643955623e-01 3.714373105456023061e-01 4.526211020850501865e-01 4.876507504092993384e-01 4.988887109298890676e-01 4.322049635578320559e-01 4.761467404901614797e-01 4.928199688848066695e-01 4.181539565057534880e-01 2.944879449428458029e-01 3.860658334966030614e-01 3.827556938702577072e-01 3.639604567569754145e-01 4.142131761552270697e-01 3.270165205918047491e-01 3.273585197004624248e-01 3.642133008429417895e-01 4.367472504923211596e-01 4.016582723762694984e-01 3.892119873858555512e-01 3.546660008129330910e-01 4.187860267830483263e-01 4.147427439233236091e-01 4.183370490568665834e-01 3.826954915019992742e-01 4.282741768346269851e-01 4.143642980960484112e-01 4.225529930608479812e-01 4.287445583778102809e-01 4.710016801820649524e-01 4.686964274690302856e-01 4.173684327426507301e-01 4.848621723804513728e-01 4.652461570372219413e-01 4.801413968749005390e-01 4.890987843070510044e-01 4.751170278547598991e-01 4.646994943475666329e-01 4.980122883549605306e-01 4.936170592128790724e-01 4.938445827058269288e-01 4.789773645148971970e-01 4.868734853632400439e-01 4.688719232626138433e-01 4.954060840298465385e-01 4.920622266364736430e-01 4.854020463066726077e-01 4.753840548399679289e-01 4.671688586326857573e-01 4.848438358956437821e-01 4.842179478830968553e-01 5.026475505195353577e-01 4.972199692346138677e-01 4.794364720723711670e-01 4.887495460206000009e-01 4.933481946140671481e-01 4.928973778092282099e-01 4.947026231210230884e-01 4.960338893104363489e-01 4.816995147599236748e-01 4.711482103330331128e-01 5.016006119655613826e-01 5.042310586559983765e-01 4.910557277923632835e-01 4.655158899232575420e-01 4.792143710323732431e-01 4.921296276497520439e-01 4.808257537737003484e-01 4.716251845483563354e-01 4.527377551403880540e-01 4.648246841723100986e-01 4.786721841416118894e-01 4.749401098717220826e-01 4.814533107976531889e-01 4.821784616972785154e-01 4.776559922741558384e-01 4.870833281134749893e-01 4.828354954166662050e-01 4.804467058768367438e-01 4.900878116341804702e-01 4.895023656350523389e-01 4.867284086086968165e-01 4.709056026095083114e-01 4.917855708763307354e-01 4.891734511332381241e-01 4.866968236329568542e-01 5.011916657524405627e-01 4.991085484647053705e-01 4.983746980462303577e-01 5.105306836580825181e-01 5.084014101592996271e-01 5.025133944550180809e-01 4.937314748496368644e-01 5.075816274433447850e-01 5.077404369134175255e-01 5.062428353129900804e-01 5.056299164631301579e-01 5.026962690051178795e-01 5.066726867892327180e-01 4.967900159918924863e-01 4.988505436883787780e-01 5.050757990779427553e-01 4.943017469185106427e-01 5.054015814591551470e-01 5.005620049824245354e-01 5.065225117261054066e-01 5.026747520286051207e-01 5.084975843479507818e-01
5.718263884698334548e-02 1.094853139505364698e-01 2.583553188719718285e-01 3.840192317488899110e-01 3.402008714036187098e-01 1.000000000000000000e+00 5.365362329484859583e-01 4.975975840351240520e-01 5.594358190750302606e-01 4.920054462549676155e-01 5.855916989026747066e-01 6.017102003784838837e-01 5.468455328201190513e-01 5.536335788457936724e-01 6.141927999256391324e-01 5.939883194533556177e-01 5.520476441414909896e-01 4.272119925630070147e-01 5.025034979677511782e-01 3.978464552606311710e-01 4.442435110722037228e-01 5.119025110631342246e-01 4.722924966934979873e-01 4.467498048662665866e-01 4.769215204864896140e-01 5.776647680746135327e-01 5.811370434322643552e-01 5.791605275171060052e-01 5.505798938416162081e-01 5.820680909229423161e-01 5.884498954035141116e-01 5.672595491918110966e-01 5.683862564566544151e-01 5.756812548761243153e-01 5.764229560009972442e-01 5.815502765557098996e-01 5.796634569008095594e-01 6.312596436541847433e-01 6.281572842990533756e-01 5.924347399666117786e-01 6.331539025732149106e-01 6.273645633853749404e-01 6.200268855421954273e-01 6.331062260502071659e-01 6.213938186258596286e-01 6.286794704737000972e-01 6.308724696741063731e-01 6.350532187220787605e-01 6.190284802099432770e-01 6.084243435415221946e-01 6.288693361895283385e-01 5.663058382416090719e-01 6.187279445098089470e-01 6.310087900983384346e-01 6.338050236199425091e-01 6.229721672465041715e-01 6.180160820208394634e-01 6.334467236145748803e-01 6.286358125079823944e-01 6.317504246140422941e-01 6.320929967869345356e-01 6.356902294038985213e-01 6.291499810114541402e-01 6.266697998581789442e-01 6.240715754668691995e-01 6.243384032572867337e-01 6.321827337914704970e-01 6.220209134670376949e-01 6.174607996639391860e-01 6.068909589741278143e-01 6.105951381216385698e-01 6.245733863930145180e-01 6.013957826493696590e-01 6.081409529606659481e-01 6.350734470316014013e-01 6.342092046984784126e-01 6.313934864710364359e-01 6.280203663543734161e-01 6.270163660962836394e-01 6.279452269526353270e-01 6.201818064962808519e-01 6.317644482987575527e-01 6.293275383586411920e-01 6.282601450489329054e-01 6.285902299203409704e-01 6.220529736751246874e-01 6.237798870157362785e-01 6.349571856747010523e-01 6.355613760962235403e-01 6.298990412622917923e-01 6.281549467351555949e-01 6.370596440902667190e-01 6.357968770627030475e-01 6.365103062692587521e-01 6.324945975525894104e-01 6.356907852621460631e-01 6.210321059740959715e-01 6.113915824542456301e-01 6.295655463306556454e-01 6.323384661080214686e-01 6.365970046143437644e-01 6.294517215874878557e-01 6.330131961505888194e-01 6.362734840556851790e-01 6.298387197003668669e-01 6.263676082460022387e-01 6.328306400850889357e-01 6.364098376242888211e-01 6.354860609616252987e-01 6.325444894202065793e-01 6.330387452778005741e-01 6.326611063619893560e-01 6.345525829851672572e-01 6.326640500609502782e-01 6.275681589081111289e-01 6.297647571186497650e-01
8.191000588854957520e-02 1.991247370439321318e-01 3.576280867251076523e-01 5.001898207942175878e-01 4.084511133217135215e-01 5.365362329484859583e-01 1.000000000000000000e+00 7.112943749104753133e-01 6.916438563405891138e-01 6.324895542620486699e-01 7.303572170160483878e-01 7.340549235747947376e-01 6.788919049887826018e-01 6.973800558835204777e-01 8.376408735268605632e-01 7.832238033006253541e-01 7.062545876040556836e-01 5.555020814497669823e-01 6.562437127420892580e-01 5.106313335264781594e-01 5.511332158324040442e-01 6.510324555886417563e-01 6.500787086677526361e-01 6.072783708669818870e-01 6.424512508192377069e-01 7.866106992751310534e-01 7.775317364929713593e-01 7.833388184679448418e-01 7.633198579732679567e-01 7.611148288318533295e-01 7.959860222226551318e-01 7.365969407593557783e-01 7.492450282607121537e-01 7.349212440072915298e-01 7.346699435522805466e-01 7.445341540051136908e-01 7.672557774715509371e-01 7.981095250925568374e-01 7.944236607120404026e-01 7.798978986871087926e-01 7.955978192508745828e-01 7.964513628103432330e-01 7.856788344594972662e-01 8.008500022547242470e-01 7.933741093311411641e-01 8.138593862197356366e-01 7.726464573889157972e-01 7.795777446261877852e-01 7.603555111876028061e-01 7.526459345229526976e-01 7.798217680073431524e-01 6.782179591876247304e-01 7.433512454046129481e-01 7.750425222393492186e-01 7.810770632406164315e-01 7.936646347027113135e-01 7.535999711883484276e-01 7.833960241399109403e-01 7.833592923202624680e-01 7.721585998191509148e-01 7.768527010231951468e-01 7.749956163793586539e-01 7.769605485075250506e-01 7.625860281563736631e-01 7.578098818012020121e-01 7.602345957338926263e-01 7.720798092243247313e-01 7.719308861873285244e-01 7.776772585133640003e-01 7.510900545789953586e-01 7.490317673016416711e-01 7.772713338265861971e-01 7.509190321773955290e-01 7.665029710953878972e-01 8.024055915043500908e-01 7.937586250505184182e-01 7.974435197837306255e-01 8.019518068514293052e-01 8.054814536141196024e-01 7.842340643348364448e-01 7.881713713603185623e-01 8.016342621681556979e-01 7.887172258816352866e-01 7.801887488864149844e-01 7.824275998366927443e-01 7.787072027173763678e-01 7.896837939635255044e-01 7.926401362083415059e-01 7.933478059654099912e-01 7.962357156631143518e-01 8.002373484467085740e-01 7.919570907456982001e-01 7.914233683917085704e-01 7.970446791864864711e-01 7.749333576020813741e-01 7.770837151809479870e-01 7.733706022375325118e-01 7.557724516028485606e-01 7.816095414830850352e-01 7.837594952834976425e-01 7.858993569103116528e-01 7.793063600035603500e-01 7.696915839093129152e-01 7.775436335768429741e-01 7.723126189670589392e-01 7.740605452339075487e-01 7.742107009800026640e-01 7.798636974093231533e-01 7.873091562341979488e-01 7.794685988845739821e-01 7.870448046166013123e-01 7.736554357739904297e-01 7.767942667747121943e-01 7.759468961516520213e-01 7.718750617015754933e-01 7.697538313999398030e-01
4.419967426429104174e-02 1.253232864896560161e-01 3.276163691874300343e-01 5.391364816740125132e-01 4.481080994683112606e-01 4.975975840351240520e-01 7.112943749104753133e-01 1.000000000000000000e+00 6.805500151577100754e-01 6.183636739287003969e-01 7.223522460493955188e-01 7.635775172673355815e-01 6.961771270699104175e-01 7.128845493951878609e-01 7.910104570157412418e-01 8.137375382724956197e-01 6.803611323991753945e-01 4.729573953588803725e-01 6.147123171133855868e-01 5.337901331262944193e-01 5.580638308677178250e-01 6.282622410244399491e-01 5.529668090933629321e-01 5.299113581576979648e-01 5.767462018412292668e-01 7.048590104735770190e-01 6.822188928746871772e-01 6.824740337422423586e-01 6.354672243087746697e-01 6.766766059601341254e-01 6.945621759193654210e-01 6.865970564324668235e-01 6.723493856967108773e-01 7.109690464849235392e-01 6.966947646070104083e-01 7.235543813186329221e-01 7.046366245847220933e-01 7.821248981273101197e-01 7.670145663955890702e-01 7.386380838250333758e-01 7.646149222010939495e-01 7.631378553311851665e-01 7.689881455236808883e-01 7.838740556805158244e-01 7.698099809663118132e-01 7.607056823823288294e-01 7.835662169999053628e-01 7.764677959883846681e-01 7.832831124879972018e-01 7.720517987604055277e-01 7.923556164332357099e-01 7.193673001134207601e-01 7.647422633900620159e-01 7.630805796336846969e-01 7.685960279990207145e-01 7.656621244727458420e-01 7.643040773531096788e-01 7.778987802695680465e-01 7.849987384736591967e-01 7.774712290779123292e-01 7.858483378774653305e-01 7.717090809095451531e-01 7.871945836702063382e-01 7.850518752232429343e-01 7.657164718157741801e-01 7.702534688733121415e-01 7.764406648100762309e-01 7.571017614076719360e-01 7.530100894904787623e-01 7.612228923385574442e-01 7.624357679689846012e-01 7.686958057431687585e-01 7.342124135495753379e-01 7.510490771654608766e-01 7.804844394501149196e-01 7.738686891750190533e-01 7.661786080487282824e-01 7.462746045989874233e-01 7.625725272032318758e-01 7.580245888185983549e-01 7.571226360482353757e-01 7.678902316010880469e-01 7.782787363899048572e-01 7.606199941084932359e-01 7.808784099701103765e-01 7.705078960711527758e-01 7.726016021743447038e-01 7.910273105644342051e-01 7.805953727703701661e-01 7.826440127460445595e-01 7.767075322794411152e-01 7.846111870518177600e-01 7.822535312739710145e-01 7.810965151859753375e-01 7.845700014782057696e-01 7.828608194877887394e-01 7.981413302641821028e-01 7.908971048460015085e-01 7.995506308624905634e-01 7.975342932362362580e-01 7.907612818155765888e-01 8.002084242161811023e-01 7.865621639219866346e-01 7.914332808474603409e-01 7.905904857494362448e-01 7.920203871472796253e-01 7.901593462321779837e-01 7.762915322791481554e-01 7.836389221899833224e-01 7.913772206559124278e-01 7.909571219792493890e-01 7.843229403927395316e-01 7.871090380876588632e-01 7.938036961913571554e-01 7.837507229002541598e-01 7.830599604352016518e-01
1.765154495327574402e-01 1.971055528610018981e-01 3.633129338843218981e-01 4.656560608709091054e-01 4.487011503643955623e-01 5.594358190750302606e-01 6.916438563405891138e-01 6.805500151577100754e-01 1.000000000000000000e+00 7.253972108179048695e-01 7.958140665401677305e-01 7.933047971432188872e-01 7.454457182362723699e-01 7.622230605954010141e-01 8.233769530499245315e-01 8.086034291963943854e-01 8.032282888234465457e-01 6.302544411660748747e-01 7.066208374942911652e-01 5.379313611320086785e-01 5.618784314497949905e-01 6.825235932466956479e-01 7.203045045252843837e-01 6.689671468196690673e-01 6.805609079953959251e-01 8.271696150964785721e-01 8.170918782308953521e-01 8.073095026506720284e-01 7.771586988699651366e-01 8.327039271041952739e-01 8.312967143512148827e-01 8.226998299369120415e-01 8.024722435227342743e-01 8.104581415820589774e-01 8.315731043221513685e-01 8.003718529335164256e-01 8.273395628586606154e-01 8.509335726618157958e-01 8.502450521761151236e-01 8.041528736736307525e-01 8.629544674944206184e-01 8.570708066286124582e-01 8.449014553278331174e-01 8.606445867897069002e-01 8.614369223342177584e-01 8.551535561714906919e-01 8.602124404687285786e-01 8.720716805601054222e-01 8.478600544316937659e-01 8.231049959242945357e-01 8.496364959065176858e-01 7.556763280791918280e-01 8.289762282136955429e-01 8.832012361702645808e-01 8.755180604005264877e-01 8.700450608376696371e-01 8.560619202470333144e-01 8.694049272487968105e-01 8.622504395429604340e-01 8.728981956764205741e-01 8.661277592824926375e-01 8.675204229341965112e-01 8.583703488388253477e-01 8.439729032606264614e-01 8.681419573148386748e-01 8.672026316377328126e-01 8.669710252065117029e-01 8.618258016164116464e-01 8.683273486402255381e-01 8.246775887628035040e-01 8.155898123990277249e-01 8.563026357023872936e-01 8.421781643360981562e-01 8.374059603444888866e-01 8.750833138550339063e-01 8.709380701048806683e-01 8.631107451416732967e-01 8.577390801061358649e-01 8.614373104951511539e-01 8.729217065436345457e-01 8.699740721765634177e-01 8.707970237031298355e-01 8.740530474716733389e-01 8.726974480982667703e-01 8.562189895464755729e-01 8.625418539888306535e-01 8.629295502523610661e-01 8.589811018467137238e-01 8.648339146721929493e-01 8.703567287977888034e-01 8.581449565103989041e-01 8.642215905727422820e-01 8.674362677500905283e-01 8.644069172165036452e-01 8.612081255245839229e-01 8.664392302929577738e-01 8.276498441629168701e-01 8.304476235267712614e-01 8.537624857880543594e-01 8.535292513663164105e-01 8.555752633492554882e-01 8.482189597648479573e-01 8.561770956748044892e-01 8.575698309346240222e-01 8.496382789772896071e-01 8.587951253758646653e-01 8.604936170762371717e-01 8.738068943217284223e-01 8.721997301834607530e-01 8.608702923184552436e-01 8.604704648589556193e-01 8.652760162622541440e-01 8.612054556154977725e-01 8.593615039677166001e-01 8.691573330094246597e-01 8.663243941473814935e-01
1.039922935613349364e-01 2.609620790101480625e-01 3.602517305000568770e-01 3.939155013313748177e-01 3.714373105456023061e-01 4.920054462549676155e-01 6.324895542620486699e-01 6.183636739287003969e-01 7.253972108179048695e-01 1.000000000000000000e+00 7.119256581593953470e-01 6.985783357942126903e-01 6.695081285732904508e-01 6.916194732294579373e-01 7.530751122902612504e-01 7.323379686973511271e-01 7.116624928217560875e-01 5.708519398598603800e-01 6.469117212099455561e-01 4.345804725747582919e-01 4.692121975383604648e-01 6.114508377420576624e-01 6.587049963099373961e-01 5.974159074546007142e-01 6.237296364022980599e-01 7.517823394622705768e-01 7.440517968946176453e-01 7.507408763499060500e-01 7.280643975884277808e-01 7.641770550530270212e-01 7.680690587279420667e-01 7.497687056755832913e-01 7.393940926835504968e-01 7.424657266655021459e-01 7.592402203198480581e-01 7.182887944088546250e-01 7.563719463677238686e-01 7.734996797359302567e-01 7.723407514728264367e-01 7.306292156288558548e-01 7.891304584774323505e-01 7.820810460397124020e-01 7.541799611733736031e-01 7.751010985866761960e-01 7.780902419098107980e-01 7.779005589937063592e-01 7.819283277905759721e-01 7.950088757410168627e-01 7.644375268356355946e-01 7.234070258836436951e-01 7.631426475686270416e-01 6.292305409443210706e-01 7.280232286367624983e-01 7.978336413385719306e-01 7.954902539178883014e-01 7.926141560302869538e-01 7.514338547522165790e-01 7.861653562091148739e-01 7.836514454562113485e-01 7.813604342464988139e-01 7.788558315468996351e-01 7.801440702676920580e-01 7.682281812553877209e-01 7.546317543522828020e-01 7.742534667024889572e-01 7.762161501957605125e-01 7.939851225344675134e-01 7.875249950310900804e-01 7.910707951883765299e-01 7.303804106804319130e-01 7.342204517897096272e-01 7.839204560105682562e-01 7.684269936817496038e-01 7.589415827027471417e-01 7.994123872311440504e-01 7.978023678069361413e-01 7.951914082036217746e-01 7.947134186059194860e-01 7.977335630079868123e-01 8.058062339399948426e-01 7.978279165843633614e-01 8.018163500941336563e-01 7.929948020029337075e-01 8.043282394658289869e-01 7.772558033877539074e-01 7.833042080965298970e-01 7.847324037354637127e-01 7.867308137680008029e-01 7.919043348685423922e-01 7.936443110966422410e-01 7.899243191228549898e-01 7.928738245682035446e-01 7.885184078812150776e-01 7.934009855546199086e-01 7.858589519166407911e-01 7.897820037799850867e-01 7.342883414434701050e-01 7.271303284977708170e-01 7.704123250822771940e-01 7.735216662048980396e-01 7.758807582709091877e-01 7.630780635657672395e-01 7.666878370973715384e-01 7.753255406020650442e-01 7.593258141885743662e-01 7.655821898088119859e-01 7.777639347604698994e-01 7.976278775436816959e-01 7.934356223319199986e-01 7.816754274022607030e-01 7.845786296316763497e-01 7.816494264594893160e-01 7.759504636283097723e-01 7.701286528656754449e-01 7.821943770455750400e-01 7.766709531952559198e-01
9.322019933986271101e-02 1.615412136343483129e-01 4.174695671432281929e-01 5.628978471518053528e-01 4.526211020850501865e-01 5.855916989026747066e-01 7.303572170160483878e-01 7.223522460493955188e-01 7.958140665401677305e-01 7.119256581593953470e-01 1.000000000000000000e+00 8.541074920386110270e-01 7.769290641016276533e-01 7.923744664858924924e-01 8.597432682015934136e-01 8.453739288021872023e-01 8.004763472972427074e-01 6.521825359531328026e-01 7.594173966338764181e-01 6.128400562792564177e-01 6.519028653437743959e-01 7.655118610432490867e-01 7.288500530763905028e-01 6.877620432919494542e-01 7.250238120190076740e-01 8.346203222619221762e-01 8.219278060165201572e-01 8.181821590115702092e-01 7.734063816317406914e-01 8.365276439210822534e-01 8.398712475688920875e-01 8.385283282433378949e-01 8.166248765814676513e-01 8.438537025705475925e-01 8.372302092477649227e-01 8.332523587631418538e-01 8.467322998558787228e-01 8.823814773453275695e-01 8.861421983294902605e-01 8.463064425139981140e-01 8.907554256419245586e-01 8.804028439323638988e-01 8.752854842999382434e-01 8.906401462840843886e-01 8.942815492066732430e-01 8.760089177357870405e-01 8.942476379938241182e-01 8.963947521685763364e-01 8.824792749431988881e-01 8.636570180406341057e-01 8.891262073025066881e-01 8.123057327275261530e-01 8.777723168900081196e-01 8.916801792458671772e-01 8.951744216703726442e-01 8.927181767372309729e-01 8.717610197340988076e-01 8.860889146868643484e-01 8.906740573653821880e-01 8.910714511071177180e-01 8.953499326989534657e-01 8.837225014044437499e-01 8.852414358249953708e-01 8.795141106461815683e-01 8.906123060233599453e-01 8.904414381823955171e-01 8.979417396795581485e-01 8.992238618384648108e-01 8.937155483261022271e-01 8.758214969387795312e-01 8.819817892177098662e-01 9.008104708041796416e-01 8.779275944437872070e-01 8.845639445713375792e-01 9.014014660560424330e-01 8.974638868882197640e-01 8.897631652193721541e-01 8.797868198373565152e-01 8.878404908743343649e-01 8.898951898979844399e-01 8.970595818526192478e-01 8.984554912217820322e-01 9.004117895549630379e-01 8.944076996168538463e-01 8.924375045879010537e-01 8.955858303083595873e-01 9.014797381808224985e-01 8.946486243283434669e-01 8.991162298105875861e-01 8.936678256056622693e-01 8.941992622810417402e-01 8.973507173813164428e-01 9.006885775660267157e-01 8.972120840118859020e-01 8.944974115871818787e-01 8.970702393706687650e-01 8.728259810509647609e-01 8.684994704330074589e-01 8.905315090603748152e-01 8.947289323541123274e-01 8.936340511014130294e-01 8.876880121129172574e-01 8.921691917337031263e-01 8.928752682984427702e-01 8.938128469042143642e-01 8.897174692515499306e-01 8.940223395098704229e-01 8.949542676823237786e-01 8.977273491788094750e-01 8.927751242504751161e-01 8.894846431713979706e-01 8.940221100297747192e-01 8.909895115618550188e-01 8.913076595529670909e-01 8.972262006515088206e-01 8.947984727404206806e-01
2.847143831270130317e-03 1.054050015328967527e-01 3.513148236463337626e-01 6.659884275945620047e-01 4.876507504092993384e-01 6.017102003784838837e-01 7.340549235747947376e-01 7.635775172673355815e-01 7.933047971432188872e-01 6.985783357942126903e-01 8.541074920386110270e-01 1.000000000000000000e+00 8.087903732976368110e-01 8.233647937182347887e-01 8.879807973970795798e-01 8.876376020979064307e-01 7.854559214514672538e-01 5.436628302202525242e-01 7.145065674178379123e-01 6.672459259965175526e-01 6.674408176336334986e-01 7.475657782071086777e-01 6.438387763315245316e-01 6.224153802593507256e-01 6.777852224204006237e-01 7.799556869850617913e-01 7.726593304466797818e-01 7.618851110487528944e-01 7.101465319416597755e-01 7.845957786671375889e-01 7.960679645857766662e-01 7.948098388290736338e-01 7.669835640568328783e-01 8.141335770870179456e-01 7.999095780771799946e-01 8.369487220549128859e-01 8.215595511528590578e-01 8.946070736024054337e-01 8.901493742623167726e-01 8.462326472257356569e-01 8.939134735199576465e-01 8.818260190746508576e-01 8.979852123859776158e-01 9.121623881738178952e-01 9.023946743558024508e-01 8.752797592230917578e-01 9.237598917945828436e-01 9.164181118672792836e-01 9.253704281409452781e-01 9.057910123319917739e-01 9.288551945240285379e-01 8.957953521405400688e-01 9.329173537652670767e-01 9.016563601305026543e-01 9.020648368343162637e-01 8.833024700021291364e-01 9.133315740496122936e-01 9.139406354454558956e-01 9.195500308369002340e-01 9.254617223888231825e-01 9.300297391442345907e-01 9.172787709161803749e-01 9.274011113920117566e-01 9.334153258227743111e-01 9.130458639487882833e-01 9.211770039556624878e-01 9.148923292847624955e-01 8.905097681981103408e-01 8.813338817178301143e-01 9.182880097657564189e-01 9.169847494433475132e-01 9.053352828462816193e-01 8.660586298243493353e-01 8.943801863366644955e-01 9.056302406389370452e-01 9.020132297401536325e-01 8.931436964991950056e-01 8.674938909868278314e-01 8.832510297108424613e-01 8.873801275930517374e-01 8.923088359392202795e-01 9.016794104732513970e-01 9.045995997794815668e-01 8.906862773436112768e-01 9.063663341460230782e-01 9.010375799218462989e-01 9.108307738601036929e-01 9.166516074002364345e-01 9.173021377942955912e-01 9.042474547772073601e-01 8.997338904116537472e-01 9.171094405635396019e-01 9.220131691955523179e-01 9.150301531373399300e-01 9.255030913387150004e-01 9.249075128702907156e-01 9.309452818395682616e-01 9.300514310581341482e-01 9.338404723838621413e-01 9.269553256455064227e-01 9.289620282603635593e-01 9.349986178144399362e-01 9.364517045182922939e-01 9.313950956379397628e-01 9.392299231532098558e-01 9.311555970705701624e-01 9.313398131770186383e-01 9.137684450214295095e-01 9.165299142782432629e-01 9.273522247478546143e-01 9.198147243570243825e-01 9.297925430219620146e-01 9.309912683865516625e-01 9.343615844517751956e-01 9.255114725847130019e-01 9.305916334650981003e-01
3.244929114527353442e-02 1.221558519064648574e-01 3.339591009617976503e-01 5.545994104179771123e-01 4.988887109298890676e-01 5.468455328201190513e-01 6.788919049887826018e-01 6.961771270699104175e-01 7.454457182362723699e-01 6.695081285732904508e-01 7.769290641016276533e-01 8.087903732976368110e-01 1.000000000000000000e+00 7.517252858514338332e-01 8.196919132391133900e-01 8.227836234279659600e-01 7.275486574266727402e-01 5.146150288163238162e-01 6.654783652368225777e-01 5.794466685670011108e-01 5.754146754578758349e-01 6.776294367097115412e-01 6.065432792681384466e-01 5.762362112840548889e-01 6.354632029720045372e-01 7.453906422175140545e-01 7.242654651823462464e-01 7.158120181618604638e-01 6.699114566829068584e-01 7.426604473636809756e-01 7.438732052917365056e-01 7.343238306992200259e-01 7.102477958549705539e-01 7.480498420267090998e-01 7.453392712421057498e-01 7.531023685982001226e-01 7.527525654718068004e-01 8.158689246875745482e-01 8.177266646129258687e-01 7.629238775485039925e-01 8.265068330906529814e-01 8.130742031968594130e-01 8.183165266496680301e-01 8.333409701353626797e-01 8.221142489645848483e-01 8.059494986285389295e-01 8.482372142098064671e-01 8.416871376863490628e-01 8.354544354087160007e-01 8.147778268636030052e-01 8.368034575126928054e-01 7.812907806729207927e-01 8.333202938419722594e-01 8.332610743881292414e-01 8.304536671505503564e-01 8.176556403355703662e-01 8.170199106989745053e-01 8.361977650449304855e-01 8.339361982598464396e-01 8.471756465537161329e-01 8.464434862575180851e-01 8.320689857008909396e-01 8.415229930099714650e-01 8.416980206898092565e-01 8.361443956727980797e-01 8.395877990974459637e-01 8.404947415464861793e-01 8.213660895062988576e-01 8.130648914198204125e-01 8.280481305122540103e-01 8.322543466312279925e-01 8.343120167872883908e-01 7.947732392791444500e-01 8.182794082516801071e-01 8.383751000385982755e-01 8.319456626618347839e-01 8.246255974464736793e-01 8.040321039735739417e-01 8.168933000701368297e-01 8.241316815731546397e-01 8.230324420129077057e-01 8.323944811726051718e-01 8.320556377699009909e-01 8.247381559371369519e-01 8.336786598097067902e-01 8.262190135944151859e-01 8.301950524246302088e-01 8.421825413965071672e-01 8.413511986297268486e-01 8.338316056546845045e-01 8.242009055155097297e-01 8.439024427143919649e-01 8.430695911408674359e-01 8.400136930346372433e-01 8.482649949569095460e-01 8.484318293720456428e-01 8.428585084561355245e-01 8.400918764974785180e-01 8.535480176712465505e-01 8.500681040224353779e-01 8.469319817663973904e-01 8.522001112710855253e-01 8.509885679236617317e-01 8.547619009016560465e-01 8.518467363411732496e-01 8.434750680965926728e-01 8.505894279923694734e-01 8.460334885438834940e-01 8.446802071098037379e-01 8.506018457591786319e-01 8.440721556265807779e-01 8.503413181378717267e-01 8.467378873204958190e-01 8.533632759236050580e-01 8.489879186809109468e-01 8.492890299999362735e-01
