1.000000000000000000e+00 1.866352206304201233e-01 -3.467993693262370197e-02 -1.643764911444374199e-01 4.440713228958811931e-02 -2.759718227848168351e-02 1.905144750277593460e-02 -3.534158645100225066e-02 1.592160205895183367e-01 1.320984477218353215e-01 6.512515827277326474e-02 -6.170277146336983209e-02 -7.872341373419871127e-03 1.146604539368055453e-02 -7.956314729064996663e-03 -8.447635967087252507e-03 1.151244449444715490e-01 2.675316316729089428e-01 1.614836498545203780e-01 6.627515924366550459e-02 7.415740192801757724e-02 6.830969044520952826e-02 2.284824559426041068e-01 2.508948260752678072e-01 1.945635321536943740e-01 9.264146338378659307e-02 9.994781278946480996e-02 1.067059853472780845e-01 2.032943221858647953e-01 1.766884001982784724e-01 9.926090053624336829e-02 1.093489432134937406e-01 9.493241050061854147e-02 9.934401407832228748e-02 1.194665697368702262e-01 -7.736309909064693555e-03 1.085399323856575948e-01 1.833707631550951511e-02 2.830632940845029949e-02 -1.922804736527477382e-02 3.400392460183227633e-02 1.237811119400190375e-02 -1.314281691279994835e-02 7.056697181766089823e-03 2.068503364712247911e-02 2.533385900848026187e-02 1.050909175045343195e-02 3.860893022929093310e-02 2.885888740103527070e-02 -3.082820910978930750e-03 -5.252651467914343231e-03 -3.232503353512412164e-02 3.866467451981399090e-03 6.909017164038898373e-02 6.024277300332982199e-02 5.760949452129686399e-02 2.916561236218650349e-02 7.833817930596089635e-03 1.893230066123742159e-02 3.228223450914595449e-02 3.170193923424915929e-03 2.743465290625335742e-02 1.603855373451795047e-02 -9.572366398238255211e-04 3.823711836715900508e-02 3.767074963651172170e-02 3.537928668429517198e-02 8.084872411671026327e-02 7.595536724640719606e-02 3.799346082898134164e-02 1.276310835241574113e-02 4.366359453084935754e-02 1.110367960415049593e-01 8.034261969459965957e-02 1.389376111160610903e-02 3.543894146668038342e-02 2.959823417565863105e-02 7.190236953163653411e-02 3.893662588944184905e-02 6.037012216869595826e-02 5.152743611914100547e-02 4.283394452050123813e-02 3.826731319488323180e-02 5.274982270346430940e-02 7.182052236226938585e-03 3.662902429562148177e-02 3.525097692121384463e-02 -1.155153072453832426e-02 1.318248861764213797e-02 1.595891563738169663e-02 -3.749631854780524805e-03 7.044247789985558748e-03 9.488709440267998826e-03 8.298427898291681204e-03 2.814185975720902375e-03 1.484093649099505786e-02 -3.753669659214104587e-02 6.002393795520102014e-03 -7.954531014826527954e-03 -1.090655103890180583e-02 -2.593220656470774516e-02 -1.131532410036555601e-02 -1.942916896463003917e-03 -3.874284111217128363e-03 3.381385550468476563e-03 1.544127126481363577e-02 1.916000344445269871e-02 2.827152892976580317e-02 1.850190536012533138e-02 6.050283475088764386e-03 -8.559301190714518892e-03 1.423564464637603645e-02 1.294461672422275549e-02 5.406760703022977545e-03 2.691807161398439979e-02 2.524470953582064539e-02
1.866352206304201233e-01 1.000000000000000000e+00 2.134141985277986445e-02 -4.492907933552935801e-02 6.384976584909521358e-02 3.803631742349032618e-02 1.423097635038655662e-01 6.759390737754347733e-02 2.059231463257919781e-01 2.156659302963370717e-01 1.654982343842933412e-01 9.128350762089218473e-02 1.133387686213584850e-01 1.219566010182155658e-01 1.398332237092162200e-01 1.222089047181500326e-01 1.644666400896823144e-01 2.826622427329558151e-01 2.365985102421208353e-01 1.498511189868725890e-01 1.381820834520271213e-01 1.727887474496186682e-01 2.904900269627838649e-01 2.824940916057051554e-01 2.636540241230853621e-01 2.025339319500728541e-01 2.009255464233414556e-01 2.197440271373514720e-01 2.667813742204288019e-01 2.373827726421101902e-01 1.978409128178586773e-01 2.058188581984426724e-01 2.004298105913430716e-01 1.989401371593676193e-01 2.086710718283743549e-01 1.348674309778332414e-01 2.089848438906371508e-01 1.712078076284332950e-01 1.640274741784201462e-01 1.407183730597234006e-01 1.656349176011412128e-01 1.588423410114410128e-01 1.332228792049479638e-01 1.500585658201150641e-01 1.626529344512675779e-01 1.684747717847279724e-01 1.463046785942047068e-01 1.703866238533535971e-01 1.542275730865638461e-01 1.297703512972474271e-01 1.296126785069195153e-01 1.041789976669381529e-01 1.384020632056819355e-01 1.825363181830337023e-01 1.763572200589925698e-01 1.741823087467044007e-01 1.455254384376174215e-01 1.489016131958917077e-01 1.526463738655391145e-01 1.572669272293264475e-01 1.366323223225230921e-01 1.549667498942421950e-01 1.541292065668135036e-01 1.346937936117512391e-01 1.437754205022619136e-01 1.557451139304934784e-01 1.615313156369090064e-01 1.951564557662666677e-01 1.999664159045602407e-01 1.663655111214041860e-01 1.499529756163648364e-01 1.738963287582653006e-01 2.178049422857036566e-01 2.025042205369587955e-01 1.604369104639158661e-01 1.694306324422808485e-01 1.669409792317952390e-01 1.964513847202640495e-01 1.793039673593460059e-01 1.811078389709511738e-01 1.799508518728244189e-01 1.726420013168136480e-01 1.679330570586587412e-01 1.819256618944519732e-01 1.498391542103279794e-01 1.652024632952688865e-01 1.675666733520351503e-01 1.397528722691306347e-01 1.553130512009421316e-01 1.530840277734220323e-01 1.477449699605975775e-01 1.542866302534129097e-01 1.477188052819977393e-01 1.558217485345245457e-01 1.490496665981132229e-01 1.539575647763040955e-01 1.125473506308636434e-01 1.260870708911375482e-01 1.372514269392723918e-01 1.310137964601283678e-01 1.289115068837549116e-01 1.296967236448305638e-01 1.388599242603688055e-01 1.387454651152552620e-01 1.363898258539640862e-01 1.396635922595629298e-01 1.473989694231722380e-01 1.663245782475598622e-01 1.569342290890007041e-01 1.448385246411056371e-01 1.443764963812210755e-01 1.514111165527959324e-01 1.462368093801847679e-01 1.372253063905382320e-01 1.493329284364721399e-01 1.537229095884509733e-01
-3.467993693262370197e-02 2.134141985277986445e-02 1.000000000000000000e+00 3.298281111272899913e-01 2.236225415628456947e-01 2.126094844654634608e-01 3.358236458092228038e-01 3.368417361272628141e-01 2.935939500262923496e-01 2.957179028075628824e-01 3.427437165286947307e-01 3.930148651430591111e-01 3.236335017492999455e-01 2.812678673590761624e-01 3.754845633271685634e-01 3.617297542276116107e-01 3.206060097195201353e-01 2.842796694762907972e-01 3.481594513876900554e-01 3.337576086300391709e-01 3.737394845401016408e-01 3.836375302153439137e-01 2.763232459927443818e-01 2.859950836735180579e-01 3.207005039582456196e-01 3.533535076412054887e-01 3.580162038437453842e-01 3.437187624336642267e-01 2.979154235618977076e-01 3.269123856224807612e-01 3.701370341618507309e-01 3.497238132397963994e-01 3.467024856503894692e-01 3.531849664619634566e-01 3.524083335157639496e-01 3.845405899593742349e-01 3.629033028553680928e-01 3.747316116627120719e-01 3.830319423279534008e-01 3.783559980241462672e-01 3.761107382215517214e-01 3.773555643960886385e-01 3.859260180921548766e-01 3.825563249126932575e-01 3.814373714307520702e-01 3.762418584692059920e-01 3.729370776874183502e-01 3.619627686440757275e-01 3.601204522875451342e-01 3.706338311630731908e-01 3.788905128011368917e-01 3.818081909280294228e-01 3.741031089466523296e-01 3.531686067638698523e-01 3.478479866929654607e-01 3.540760277514154453e-01 3.568240158602660195e-01 3.727412214984522909e-01 3.644685382294921006e-01 3.656571687131561221e-01 3.750762102460148406e-01 3.607733310244411462e-01 3.653965185429370877e-01 3.728319516326710770e-01 3.658909543639857764e-01 3.640869204378601731e-01 3.669335581830537873e-01 3.614760800234578797e-01 3.613618775708704600e-01 3.947568750152399275e-01 3.945142568617375223e-01 3.762005268233945543e-01 3.570382129064323395e-01 3.721312595049962035e-01 3.815096867875510389e-01 3.740756919778960299e-01 3.716034615502908367e-01 3.609239884128097597e-01 3.649408401274561453e-01 3.649488442252670772e-01 3.691426263142751352e-01 3.762184473143587726e-01 3.690269285392915322e-01 3.640194274594031332e-01 3.745141778065460558e-01 3.720301946465495169e-01 3.759153003205169541e-01 3.794291444878387654e-01 3.734226214438174929e-01 3.751354254141039957e-01 3.815729455258638492e-01 3.760398855107101035e-01 3.771283549062769413e-01 3.728876066121932786e-01 3.718541946536571552e-01 3.704231522579439773e-01 3.750426986131820684e-01 3.659654528645902016e-01 3.746203358892250534e-01 3.805883220860309391e-01 3.838243797872615271e-01 3.797748982998715994e-01 3.746271156428553351e-01 3.753683809441410446e-01 3.761529714764421106e-01 3.642918754914883928e-01 3.656217456227706109e-01 3.714819459097335463e-01 3.710928847478487391e-01 3.744264237429364428e-01 3.794493290966519661e-01 3.693033361567480410e-01 3.690168655120871222e-01 3.718922480042016199e-01 3.706497493855346881e-01 3.664790812119798624e-01
-1.643764911444374199e-01 -4.492907933552935801e-02 3.298281111272899913e-01 1.000000000000000000e+00 3.143503919844787275e-01 3.192860151273406721e-01 5.132865064062439586e-01 5.642257891380226820e-01 3.776921710509394958e-01 3.563638325351503044e-01 4.864692605198770448e-01 6.214905858047163889e-01 5.114601102976955582e-01 3.948587830230299578e-01 5.543903188302170548e-01 5.761315101246073933e-01 4.321856866540076947e-01 2.838340442983964262e-01 3.934230719877170879e-01 5.211446330940792127e-01 5.246260384627271511e-01 5.229846745551022247e-01 2.683202494973828123e-01 2.727351039001084665e-01 3.305723703754469556e-01 4.733418904946810613e-01 4.782389729566237091e-01 4.606269273713735624e-01 3.482115733024151449e-01 4.040884916977627306e-01 4.930001872685402242e-01 4.474032900820942849e-01 4.380528433946594413e-01 4.507729086365012128e-01 4.380216145846711484e-01 5.488706009668766761e-01 4.635216206267639416e-01 5.315832170602302620e-01 5.369989732702682428e-01 5.622995187564214792e-01 5.324157290830692224e-01 5.431517955825830857e-01 5.807364876494182093e-01 5.547943123989284020e-01 5.436711337588361337e-01 5.187052680294447216e-01 5.388220116572987051e-01 5.160938220438632262e-01 5.185851788489267422e-01 5.493860957341728524e-01 5.740876382076816054e-01 6.006182576126788408e-01 5.502595438123100147e-01 4.923967431055751853e-01 5.022687539084944586e-01 5.024368844727915562e-01 5.351194976429198835e-01 5.415582224893626950e-01 5.362961184334592568e-01 5.303023359815403071e-01 5.632286171516639461e-01 5.267730971954265318e-01 5.252810388911496320e-01 5.541175857783587899e-01 5.238167201605458123e-01 5.259008676212112432e-01 5.151433408850605300e-01 4.799091916097822375e-01 4.830008020182307016e-01 5.642225721024773932e-01 5.622941736590610917e-01 5.173603970036646515e-01 4.504567211961159057e-01 4.856361948728397104e-01 5.459163468351180271e-01 5.282069510513445199e-01 5.274850141059819197e-01 4.927506318060104751e-01 5.167533202688888716e-01 5.103693652230629763e-01 5.051746925631152019e-01 5.218032487217834081e-01 5.180436086392161688e-01 5.053370756474023784e-01 5.374868303592191809e-01 5.158501920783119532e-01 5.210634496262102067e-01 5.602900263502227363e-01 5.376707572731238560e-01 5.480842019320203429e-01 5.614233862572680644e-01 5.456734916433996219e-01 5.413008206385976351e-01 5.383951924995220573e-01 5.404592585692018503e-01 5.306868695525023272e-01 5.915551278904784827e-01 5.527616401774526622e-01 5.643592936611258049e-01 5.686004340340585772e-01 5.794226018563616298e-01 5.658249031115091254e-01 5.513953849572112986e-01 5.582103758544167960e-01 5.554820850251125375e-01 5.475978567536572417e-01 5.385395637103476130e-01 5.243131044714771649e-01 5.374983422777001030e-01 5.542797915457920999e-01 5.568101234139655187e-01 5.406373285838040887e-01 5.419059164672983542e-01 5.519472683637025590e-01 5.275422861275743669e-01 5.286006614651688196e-01
4.440713228958811931e-02 6.384976584909521358e-02 2.236225415628456947e-01 3.143503919844787275e-01 1.000000000000000000e+00 3.035910714332669125e-01 4.528912028134083334e-01 4.298623313649911903e-01 4.358025963497072497e-01 3.915256125374859675e-01 4.452005126780947952e-01 4.681533911798826386e-01 4.530752330906280267e-01 3.960358187094604743e-01 4.946271837415389117e-01 4.830433080524666467e-01 4.431275165070620026e-01 3.862901058613856797e-01 4.210791960192821759e-01 4.074716455001631821e-01 4.074163697542343421e-01 4.409707488640940976e-01 3.738990617494266644e-01 3.907880506690069033e-01 4.054121572728128786e-01 4.540825274705925230e-01 4.516747004839529178e-01 4.490925066435032531e-01 4.165690404587694684e-01 4.452957983120081620e-01 4.833246253645872015e-01 4.576637904868471329e-01 4.325209297742882431e-01 4.561709499389330347e-01 4.524619850411770172e-01 4.615114632546388207e-01 4.728946431762007796e-01 4.761314701717121456e-01 4.804425719068889378e-01 4.675077578763952579e-01 4.843008901721842507e-01 4.898969793875700973e-01 4.938327658105687301e-01 4.964761035989411764e-01 4.845051608624570405e-01 4.865185037818103297e-01 4.836523001033648517e-01 4.857876905479600604e-01 4.819645790097847327e-01 4.704044087451865197e-01 4.844717056168083014e-01 4.795955418472456211e-01 4.831930288714451072e-01 4.801136144871618328e-01 4.776086170061873415e-01 4.674301869543460719e-01 4.744150880716970775e-01 4.845696601058888109e-01 4.788639948870078711e-01 4.902082353453911523e-01 4.878678471407533745e-01 4.814869148281593070e-01 4.766605929154938415e-01 4.872058499811066645e-01 4.807309759801858262e-01 4.813833040587855994e-01 4.842309873169591272e-01 4.866254272132258807e-01 4.818311488830817613e-01 4.992382624313201345e-01 4.873906041306712567e-01 4.856441869210604279e-01 4.751738409663476825e-01 4.795413391756132016e-01 4.870568567452897568e-01 4.862149720487741189e-01 4.861213889597558180e-01 4.768218723300570172e-01 4.828999589280487115e-01 4.807402126972676881e-01 4.851699600976885351e-01 4.898098145219319521e-01 4.791523003647640278e-01 4.791185509023840328e-01 4.760089808778870113e-01 4.814440639594913529e-01 4.860207855972647484e-01 4.842727989783017772e-01 4.866189550981722678e-01 4.809420888810258532e-01 4.863574114379903279e-01 4.888540655118142619e-01 4.866983530513332989e-01 4.914448000659743521e-01 4.857259328127584985e-01 4.864059558659313831e-01 4.807536680973217291e-01 4.765153254930907800e-01 4.884554459564879880e-01 4.844345425494782642e-01 4.927185442598023268e-01 4.852800139721044625e-01 4.853613439261698081e-01 4.924878697121182758e-01 4.869186861677692879e-01 4.835343612495530130e-01 4.844924831926278874e-01 4.861138044852109097e-01 4.851359465826041717e-01 4.905525450279530908e-01 4.854312168208546052e-01 4.892926455836051902e-01 4.878527531459190825e-01 4.876851692283458717e-01 4.864881637530799607e-01 4.840896548279648437e-01
-2.759718227848168351e-02 3.803631742349032618e-02 2.126094844654634608e-01 3.192860151273406721e-01 3.035910714332669125e-01 1.000000000000000000e+00 4.524004703973403818e-01 4.492172761157966487e-01 4.671433773737940220e-01 4.107048901041691069e-01 4.612983033926643106e-01 4.979754959060910813e-01 4.747659797257694492e-01 3.969745939269633817e-01 5.059195886633783834e-01 5.149036361790961802e-01 4.517412549974301195e-01 3.440238968845992784e-01 4.317271062048895214e-01 3.422128236215786212e-01 3.710786422172313026e-01 4.630922327719671494e-01 3.733842344978360317e-01 3.760137886504593130e-01 3.950813836206960028e-01 4.837679787341032656e-01 4.706530112656873710e-01 4.699918393328485489e-01 4.157493186315228684e-01 4.491163343266064700e-01 4.947806637092341253e-01 4.791348445728753069e-01 4.549372817451995399e-01 4.729886462292883786e-01 4.744871035467699283e-01 4.876216490187817443e-01 4.765329257281289976e-01 5.141754314136619541e-01 5.127224280073503504e-01 5.040867170238060302e-01 5.080242619705147566e-01 5.123050409632741165e-01 5.164103343814704372e-01 5.238604320020310290e-01 5.094934401497321907e-01 5.171800792988198170e-01 5.230225878479944912e-01 5.196200613844089711e-01 5.159031296145784040e-01 5.080545699678616911e-01 5.207064772346295944e-01 5.105388151386801576e-01 5.148836358884124609e-01 5.078776340826500757e-01 5.073406486780286384e-01 5.032201144664222303e-01 5.154909199448051149e-01 5.228652781282749906e-01 5.216287748146500869e-01 5.219206785113278402e-01 5.213944714094917998e-01 5.240889733471947309e-01 5.169981782925321401e-01 5.247946935840094307e-01 5.207946036837935999e-01 5.209064580035924763e-01 5.156003226835506048e-01 5.065530751162503620e-01 5.049405629690714159e-01 5.015239260364527940e-01 5.161812212933837296e-01 5.143256359762149454e-01 4.927004000663832151e-01 5.001773768485577865e-01 5.182361178015761904e-01 5.170898968540144081e-01 5.170437131655830632e-01 5.010994942051731904e-01 5.130213663506556498e-01 5.100353503457143445e-01 5.161749113829945390e-01 5.171504167378349059e-01 5.132027616317947905e-01 5.122429187015916652e-01 5.146981669369088408e-01 5.137687669084659570e-01 5.117820111259314686e-01 5.206423757163299859e-01 5.217969924825346384e-01 5.121183234276196483e-01 5.185603589260516788e-01 5.217162179464255312e-01 5.186619601442727934e-01 5.221327468142008543e-01 5.198704436210719315e-01 5.216625106322180239e-01 5.153737335428181243e-01 5.109658767828353376e-01 5.186578805627897193e-01 5.195892106848296610e-01 5.231139528732680066e-01 5.202450452343028164e-01 5.216675467346166828e-01 5.234060683268573211e-01 5.208315954001371262e-01 5.148718877333808841e-01 5.171265783647119862e-01 5.170917340901273196e-01 5.164769813773643081e-01 5.221013410887505035e-01 5.191878332274267871e-01 5.218174433847189153e-01 5.235787455550043878e-01 5.217462922655065061e-01 5.202601296742521697e-01 5.214709818686426024e-01
1.905144750277593460e-02 1.423097635038655662e-01 3.358236458092228038e-01 5.132865064062439586e-01 4.528912028134083334e-01 4.524004703973403818e-01 1.000000000000000000e+00 7.023318689018467342e-01 7.176998711582255330e-01 6.696421559691219105e-01 7.628070029923245121e-01 7.859109474940543238e-01 7.196305739605028950e-01 6.162488831949278767e-01 8.257798054927301123e-01 8.118416718640166785e-01 7.412176329244443140e-01 6.464444214674043288e-01 7.380402655929426681e-01 6.261570972887088304e-01 6.989302999412889683e-01 7.780412520674929722e-01 6.853893999242781643e-01 6.677150443181675277e-01 6.983626754440187545e-01 7.908138798798295399e-01 7.891819287525023707e-01 7.977521747655444972e-01 7.150063279404093031e-01 7.622420510905586477e-01 8.207790470232332325e-01 8.052309305084583979e-01 7.759455499436004322e-01 7.927927636505702758e-01 7.836249215883045460e-01 8.050355202077651429e-01 8.032515546395019301e-01 8.291195245503597544e-01 8.292845684548681984e-01 8.274820572690846365e-01 8.254860529981475903e-01 8.304074835050740955e-01 8.331357415818467782e-01 8.354168706397990807e-01 8.291532395025873470e-01 8.311508814093980790e-01 8.268936252859326874e-01 8.196989521163408066e-01 8.164689064553294351e-01 8.163035868321411037e-01 8.327539019457242953e-01 8.121965214774228281e-01 8.138863476346350767e-01 8.121022151557533153e-01 8.123952416569796275e-01 8.113014167871069882e-01 8.137321561780854751e-01 8.233595231069413822e-01 8.203115573515322723e-01 8.228360034991653027e-01 8.321026646108601321e-01 8.192531366314282915e-01 8.157274918705809119e-01 8.226212676957275205e-01 8.129580399551558090e-01 8.196384973392302209e-01 8.204490860731777913e-01 8.210016910036957993e-01 8.216438848607877654e-01 8.280080716082476311e-01 8.296793911089592743e-01 8.261840895949227326e-01 8.074294711812777248e-01 8.174481528481917225e-01 8.305190679756498939e-01 8.278544859500468478e-01 8.315115030442593591e-01 8.139307024042913286e-01 8.288816328057516669e-01 8.217295054792260744e-01 8.236943761394770469e-01 8.298870504241815382e-01 8.250026902065603629e-01 8.244927072739766105e-01 8.264488357024953880e-01 8.244792940207418264e-01 8.287967806911118451e-01 8.329066079586708859e-01 8.319602445819958003e-01 8.254602714446311884e-01 8.361525595098645569e-01 8.339016689406115734e-01 8.280976181587967888e-01 8.310576260396502768e-01 8.259535967883431251e-01 8.234687097444876036e-01 8.212635561507936055e-01 8.083782825639622693e-01 8.283871388998342855e-01 8.298321120226799241e-01 8.329168599949882124e-01 8.256647165988357795e-01 8.228522528202382169e-01 8.302625964463202779e-01 8.248632887647436851e-01 8.149818966523352248e-01 8.197351267767231109e-01 8.268603010859376656e-01 8.262943928988694120e-01 8.289806851621043249e-01 8.287290545499779171e-01 8.256551903871307552e-01 8.219070196747532142e-01 8.211032254239601924e-01 8.206440744454266412e-01 8.200462400765019533e-01
-3.534158645100225066e-02 6.759390737754347733e-02 3.368417361272628141e-01 5.642257891380226820e-01 4.298623313649911903e-01 4.492172761157966487e-01 7.023318689018467342e-01 1.000000000000000000e+00 6.772288552421691366e-01 6.250957138295235582e-01 7.154204787451782233e-01 7.733344397411817672e-01 7.244417040828776688e-01 5.724881714552194634e-01 7.862849481644308414e-01 7.973916653197349325e-01 6.966100724074643091e-01 5.450086172516211969e-01 6.463213313663375148e-01 5.866837488909379950e-01 6.255999785944313940e-01 7.063485722150462109e-01 5.822939755158567099e-01 5.593223717907973569e-01 6.009780160410763683e-01 7.400584754450442171e-01 7.284736266299158824e-01 7.279418521791122254e-01 6.431257486461497974e-01 6.950582514794295674e-01 7.605195113341902680e-01 7.396335104135017824e-01 6.919469299564039444e-01 7.247530218881793607e-01 7.218916599981909377e-01 7.589990691631847142e-01 7.317313477294496993e-01 7.862155840471832802e-01 7.863310517144024292e-01 7.814719537853871412e-01 7.872593610952749454e-01 7.914492645404970217e-01 8.025286283434325263e-01 8.020732620687573977e-01 7.853910159959834880e-01 7.884992934797416808e-01 7.950818846901976933e-01 7.854038465525905455e-01 7.886992646225551296e-01 7.873673019159668218e-01 8.078632142394926996e-01 8.027478976985716885e-01 7.883864068282688820e-01 7.764783347174541994e-01 7.787480089504151826e-01 7.735482660539230171e-01 7.938355745543008712e-01 7.954498530726517025e-01 7.959619563404251030e-01 7.972468176206407575e-01 8.065282314993850177e-01 7.940006758712617740e-01 7.888074475094944971e-01 8.051709384866450048e-01 7.837508507670130076e-01 7.926517510037234260e-01 7.860230260920616496e-01 7.683755134307834744e-01 7.714484399462792075e-01 7.814979446733822943e-01 7.878862134705624243e-01 7.802941254037210062e-01 7.418109404091606240e-01 7.594020274271043869e-01 7.959393224359903041e-01 7.866382462139217546e-01 7.863175225518144185e-01 7.693174561904954079e-01 7.864192747351675949e-01 7.817727170303333528e-01 7.802496039125267346e-01 7.876070496108050767e-01 7.862393958415947459e-01 7.768081612727845142e-01 7.883113031434760831e-01 7.820525539748591770e-01 7.825621027236787652e-01 8.032061794145256561e-01 7.947604451980246898e-01 7.942382902337642436e-01 7.979893550141398118e-01 7.982271928479984791e-01 7.933405199164915711e-01 7.961116132227105124e-01 7.976517483938788677e-01 7.936030938005833590e-01 8.082719528514823448e-01 7.979598063752637582e-01 8.046380621990328885e-01 8.042388116385102981e-01 8.091440237682517855e-01 8.062635093427830135e-01 7.977362098243523381e-01 8.053625029853432871e-01 8.018622348711120784e-01 8.007638483739015767e-01 7.978298791865217066e-01 7.895395201284961528e-01 7.966422987531530664e-01 8.043252327255995260e-01 8.015656429117260506e-01 7.987080871493246192e-01 8.003722298595928875e-01 8.027735690402227897e-01 7.900587573446179457e-01 7.937497957772370327e-01
1.592160205895183367e-01 2.059231463257919781e-01 2.935939500262923496e-01 3.776921710509394958e-01 4.358025963497072497e-01 4.671433773737940220e-01 7.176998711582255330e-01 6.772288552421691366e-01 1.000000000000000000e+00 7.752097791536728399e-01 7.952681770199430122e-01 7.782433519196074734e-01 7.433182285435628867e-01 6.367038727082747762e-01 8.224929870819462918e-01 8.186252640666007441e-01 8.202105235625170021e-01 7.192391606048407215e-01 7.930706893208679942e-01 5.895391127601244952e-01 6.460656890339955272e-01 7.764046083841272816e-01 7.657874272862632559e-01 7.545234050911995283e-01 7.720654687521114612e-01 8.523370605797584432e-01 8.376730437687232023e-01 8.352805000321498197e-01 8.166346618893758347e-01 8.479631234491908920e-01 8.676385154371364372e-01 8.574193242747686350e-01 8.019171980244814701e-01 8.380050861421449726e-01 8.445981872246666189e-01 7.912229392903075142e-01 8.552332613019988372e-01 8.499871362206915526e-01 8.454732049488714596e-01 8.210106604646547623e-01 8.671563580321017817e-01 8.527579747088280815e-01 8.254354194210334894e-01 8.559694226285071705e-01 8.543870951265405411e-01 8.609432537871803959e-01 8.663823803248362765e-01 8.801725179718674630e-01 8.721503657628870698e-01 8.399666308188492581e-01 8.483229354023288371e-01 8.171795579288035904e-01 8.512021010441682689e-01 8.840996994058955005e-01 8.760564356038218481e-01 8.688519841901473084e-01 8.653753743845260527e-01 8.606671589454902849e-01 8.638731308858218494e-01 8.759624223488603478e-01 8.622777951309104072e-01 8.726820013165984546e-01 8.635070473958847970e-01 8.593423380872212691e-01 8.695633920251323312e-01 8.776805017996067715e-01 8.727530815119752816e-01 8.834492551967828566e-01 8.820619888989821300e-01 8.470652553815684049e-01 8.520984926278976079e-01 8.725835569352760057e-01 8.750853807420592156e-01 8.725205086350873440e-01 8.682262912292575407e-01 8.747895416038756755e-01 8.676192492497638575e-01 8.759365198429165389e-01 8.722103593744252592e-01 8.829373649540782631e-01 8.796651006851152754e-01 8.788150747050099687e-01 8.699032112112109472e-01 8.729848783332799789e-01 8.539771040604769992e-01 8.675866307729223070e-01 8.665929508438600104e-01 8.549770072721942782e-01 8.651283971679861740e-01 8.596540844918774127e-01 8.501124427127710881e-01 8.670109917773231034e-01 8.649132293148268369e-01 8.664169692851885207e-01 8.664596557111667874e-01 8.720128925087697880e-01 8.313590194922504395e-01 8.554297824584308207e-01 8.563936485236247620e-01 8.517929667595246501e-01 8.447737368973436967e-01 8.557283359737675177e-01 8.633229033084344195e-01 8.613190294878892983e-01 8.619154840663435513e-01 8.649208174566321849e-01 8.699612399381732031e-01 8.740031425748859828e-01 8.709150152306556203e-01 8.647655489156776953e-01 8.589897727305926267e-01 8.716075345153645459e-01 8.702989067861891526e-01 8.632253091798367528e-01 8.716786462245984524e-01 8.751595371282705482e-01
1.320984477218353215e-01 2.156659302963370717e-01 2.957179028075628824e-01 3.563638325351503044e-01 3.915256125374859675e-01 4.107048901041691069e-01 6.696421559691219105e-01 6.250957138295235582e-01 7.752097791536728399e-01 1.000000000000000000e+00 7.550554415279221443e-01 7.307390603967673925e-01 6.994299172096937189e-01 5.966723939894488238e-01 7.863678786995748071e-01 7.596387686983107068e-01 7.601762025000584622e-01 6.747400997667249989e-01 7.539559897454849446e-01 5.686371458021355352e-01 6.123552876296257663e-01 7.402689590528145347e-01 7.320212842614270965e-01 7.163495882697280548e-01 7.330755499018236643e-01 8.123392660188074599e-01 7.918498242529223852e-01 7.948280169210808488e-01 7.710530198715358496e-01 8.009578478852483752e-01 8.207712122868514593e-01 8.128336041488510855e-01 7.667982185515319626e-01 7.960562829639734606e-01 7.925958386309903680e-01 7.577403999440088800e-01 8.108184842105216061e-01 8.037297851635225587e-01 7.978840309486162630e-01 7.876276845712387731e-01 8.233302356535678879e-01 8.088298994901206296e-01 7.758452222940878107e-01 8.057017762295082264e-01 8.088032758496714880e-01 8.131348439553054419e-01 8.175920515538921407e-01 8.334352865692650214e-01 8.207819187624429969e-01 7.895277410038419319e-01 7.966271883285317434e-01 7.638811851852647106e-01 8.021176629198649710e-01 8.371462685472206289e-01 8.249600712667809477e-01 8.205945712404510983e-01 8.077848552462681964e-01 8.160269067097386531e-01 8.159564049083937176e-01 8.235091137545537121e-01 8.101110092238609228e-01 8.193973464569170861e-01 8.081857348456586987e-01 8.081952274551210680e-01 8.152983970993287199e-01 8.239287045592911252e-01 8.264150119284595641e-01 8.347485767667118806e-01 8.360895267427606026e-01 8.070828121213237116e-01 8.063146366278711730e-01 8.276751034531543150e-01 8.306629630838879841e-01 8.275590470296246837e-01 8.257284291267741327e-01 8.276562404076301949e-01 8.259242850878841802e-01 8.298613631146184444e-01 8.254403287279704626e-01 8.342576131443396603e-01 8.321127220507661404e-01 8.301157634242856131e-01 8.263472373162524809e-01 8.285444073674885779e-01 8.115361879661021627e-01 8.216608551634987379e-01 8.247234812705808160e-01 8.114482902369634099e-01 8.204576799646564611e-01 8.185735806572334017e-01 8.113981687607648707e-01 8.220681646585892288e-01 8.199204398339161592e-01 8.221796626481983061e-01 8.200791105588258745e-01 8.258629885997135212e-01 7.845056197830285738e-01 8.006526096519421820e-01 8.099134930089961770e-01 8.066504790003263814e-01 8.010425981830975317e-01 8.071818389751103107e-01 8.124352663255881568e-01 8.124957750293668735e-01 8.128972589531087145e-01 8.139299235698647106e-01 8.209301468739523822e-01 8.297605287799080243e-01 8.244270009017752310e-01 8.182055110494015349e-01 8.154237731395316269e-01 8.224509709989049622e-01 8.195088853951920660e-01 8.120507729490316073e-01 8.223702319720723741e-01 8.228949332904361702e-01
6.512515827277326474e-02 1.654982343842933412e-01 3.427437165286947307e-01 4.864692605198770448e-01 4.452005126780947952e-01 4.612983033926643106e-01 7.628070029923245121e-01 7.154204787451782233e-01 7.952681770199430122e-01 7.550554415279221443e-01 1.000000000000000000e+00 8.427292760571545305e-01 7.772874560926232856e-01 6.394216544346513764e-01 8.643049262993028892e-01 8.418293612004847937e-01 8.184572608067927080e-01 7.313464797979656318e-01 8.092969129928163641e-01 6.475040075913549575e-01 7.283727217234786666e-01 8.283552795365111132e-01 7.781456424771324709e-01 7.558003221706628416e-01 7.824395489452158348e-01 8.679901611204654532e-01 8.636423165135969082e-01 8.661844987280959973e-01 8.001731071388002992e-01 8.611645351589333197e-01 9.029006171452846896e-01 8.772189357828386047e-01 8.513174949826891602e-01 8.704882147531769476e-01 8.678806323566630176e-01 8.568156699586965130e-01 8.905352389084875142e-01 8.872170893824613547e-01 8.862729565734150938e-01 8.758378784792565375e-01 8.918220571821714460e-01 8.907833785462607734e-01 8.784318541139395364e-01 8.882232727187887589e-01 8.916469667690951617e-01 8.848078301973807402e-01 8.869350630169344774e-01 8.902471395705837676e-01 8.835849426592958800e-01 8.742984312527056767e-01 8.871340167288598311e-01 8.647887881045414060e-01 8.762114957013876770e-01 8.861695899305355173e-01 8.826965611631768516e-01 8.841105432317063473e-01 8.810126751765603448e-01 8.848311257446503930e-01 8.835812635783015789e-01 8.893276231659329456e-01 8.880211369140771360e-01 8.850082154024476733e-01 8.816976209544631349e-01 8.823396482551901787e-01 8.810232945533783555e-01 8.888566844454407478e-01 8.884402465959241324e-01 8.962687277177405765e-01 8.963757419397950787e-01 8.850192163078096641e-01 8.860553944841089713e-01 8.934197231851374044e-01 8.884654382491854463e-01 8.921320870143765180e-01 8.928253793660578808e-01 8.955215821134018261e-01 8.947041758432550118e-01 8.894095483421171622e-01 8.918091718397846979e-01 8.945763365141657930e-01 8.957910590457541788e-01 8.982565495564365232e-01 8.950325005153519919e-01 8.973829345492742027e-01 8.898658392681018103e-01 8.937635284036536953e-01 8.955086295293966936e-01 8.884923153348072145e-01 8.916111462469930027e-01 8.908980914382298444e-01 8.934928604262941665e-01 8.935464811489448600e-01 8.909343390899355786e-01 8.910393918584993411e-01 8.887039184458727092e-01 8.880696693042556822e-01 8.743232092718725701e-01 8.725620095838336754e-01 8.864770787432008081e-01 8.870190632205943171e-01 8.859795823346346966e-01 8.843938318284610967e-01 8.851597488288552862e-01 8.884415764123292369e-01 8.873588105437690832e-01 8.823274004380836644e-01 8.862311800818408747e-01 8.935018175370856852e-01 8.937356658397652698e-01 8.922660100336591293e-01 8.898159460235446350e-01 8.891326887573312021e-01 8.859973774638748578e-01 8.835693446783651206e-01 8.865676758577886174e-01 8.853534632900049717e-01
-6.170277146336983209e-02 9.128350762089218473e-02 3.930148651430591111e-01 6.214905858047163889e-01 4.681533911798826386e-01 4.979754959060910813e-01 7.859109474940543238e-01 7.733344397411817672e-01 7.782433519196074734e-01 7.307390603967673925e-01 8.427292760571545305e-01 1.000000000000000000e+00 8.083176452780382881e-01 6.716226434323002703e-01 9.021250442640249556e-01 8.959291565635549848e-01 8.083854125123617340e-01 6.293770062879143756e-01 7.714303244528839532e-01 6.696537618839715211e-01 7.401071081010659469e-01 8.417679139129203847e-01 6.736021532634779430e-01 6.676776276498800344e-01 7.244226810894993651e-01 8.592276902858851928e-01 8.538563728272657860e-01 8.424459559367047934e-01 7.371912507309931195e-01 8.106968417914588443e-01 8.916590204257233143e-01 8.529715644387557694e-01 8.152570599222930259e-01 8.515566209720338842e-01 8.372587366305207501e-01 8.872518473044623821e-01 8.645683720938728278e-01 9.054821428510436698e-01 9.097285393235412521e-01 9.108449994790747128e-01 9.117085950296036634e-01 9.150202250354475542e-01 9.209486137040339138e-01 9.230496633906900561e-01 9.144728269722673941e-01 9.080985847347067264e-01 9.212022124460437222e-01 9.120031759115175829e-01 9.070149921452594910e-01 9.107646486425073906e-01 9.274403057545895779e-01 9.260859531754395135e-01 9.154386512812940913e-01 8.939508014305115324e-01 8.904423471335471962e-01 8.900944288799255144e-01 9.062542047086034058e-01 9.180397432310116734e-01 9.123681960923158973e-01 9.175905044384347065e-01 9.284702375738999036e-01 9.125529109359145075e-01 9.075284030176572481e-01 9.248893182743355146e-01 9.072258290001724568e-01 9.122740608082869906e-01 9.126599296875587131e-01 8.942521963345541058e-01 8.947535485316797654e-01 9.108766491686149935e-01 9.253617366435334946e-01 9.117414255199788320e-01 8.701714462845643316e-01 8.927489188163498790e-01 9.244018346975838574e-01 9.159628194707560844e-01 9.156352162165211084e-01 8.902341183344821829e-01 9.103974378171938442e-01 9.081312635610431228e-01 9.092877690261877976e-01 9.156556962028863378e-01 9.113939813850758798e-01 9.067615109724802558e-01 9.178217672200046362e-01 9.114857083351315392e-01 9.155443939419639632e-01 9.290998708542875795e-01 9.218707655734578177e-01 9.208267933970829544e-01 9.279080326565571912e-01 9.263694282601601104e-01 9.242614260188092290e-01 9.243022694677582862e-01 9.242939316031325570e-01 9.210639142245133915e-01 9.292913654346565133e-01 9.142801823183153154e-01 9.289146072995033698e-01 9.313264628264037448e-01 9.339828564739912631e-01 9.293430139906764254e-01 9.241092244741906381e-01 9.295231848139778874e-01 9.268393130291837645e-01 9.182820725213021174e-01 9.196484717784559892e-01 9.179263742588693598e-01 9.225361030050966971e-01 9.288624021006371967e-01 9.285943727781561519e-01 9.236591611619788811e-01 9.218734198086060427e-01 9.241948298668615225e-01 9.166323266326572572e-01 9.160259915380924989e-01
-7.872341373419871127e-03 1.133387686213584850e-01 3.236335017492999455e-01 5.114601102976955582e-01 4.530752330906280267e-01 4.747659797257694492e-01 7.196305739605028950e-01 7.244417040828776688e-01 7.433182285435628867e-01 6.994299172096937189e-01 7.772874560926232856e-01 8.083176452780382881e-01 1.000000000000000000e+00 6.373797855081835273e-01 8.320300878764566033e-01 8.348731323381922698e-01 7.649881383636198962e-01 6.057196210224902178e-01 7.284394286503665938e-01 5.956962286610897328e-01 6.358252496394989350e-01 7.590325580859949017e-01 6.590392777519598067e-01 6.453454089030783436e-01 6.826000974512249631e-01 8.115794947202036314e-01 7.956697404957449038e-01 7.909296312996491052e-01 7.269225416379280214e-01 7.690593224124723237e-01 8.267668121326481323e-01 8.017798182979164467e-01 7.521768207231031012e-01 7.886635052054086215e-01 7.894455619482262376e-01 7.959711717280181231e-01 8.007435977608522437e-01 8.352980333226629472e-01 8.404003318475877782e-01 8.253548855478568536e-01 8.486649251571458663e-01 8.479070194692158724e-01 8.391601034825310057e-01 8.572518639230245485e-01 8.460298750133252721e-01 8.476074667578898936e-01 8.550231680720211669e-01 8.546433213296272813e-01 8.492166847276081398e-01 8.265232875595166506e-01 8.433388972156177221e-01 8.339689849075908601e-01 8.447256706451964359e-01 8.465366800728546526e-01 8.413179656856365485e-01 8.325891529689428694e-01 8.403611215981144911e-01 8.600040652831153487e-01 8.477799104517891315e-01 8.599055154481218821e-01 8.586697841079811155e-01 8.541583008154575163e-01 8.452244196734862713e-01 8.555628330358131528e-01 8.501487402166356677e-01 8.549922130584347579e-01 8.546986543031318551e-01 8.441885737129631861e-01 8.420394221268254764e-01 8.374853159697841498e-01 8.500510747382330479e-01 8.508906891943255335e-01 8.231230772046633781e-01 8.361359087454915962e-01 8.599495694109925426e-01 8.555762664429342745e-01 8.533297736906479969e-01 8.419841835654652273e-01 8.535515669914484072e-01 8.522460447747539636e-01 8.521074735027306390e-01 8.554419887190783944e-01 8.488775317482842864e-01 8.438102170551553538e-01 8.462563453089102516e-01 8.470732622351885288e-01 8.500403446934635676e-01 8.570024515577807644e-01 8.583981804639964075e-01 8.516519853555388764e-01 8.502860627018061779e-01 8.601202734646629100e-01 8.579379667921773756e-01 8.615755837003679085e-01 8.592645486764752816e-01 8.604111568806441790e-01 8.412601549250222632e-01 8.437304947251652587e-01 8.551133028511778145e-01 8.516266327513886125e-01 8.571783270842584512e-01 8.565207172640970645e-01 8.560742295437387961e-01 8.621034033081858006e-01 8.574855633812418221e-01 8.513591407487050011e-01 8.546336467597059894e-01 8.568585498130384392e-01 8.582042788269377276e-01 8.601036252011002858e-01 8.583685700992351730e-01 8.617768103512336575e-01 8.617305966213985036e-01 8.583621630395947832e-01 8.544476548984337727e-01 8.591862873144194834e-01
