1.000000000000000000e+00 3.066283072732089443e-01 2.307142815857972373e-01 1.874209054376228256e-01 1.579284398577990023e-01 4.959542303210467268e-02 1.976441402461535379e-01 2.343328192700090129e-01 3.295622361369484610e-01 2.136531019525983177e-01 1.661515982630858423e-01 8.272821772901482740e-02 1.018988233717551956e-01 5.898651878476240951e-02 1.262271034961693905e-01 1.492975672919785723e-01 2.250115478460823493e-01 3.761521047184323008e-01 3.391589390606778442e-01 2.292629177472443325e-01 3.169531375020289699e-01 3.489986807283679271e-01 3.588983021981824728e-01 3.354348365578593838e-01 3.294815929451257452e-01 3.157771867283276079e-01 2.742002383440988456e-01 2.698125977384297491e-01 3.421525260347416664e-01 2.730488530487111820e-01 2.676684020514676354e-01 2.183078627129789451e-01 2.749657677789285048e-01 2.778976479229458563e-01 2.369782988439529947e-01 2.057739063301725069e-01 2.245391448435554160e-01 2.185789607756735142e-01 2.119459220028211688e-01 1.716368145802431577e-01 1.188422566616315762e-01 1.276812931167483345e-01 1.720176291837884064e-01 1.519665503116400529e-01 1.842920055541791280e-01 1.637102890708788672e-01 4.483294571524410604e-02 9.119903582016838928e-02 9.361595132382806439e-02 1.668504259246265942e-01 1.700715197802849243e-01 1.287809668843965250e-01 9.475030952285060093e-02 1.612644389834389791e-01 1.823334379129323835e-01 1.947611880477067847e-01 1.996393075682294793e-01 1.176615194069277753e-01 1.342567592571792812e-01 1.388742716377629471e-01 1.260263790244594284e-01 1.304497067393101117e-01 1.702103500358136123e-01 1.468535062488301457e-01 1.382579479820092994e-01 1.410127710765733400e-01 6.772310816602357397e-02 1.291406615020077864e-01 1.165504148745696161e-01 1.160338128990546364e-01 1.424341469675687311e-01 1.286490368291954289e-01 1.448017894366337988e-01 1.456949018462915801e-01 1.094028345478279818e-01 9.671813746825946856e-02 9.750976509022155070e-02 1.356700070232285393e-01 1.190764064903139241e-01 1.195062748554211879e-01 1.090331287956196743e-01 1.178165989805474018e-01 1.197177145577477397e-01 1.107817226388608939e-01 9.704771563639789933e-02 1.090822949575787904e-01 1.049153025825231289e-01 7.974538783008794374e-02 8.968119818111307262e-02 8.515803445127306803e-02 7.067096509366437018e-02 5.398071676984820405e-02 8.790044756676476667e-02 7.239408213335261910e-02 2.167843096642977502e-02 3.750223383228081658e-02 5.755074890144377259e-02 1.110694821658275711e-01 6.635362385413395847e-02 6.732616129661751769e-02 6.247116784760894936e-02 7.543657198807014741e-02 6.121766705329877850e-02 4.765327316141830527e-02 8.525861240258046647e-02 8.109329240753454515e-02 5.439541026867700246e-02 5.312184900570079971e-02 6.777724140554529375e-02 5.281860625568703116e-02 4.691744471738110156e-02 6.006444879304245754e-02 6.170326691768564936e-02 7.051755510255952597e-02 7.085530445136281608e-02 8.001813842978044988e-02
3.066283072732089443e-01 1.000000000000000000e+00 1.502413371382110285e-01 1.613038416872627778e-01 1.840325333078016434e-01 8.138251565691173584e-02 1.895646435243974748e-01 2.495451775151485974e-01 2.933601513738577360e-01 2.951079585825716056e-01 2.281212119293752061e-01 1.724824585639664620e-01 1.607611516041593247e-01 1.389113733316174326e-01 1.961478320573304956e-01 2.171587335985474265e-01 2.288125301516447663e-01 2.982777994580625425e-01 3.039945582533084556e-01 1.766784993203822929e-01 2.611025214652447080e-01 3.117394844948529475e-01 3.115449806596652382e-01 2.856994993855175302e-01 3.104478034172892253e-01 3.054602357151812719e-01 2.699625833259476360e-01 2.847927392755574827e-01 3.317042061466646263e-01 2.848417240399214734e-01 2.786132949543437265e-01 2.680832761845374779e-01 2.775229819347020954e-01 2.715735408118666316e-01 2.612041739185035349e-01 2.309231038092561250e-01 2.446914291983985357e-01 2.611702623478969754e-01 2.544596125655927410e-01 2.444458434756103249e-01 2.159473667281773535e-01 2.220959436146890398e-01 2.313024993623573333e-01 2.348535759741303131e-01 2.455198801499026140e-01 2.419171347737076039e-01 1.825475829766527169e-01 2.095403211986455461e-01 2.009013859147429915e-01 2.249694321130866481e-01 2.335152409079144509e-01 1.879248377710093787e-01 2.004857424495350982e-01 2.471291656482581534e-01 2.558680419704915110e-01 2.702643102125044661e-01 2.477518513417186208e-01 2.125040688194669569e-01 2.254850127085819000e-01 2.234996748533117639e-01 2.101280460771271785e-01 2.254584096137514371e-01 2.374352546578529510e-01 2.127277811378066597e-01 2.123487015805200773e-01 2.241036838661434050e-01 1.905007856707847946e-01 2.229711811851589065e-01 2.212764893395485488e-01 1.983678883962099182e-01 2.296403451520621641e-01 2.298516647282279890e-01 2.226200939809958590e-01 2.319369762584042594e-01 2.200661962574636255e-01 2.087757210726005064e-01 2.111830973486129859e-01 2.431689688320019249e-01 2.269857008324197289e-01 2.217883264911460206e-01 2.124717204080464328e-01 2.190974149885511479e-01 2.198568765046435558e-01 2.169528400488581199e-01 2.098890798476846231e-01 2.118995948125735884e-01 2.093729820555896015e-01 2.029779060554368908e-01 2.049947894030074436e-01 2.104278195001097473e-01 2.016636547526413636e-01 1.895278613911925703e-01 2.049871880461765494e-01 1.960654048728995846e-01 1.688640831710583323e-01 1.815986283415078339e-01 1.794776831757519953e-01 1.953916781500224242e-01 1.856864309474698382e-01 1.918829647595315657e-01 1.903726535315342361e-01 1.930323629803997743e-01 1.808489488576955073e-01 1.794350377778011485e-01 1.906212311919283642e-01 1.969665482726006001e-01 1.851867208773126106e-01 1.938238737788837152e-01 2.020539585038668429e-01 1.872715132065815857e-01 1.884583169484097820e-01 1.859340174118340738e-01 1.888453882493494329e-01 1.853642355053069513e-01 1.847895409688692092e-01 1.922374555673703744e-01
2.307142815857972373e-01 1.502413371382110285e-01 1.000000000000000000e+00 3.918619996230682800e-01 2.397642188078175363e-01 2.638825577267258637e-01 3.944596808042853398e-01 3.689462088746087165e-01 4.026954267603448101e-01 3.656908005626338110e-01 3.960216984736368295e-01 4.004454653278308740e-01 3.078260458464420757e-01 3.567266183709293381e-01 3.875080234020953363e-01 3.872960310295001096e-01 3.813782505097080278e-01 4.534419411952168577e-01 4.677933172515300053e-01 3.701606548551034104e-01 4.680120043677440389e-01 4.682374406009737755e-01 4.563250076538989952e-01 4.757108012432081923e-01 4.728241908508354907e-01 4.575887102624489611e-01 4.513531362835452310e-01 4.384557859343354846e-01 4.330080695011794267e-01 4.457733302872581849e-01 4.420116347718400229e-01 4.374241943040490521e-01 4.354929641830184162e-01 4.575503512004136519e-01 4.315539322492447094e-01 4.409891765918508288e-01 4.543241563610382894e-01 3.945142934680643254e-01 4.264613975646338040e-01 4.158621869484411260e-01 4.032719343865235895e-01 4.082247857137009106e-01 4.381594979734309558e-01 4.196526879525490639e-01 4.379731444319269751e-01 4.151130387275679956e-01 3.565286905240380166e-01 3.577179671573086361e-01 3.623135060028591647e-01 4.054291903742925363e-01 4.105250806511507311e-01 4.104461820948633877e-01 3.988072455048612408e-01 3.728696815662763120e-01 3.740066076158843345e-01 4.058102515902960450e-01 3.882262864639310918e-01 3.602195932757267238e-01 3.710564587022780469e-01 3.856863938864795727e-01 3.945178167234953959e-01 3.749632862833514046e-01 3.844487841338836143e-01 3.770003845685878097e-01 3.839805044528363798e-01 3.908524847919003231e-01 3.579886710774530800e-01 4.018826210209114347e-01 3.975135075384074734e-01 4.012684477649842152e-01 4.222453027464700970e-01 3.988060039346397190e-01 4.185803426358581936e-01 4.210981382617351998e-01 3.980066546259268812e-01 3.984463943807028397e-01 3.911925223457591305e-01 3.920769594685885595e-01 4.055051815321803477e-01 4.020551596449946086e-01 4.054140424358994577e-01 3.939254539021928014e-01 3.922428041332426951e-01 3.972721241018780658e-01 3.949757741710619441e-01 4.014438204242544161e-01 4.064165416823873889e-01 3.731980213046788286e-01 3.842729842793339845e-01 3.777745546788026654e-01 3.859610944157329526e-01 3.715636129762838191e-01 3.939503253547236850e-01 3.765981964758828848e-01 3.470153464332342841e-01 3.468893026785584977e-01 3.744153839225962677e-01 3.760943812221905214e-01 3.675196895499383554e-01 3.786226482270831362e-01 3.843082461833579044e-01 3.630623172435737955e-01 3.675729857165800918e-01 3.595981908126007487e-01 3.787999284471205708e-01 3.607024431443396351e-01 3.572560250776007362e-01 3.501017813492361408e-01 3.591032758408460590e-01 3.562445627266671577e-01 3.555031881207216804e-01 3.553542932247278352e-01 3.535794112189268312e-01 3.609402642521414295e-01 3.543878937464329804e-01 3.672166178326445873e-01
1.874209054376228256e-01 1.613038416872627778e-01 3.918619996230682800e-01 1.000000000000000000e+00 3.636997144575685459e-01 4.515418650891280805e-01 6.203668306149874301e-01 6.049388903633250436e-01 4.965766026074406869e-01 4.598695641987327609e-01 5.666115719874234014e-01 6.559255274425024318e-01 4.407941021054671560e-01 5.223339763875405328e-01 5.865236279312904255e-01 5.888084745345171234e-01 5.012781333359542790e-01 5.318500719303073110e-01 5.717124151983279390e-01 6.041434078693695975e-01 6.301196550023412390e-01 5.998464599402988373e-01 6.310961146479686645e-01 5.973172350770062922e-01 5.744517816433312163e-01 6.450091331750368306e-01 6.378578566122903304e-01 6.239274813081727711e-01 5.201964728296935014e-01 5.459108782421557837e-01 5.841871879086775188e-01 5.913925246939775171e-01 5.975705101512693851e-01 5.724929093184348838e-01 5.131503354408786244e-01 5.572496216266621394e-01 5.866987014806636092e-01 5.398409888508840515e-01 5.490335508044246193e-01 6.187817872605377856e-01 5.740000231389340568e-01 5.918671828763875098e-01 6.480070081721395203e-01 5.947968765561342241e-01 5.887406030749149366e-01 5.572408895637729342e-01 4.912615475312057112e-01 4.831171906464755694e-01 4.852493002790596033e-01 5.368627720516477853e-01 5.729723644159271378e-01 5.785838531994097478e-01 5.520958389944471412e-01 4.822663270384240919e-01 4.993954817851359307e-01 5.317255476237390255e-01 5.358228355001994903e-01 4.905922306916284392e-01 4.988958325246428127e-01 5.318337727742845633e-01 5.532066269744322362e-01 4.913363093725190422e-01 5.297611335432861335e-01 5.139659635251787595e-01 4.982528683783974399e-01 5.326518683535669263e-01 4.637830224411162994e-01 5.114130212217666838e-01 5.200863917755060850e-01 5.601993958450909306e-01 5.639355877036441589e-01 5.012873648870668220e-01 5.414307482714211250e-01 5.401750017402374704e-01 5.333743270407967918e-01 5.323262827959892585e-01 5.257411511882822408e-01 4.872609153761777723e-01 5.319002439754694223e-01 5.120163461684590356e-01 5.274117612166617786e-01 5.216110287308973747e-01 5.124937326117056102e-01 5.106658123214242728e-01 5.137608513183283820e-01 5.153120738869829687e-01 5.384423534744924300e-01 5.047445043446312507e-01 4.996813920032571188e-01 4.978186826044524449e-01 5.405111057038715083e-01 5.132047997228181835e-01 5.408868530384608464e-01 5.227809639391105545e-01 4.670597153941014601e-01 4.606492853385825148e-01 5.324524047281997685e-01 5.013681183177330913e-01 4.983674230211221357e-01 5.230652087167322328e-01 5.410061471997628102e-01 4.884735072888716223e-01 5.123248912567387459e-01 4.938825962201943698e-01 5.028508854840901821e-01 4.834796731840232953e-01 4.788917317318021616e-01 4.521879775065397178e-01 4.754006331916283412e-01 4.764393221224624830e-01 4.813588504797893797e-01 4.790419271842599191e-01 4.731749286178109082e-01 4.770499061504783200e-01 4.640297845942384369e-01 4.991179981474818672e-01
1.579284398577990023e-01 1.840325333078016434e-01 2.397642188078175363e-01 3.636997144575685459e-01 1.000000000000000000e+00 3.004795736705176412e-01 4.889772873464597325e-01 5.216699715433494866e-01 4.698996471173891298e-01 4.324648619253482762e-01 4.762870532676134472e-01 4.719778607883158283e-01 4.596569605079854348e-01 4.338436701313124755e-01 5.220734285378171302e-01 5.295464048893609998e-01 4.616531545728747576e-01 4.471529916677401406e-01 4.733512200488041444e-01 3.525671588856942873e-01 4.327000521868524796e-01 4.708369556205023176e-01 4.556799601417467760e-01 4.587824969345155046e-01 4.724858228762479628e-01 4.820463385260480016e-01 5.096633104121949254e-01 5.169475593716552630e-01 4.825101162706976754e-01 4.621518064578430951e-01 4.951518967365970969e-01 4.971048495404012391e-01 4.913763947073433447e-01 5.068895100107276841e-01 4.661710652767444563e-01 4.917069961195904559e-01 4.862140582722082049e-01 5.133964552448632146e-01 5.179745488911153828e-01 5.112838299574361534e-01 4.995640936455013614e-01 5.068414552528894834e-01 5.124659775385682625e-01 5.120596292227651558e-01 5.088018763072276185e-01 5.013786342258708117e-01 4.775758057061725292e-01 4.859662538707636426e-01 4.787390037229395379e-01 4.989827316111601352e-01 5.132534695327620744e-01 4.885233632739252041e-01 4.863374852325073050e-01 4.866897896795250866e-01 4.806895983174103160e-01 4.907151108409525953e-01 4.927849440525347569e-01 4.950191774767461750e-01 4.910093404848410170e-01 5.046758355648687244e-01 5.047514318432885227e-01 4.946979391009355687e-01 4.948967978646267585e-01 4.975249458360566646e-01 4.875733914173233097e-01 4.952379144080005235e-01 4.740003620753804325e-01 4.989633873072675807e-01 4.921929124077560891e-01 4.808766024814281059e-01 4.996980602555597395e-01 4.922719554440159739e-01 5.027329996837549553e-01 5.049745914818674075e-01 4.934683175218572693e-01 4.921556811101506779e-01 4.958351734360176288e-01 4.953267182768765764e-01 4.972760490329507510e-01 4.906084846321033810e-01 4.889343040660506512e-01 4.957383075946488749e-01 4.944892269908181537e-01 4.944969882909613923e-01 4.959382796526452530e-01 4.951074222359454491e-01 4.944056240515579126e-01 4.958849959599012092e-01 4.968601596053257019e-01 4.883614013080138094e-01 4.974597936106975871e-01 4.870814337566636287e-01 4.951486405872660423e-01 4.905568623033593201e-01 4.690676164094555456e-01 4.716979710094784117e-01 4.897331790913811989e-01 4.782650375943030552e-01 4.863457956165432305e-01 4.964496015022744069e-01 4.945140213491386882e-01 4.866002597115889894e-01 4.812687617845426424e-01 4.837279674309565847e-01 4.869570547482630629e-01 4.753089382050326717e-01 4.731654499355407162e-01 4.728239968911833735e-01 4.768009937008211852e-01 4.803483293505738105e-01 4.818974708350249325e-01 4.828341243235625968e-01 4.831083688780204999e-01 4.837307236574343028e-01 4.743143324615539114e-01 4.827911020389954455e-01
4.959542303210467268e-02 8.138251565691173584e-02 2.638825577267258637e-01 4.515418650891280805e-01 3.004795736705176412e-01 1.000000000000000000e+00 5.604725623690216540e-01 5.222033123299604229e-01 4.963148108254326618e-01 4.857656149977799265e-01 5.638506393946812745e-01 6.065675943354358335e-01 5.058583003401989631e-01 5.601238828619929944e-01 6.052790576658928501e-01 5.930034520549981591e-01 5.412268799143733489e-01 4.794392318187899460e-01 5.246605638955710305e-01 4.884301267901876575e-01 5.124195924352351605e-01 5.361067684084080964e-01 5.263858481682310853e-01 5.111277028530013533e-01 5.328468373864765351e-01 5.685545026523927126e-01 5.963257551139212742e-01 5.806950867280614714e-01 5.054307500798085329e-01 5.326320839709247634e-01 5.712995367117441603e-01 5.884982932507073494e-01 5.575342735673484151e-01 5.739428239141439736e-01 5.432320372142261933e-01 5.847679080891539094e-01 5.823993822044599700e-01 5.667452235956060846e-01 5.939055327454041411e-01 6.013269962765172005e-01 6.117970444491772630e-01 6.193158086459146228e-01 6.278687037331124321e-01 6.199674232915270977e-01 6.106280720192562850e-01 6.044631462832655844e-01 5.894028500303073459e-01 5.866966835726060703e-01 5.811881495658417496e-01 5.778889280973414921e-01 6.038878377576993861e-01 5.973701147651169219e-01 6.048414051061676844e-01 5.654395310105684302e-01 5.654228711759253789e-01 5.857152835204032515e-01 5.720884434280097963e-01 5.804849162463692203e-01 5.790051036446218768e-01 5.946732310274855937e-01 6.077376724957578302e-01 5.767952811449763573e-01 5.873875842921247870e-01 5.864324640588300941e-01 5.888757047963769642e-01 5.928830815278692823e-01 5.857475847030587657e-01 5.961664805337201223e-01 6.034478306374070344e-01 6.093803256964753778e-01 6.113866316228400155e-01 5.966549469106365855e-01 5.995578239016484678e-01 6.072575473661593337e-01 6.103574945782922478e-01 6.096094159398306456e-01 6.055324728449210658e-01 5.800230867756986930e-01 6.113885654617217114e-01 5.954700751294841332e-01 6.044157043495760329e-01 6.004757922174367435e-01 6.006766715991348482e-01 5.971967063623588867e-01 5.995373983257520356e-01 6.049012439252133833e-01 6.120240199843161033e-01 5.975507677837690323e-01 6.031707242813811876e-01 5.960186340742873456e-01 6.131946291052454701e-01 6.084763461050815003e-01 6.181418514476553216e-01 6.115344988554516359e-01 5.899382514198876493e-01 5.867653548310050038e-01 6.035646480628108490e-01 5.822746727225017738e-01 5.947468162081974707e-01 6.052476406877832504e-01 6.170568124012050237e-01 5.920743005621796895e-01 6.025544250706497129e-01 5.960531099155313983e-01 5.993273138840101710e-01 5.796027807300245804e-01 5.864621318945084649e-01 5.805991363482000400e-01 5.880413591842862386e-01 5.899072218250707156e-01 5.924633193734741843e-01 5.883692103064581680e-01 5.848559455442101651e-01 5.871116372721105758e-01 5.834862751357942079e-01 5.954922596293661385e-01
1.976441402461535379e-01 1.895646435243974748e-01 3.944596808042853398e-01 6.203668306149874301e-01 4.889772873464597325e-01 5.604725623690216540e-01 1.000000000000000000e+00 7.519062162586920284e-01 6.839543204576523650e-01 6.342889929648757308e-01 7.198829906719481642e-01 7.655887121665053696e-01 6.605593480475419055e-01 6.873727450927369365e-01 8.503475870506976841e-01 7.868762358339719265e-01 6.821815315577728356e-01 6.380133725207647322e-01 7.069588148857076648e-01 5.716026214319788190e-01 6.746216910843150227e-01 7.253037183574265745e-01 7.006663476701957549e-01 6.776905839155555888e-01 7.266552161846236979e-01 7.483884831471311339e-01 7.849305688672586490e-01 8.006321978620393187e-01 7.014731799995220785e-01 7.540391665562871104e-01 7.749327731001808273e-01 7.523223578390251243e-01 7.804082056393139011e-01 7.460950689648937484e-01 7.500737817693924336e-01 7.718568577655359197e-01 7.872671633184609163e-01 7.649335737399288737e-01 7.925659578609735023e-01 7.945569528515059599e-01 7.667008979565500537e-01 7.963121648992244062e-01 8.055804102241638232e-01 7.921347196044021821e-01 7.868468675047858296e-01 7.841939363427133936e-01 7.299884255361273055e-01 7.247096121243576938e-01 7.216002915038018939e-01 7.594114159298464006e-01 7.790494843095092659e-01 7.726000660941472198e-01 7.508753839791423301e-01 7.219728798395421698e-01 7.165471321999599130e-01 7.417895419834962256e-01 7.414624705111366731e-01 7.392219711387449932e-01 7.358100691001512317e-01 7.598406202690849431e-01 7.634549121624474299e-01 7.425978132745717497e-01 7.486909441287312728e-01 7.493093378319354292e-01 7.413204440319731692e-01 7.479022321367488901e-01 7.165605056731652045e-01 7.461316960338248983e-01 7.543506704826430376e-01 7.443474449581886088e-01 7.736353127939560315e-01 7.512683811495148856e-01 7.490676195258731962e-01 7.738624677389053241e-01 7.643460800237416031e-01 7.711555719358879069e-01 7.701338174846225071e-01 7.427634281544057693e-01 7.723937801656840518e-01 7.649053654222583987e-01 7.707150297177425280e-01 7.593799498435152007e-01 7.545817003192276662e-01 7.678625269186003521e-01 7.573926949772754602e-01 7.505897288160229275e-01 7.718743689414109266e-01 7.580815663955202677e-01 7.573296614706626073e-01 7.494543883271782558e-01 7.801008739878168008e-01 7.552402966317126598e-01 7.675781926859500670e-01 7.620591518460294589e-01 7.196883799645521496e-01 7.178441475285897155e-01 7.570506663796182645e-01 7.360510503804720273e-01 7.363955188111632744e-01 7.591306310151835213e-01 7.645819198936600891e-01 7.387996177188039804e-01 7.401420400448427417e-01 7.371816753356106311e-01 7.472754238975911623e-01 7.262848862552243601e-01 7.230796833456066830e-01 7.146008085022256262e-01 7.286503446297775133e-01 7.338393601572077429e-01 7.372942504476754921e-01 7.296692157380970656e-01 7.294737588717180587e-01 7.318827536372018994e-01 7.228722995310796762e-01 7.369062438621645228e-01
2.343328192700090129e-01 2.495451775151485974e-01 3.689462088746087165e-01 6.049388903633250436e-01 5.216699715433494866e-01 5.222033123299604229e-01 7.519062162586920284e-01 1.000000000000000000e+00 7.085499487695858800e-01 6.424424646923967419e-01 7.140996036101430189e-01 7.490283174133014477e-01 6.728439125828288292e-01 6.685176643022968657e-01 7.988592387712274423e-01 8.045517892505037461e-01 6.806387150985759860e-01 6.527294911422741874e-01 6.986361777042296994e-01 5.897578288937204150e-01 6.595351775786147952e-01 7.112554642074246924e-01 6.916546526621843993e-01 6.697227656150979147e-01 7.012528598999253626e-01 7.495156050681356374e-01 7.719321290939545888e-01 7.873799956324030180e-01 7.138494786736802045e-01 7.244054557979190401e-01 7.594815133077685854e-01 7.553987839150108075e-01 7.616310097295575510e-01 7.470540635395658269e-01 7.227148289796435643e-01 7.510804611220829319e-01 7.513777390033190562e-01 7.809822910831613063e-01 7.855398182244681671e-01 7.889383986989897402e-01 7.606222761886218819e-01 7.832702049302613379e-01 7.910702713272018682e-01 7.887632338150711853e-01 7.751165701710273082e-01 7.731266967493166664e-01 7.255469733598245430e-01 7.313729658088252705e-01 7.263512794298428998e-01 7.583610070675760317e-01 7.823012408367746584e-01 7.630396121290561329e-01 7.435107252730054350e-01 7.393042577614872268e-01 7.391837099293080415e-01 7.516125558095857473e-01 7.617977923023601106e-01 7.500861851461776419e-01 7.517365129183961603e-01 7.662964114383479242e-01 7.672212764698552734e-01 7.533496338697588390e-01 7.648081788496645661e-01 7.593252199406985703e-01 7.442245843515318260e-01 7.573595081733688339e-01 7.161676385050800286e-01 7.446224273898187640e-01 7.491538049520060083e-01 7.391986936786948403e-01 7.600106252257797790e-01 7.426955439222994171e-01 7.465006547405689252e-01 7.595973619670326471e-01 7.541638827850243310e-01 7.521754865505749788e-01 7.551455198413143943e-01 7.427881649805703201e-01 7.563560473623889280e-01 7.465796639973905080e-01 7.542160865039215789e-01 7.515207678790633006e-01 7.487707974442850967e-01 7.528254576620226901e-01 7.482003419887608420e-01 7.415105860099699964e-01 7.550157020830277066e-01 7.522817486150690236e-01 7.462455006381771838e-01 7.403499538977627026e-01 7.622637772285255631e-01 7.438293414708097018e-01 7.531654028838913328e-01 7.510997892427382361e-01 7.115500790841875478e-01 7.148045216557777914e-01 7.480524997293329648e-01 7.390974904728512263e-01 7.353501516847480435e-01 7.531589776695781779e-01 7.553380669906988309e-01 7.387507400987307626e-01 7.378959142532279802e-01 7.339855376306886336e-01 7.423707092153001286e-01 7.293817835693030549e-01 7.208845258960498992e-01 7.123261464548638067e-01 7.272593238759036405e-01 7.307356285837535159e-01 7.348355155979692244e-01 7.296868171574846240e-01 7.301006888764295377e-01 7.318819187611176336e-01 7.188247843563835282e-01 7.359048264309131504e-01
3.295622361369484610e-01 2.933601513738577360e-01 4.026954267603448101e-01 4.965766026074406869e-01 4.698996471173891298e-01 4.963148108254326618e-01 6.839543204576523650e-01 7.085499487695858800e-01 1.000000000000000000e+00 7.803706161126491292e-01 7.877015016669945968e-01 7.755777449871502638e-01 7.174470703894701984e-01 7.183603494961320335e-01 7.988522516591465283e-01 8.227857987213675894e-01 8.213277450893730069e-01 7.431905334272984609e-01 7.765075988532004203e-01 6.537893789059843197e-01 7.168537117587941987e-01 7.837078603785339048e-01 7.516793265362176069e-01 7.420543027411963255e-01 7.780184999164628801e-01 8.269818545081927263e-01 8.339041226260143214e-01 8.387345870294419248e-01 8.163644021059237588e-01 7.936388740990255597e-01 8.389417220627396476e-01 8.539271476225441804e-01 8.052976491696710593e-01 8.254053305547156549e-01 7.814140138184976214e-01 8.054566516710592872e-01 8.025174921432562947e-01 8.574085802982139848e-01 8.499060938499416462e-01 8.226658373794331069e-01 8.446379192948691994e-01 8.323455968903596958e-01 8.308586453250242920e-01 8.544323297803784190e-01 8.548870871981306685e-01 8.523695375894894122e-01 8.218734293247392797e-01 8.510135325557157682e-01 8.446151061988261821e-01 8.428201505358871026e-01 8.564882800423545550e-01 8.055523495164332859e-01 8.299811476360878792e-01 8.751245618342252675e-01 8.707413104035699458e-01 8.698356649659456652e-01 8.709703046428206585e-01 8.509529075008092081e-01 8.626528946745087856e-01 8.639890012227291471e-01 8.568631375116473325e-01 8.645518312537801009e-01 8.746950358340263021e-01 8.606768956510396640e-01 8.542445956341141455e-01 8.649043010654631214e-01 8.332684148909782484e-01 8.571709451444509131e-01 8.538191945411742756e-01 8.430105639019553898e-01 8.513319765357827418e-01 8.540876927607173874e-01 8.531141579349467152e-01 8.491024484583267196e-01 8.497009637825556627e-01 8.411128083045426029e-01 8.393539241369784021e-01 8.491820107914803684e-01 8.494530380207677700e-01 8.367798160441696220e-01 8.400064442792541941e-01 8.506261297581858560e-01 8.540150926666778552e-01 8.361685145101090955e-01 8.368047507461822132e-01 8.438111133271347652e-01 8.368311937567615155e-01 8.347385028750493596e-01 8.376387049344229396e-01 8.406634538469783813e-01 8.223922582768472545e-01 8.265739180260207597e-01 8.392859255177389510e-01 8.325777992816608686e-01 8.130701451977703220e-01 8.209171211285885006e-01 8.130269194039509983e-01 8.439268594355925357e-01 8.328193167381757744e-01 8.289687743629138295e-01 8.267163169185088867e-01 8.362559837776977201e-01 8.262263250420235350e-01 8.240723627598067758e-01 8.366427829108711300e-01 8.389277026814737637e-01 8.312545971725288085e-01 8.299418834736421724e-01 8.379504340574998045e-01 8.282692515679721534e-01 8.240604262519407586e-01 8.310688882862765636e-01 8.328865090760884105e-01 8.333647136503247177e-01 8.321106667120212741e-01 8.399557725897898175e-01
2.136531019525983177e-01 2.951079585825716056e-01 3.656908005626338110e-01 4.598695641987327609e-01 4.324648619253482762e-01 4.857656149977799265e-01 6.342889929648757308e-01 6.424424646923967419e-01 7.803706161126491292e-01 1.000000000000000000e+00 7.570540376306076347e-01 7.554588814288382137e-01 6.877042222735283428e-01 7.091589072327624255e-01 7.621877569448181067e-01 7.781174366042998836e-01 7.623785900541799609e-01 6.558032951910774955e-01 7.115799091282531963e-01 5.862683342811358944e-01 6.467684123909334115e-01 7.276237758202386274e-01 6.967145400479812789e-01 6.753233390558079918e-01 7.194644046075446830e-01 7.801546836520267814e-01 7.839637775637775530e-01 7.858128788862449587e-01 7.641406516391326953e-01 7.425743290716378953e-01 7.840207513770311998e-01 8.079908074994128775e-01 7.435293101282003381e-01 7.738992045339474490e-01 7.300493567199657363e-01 7.733063362544297936e-01 7.565957960773984636e-01 7.966948393012540652e-01 8.102752577805004686e-01 7.885916160570877187e-01 8.208472774999152621e-01 8.059131431043812244e-01 8.001353505911733555e-01 8.258415499413302996e-01 8.209205836102744236e-01 8.156106702941594566e-01 8.067537232263131131e-01 8.233233309877141526e-01 8.093678295203501349e-01 7.890206801359831434e-01 8.118584055967494884e-01 7.771256609654212388e-01 8.097403892144580118e-01 8.325534207468677783e-01 8.299558942935815198e-01 8.379303492409977405e-01 8.200544338867773453e-01 8.140666406270895550e-01 8.207572038324966179e-01 8.273868936919317463e-01 8.204969835844335702e-01 8.248867761627312056e-01 8.286587259881582623e-01 8.167718081847137324e-01 8.169648255932651093e-01 8.297716262407058840e-01 8.114918762073984881e-01 8.214488921506221120e-01 8.239955650439743096e-01 8.054919011050465372e-01 8.194596650110632652e-01 8.261388636478335101e-01 8.164726000928698157e-01 8.182915845809138888e-01 8.269862185006486843e-01 8.187768441041777256e-01 8.174776244406303238e-01 8.244593105523739807e-01 8.272489158699726230e-01 8.168978151880573746e-01 8.163259010013310668e-01 8.219365568651809673e-01 8.252600760178857575e-01 8.083266695054165396e-01 8.075214763607394541e-01 8.175980020660723602e-01 8.146000149284307046e-01 8.076105395398759379e-01 8.138704625469516118e-01 8.204689564443954364e-01 8.019731214034574451e-01 8.098727896833357587e-01 8.196844541052481503e-01 8.130029985034601392e-01 8.002591818064260787e-01 8.058406345577741048e-01 7.899284058074130810e-01 7.989330938424448192e-01 8.075313921883997548e-01 8.045759872979746374e-01 8.082926799599069456e-01 8.099987781770292550e-01 8.060109525899612493e-01 8.063030295482003229e-01 8.103532166534016534e-01 8.079726422749571313e-01 8.065082488752276513e-01 8.132385947891767053e-01 8.186350598447023064e-01 8.075105229996846212e-01 8.063387869028151300e-01 8.108580796573348071e-01 8.079235274287692725e-01 8.071999572979051685e-01 8.057416188272101820e-01 8.148127754695695391e-01
1.661515982630858423e-01 2.281212119293752061e-01 3.960216984736368295e-01 5.666115719874234014e-01 4.762870532676134472e-01 5.638506393946812745e-01 7.198829906719481642e-01 7.140996036101430189e-01 7.877015016669945968e-01 7.570540376306076347e-01 1.000000000000000000e+00 8.489849512340061910e-01 7.427237912056192659e-01 7.754353232628147241e-01 8.508063340017075760e-01 8.546909792729209254e-01 7.959213203724924135e-01 7.051665325184383049e-01 7.654209168370703642e-01 6.551871683054850681e-01 7.190676864089116105e-01 7.748527958808085758e-01 7.437251108752773732e-01 7.382495719736020812e-01 7.696990964685483938e-01 8.290801077914145001e-01 8.520045645545623048e-01 8.471334362892406489e-01 7.797639624728680552e-01 7.844101927178095401e-01 8.393400058105002781e-01 8.603139434658689799e-01 8.174119605213191475e-01 8.387042359063943131e-01 7.960987718049746809e-01 8.255166353145312330e-01 8.284844708771200716e-01 8.648450036002196528e-01 8.738211156510945488e-01 8.629868006557754878e-01 8.817071903880362438e-01 8.795077438894149946e-01 8.741285602199756477e-01 8.908462411053316155e-01 8.849958444425458648e-01 8.802024885274649657e-01 8.649900094895628389e-01 8.754048373673817274e-01 8.696783504081028182e-01 8.566557305967746894e-01 8.821915818769490159e-01 8.478030065386835679e-01 8.708046250580646630e-01 8.719668429659233055e-01 8.701642570334945370e-01 8.742568993593236026e-01 8.729127107212918402e-01 8.729533189877437538e-01 8.774199516300982271e-01 8.791841720981138364e-01 8.864191388310712627e-01 8.722312343997054018e-01 8.826563550505241995e-01 8.741608641848651606e-01 8.699979797325376740e-01 8.832953888154274624e-01 8.683676633925513366e-01 8.821557469410071795e-01 8.819926341324924035e-01 8.770226679469518283e-01 8.873258079588726144e-01 8.835083055035193311e-01 8.812209085626839800e-01 8.828695924220788527e-01 8.856912531616027984e-01 8.815260094193958507e-01 8.804277629790759896e-01 8.659665034017863805e-01 8.814950127114311584e-01 8.662102331600964877e-01 8.758643128704579617e-01 8.805288353967795079e-01 8.815555191955157799e-01 8.722752126020316688e-01 8.781639433919306015e-01 8.829771366299272728e-01 8.814529699390220019e-01 8.767872544733881224e-01 8.792749602466233272e-01 8.715903675084262225e-01 8.773483759134010906e-01 8.774097013887803831e-01 8.882105904248829287e-01 8.822071384935956662e-01 8.619311001539323724e-01 8.636015171723543382e-01 8.722111040271564031e-01 8.678002046267218050e-01 8.741289801856200192e-01 8.767725187793884434e-01 8.805933300077836146e-01 8.755677316672321187e-01 8.753056937144014782e-01 8.708262774460634459e-01 8.773916043179028623e-01 8.666105199099357614e-01 8.687540155147233101e-01 8.621658477950114863e-01 8.717303374781811831e-01 8.654620613150745267e-01 8.669991818838207465e-01 8.667136138899689257e-01 8.682156338301829646e-01 8.700510966729344542e-01 8.656855755480733494e-01 8.776983256424488733e-01
8.272821772901482740e-02 1.724824585639664620e-01 4.004454653278308740e-01 6.559255274425024318e-01 4.719778607883158283e-01 6.065675943354358335e-01 7.655887121665053696e-01 7.490283174133014477e-01 7.755777449871502638e-01 7.554588814288382137e-01 8.489849512340061910e-01 1.000000000000000000e+00 7.718233766377298188e-01 8.225896226858442351e-01 8.900150415309533436e-01 8.967939597268008711e-01 8.046843105694524434e-01 6.588997126424135375e-01 7.373702654205752660e-01 6.772941672919370326e-01 7.123077542360090053e-01 7.559947458351569116e-01 7.230494689141033771e-01 7.165188915672250358e-01 7.483884915959180262e-01 8.292026141848654053e-01 8.542963473779754402e-01 8.531042553757572922e-01 7.434678118545516856e-01 7.743579329861196570e-01 8.317757259069896714e-01 8.633545588450103336e-01 8.059031709880513095e-01 8.214126467650473273e-01 7.815705879379989396e-01 8.395023577514568736e-01 8.360148450625201066e-01 8.520935561650788692e-01 8.751798845352876111e-01 8.830305577503058112e-01 9.143215757598822657e-01 9.100938166613645741e-01 9.143781406619660990e-01 9.210533652281553962e-01 9.001088745671451674e-01 8.955756666359221407e-01 9.006842788387036114e-01 8.957099282607171586e-01 8.904887257663838263e-01 8.636126597043843889e-01 8.944850204660473869e-01 8.855691122826963024e-01 9.097006371209487297e-01 8.756511001755385992e-01 8.672565717634674876e-01 8.710191397513979972e-01 8.786162879608585552e-01 8.872877934519225462e-01 8.841987764658186810e-01 9.099770559698543426e-01 9.180952776464845755e-01 8.903407437668864333e-01 8.942276870771712627e-01 8.969136549922321899e-01 8.888869380656220232e-01 9.066411777170966246e-01 8.922579593087667238e-01 8.951572949795869594e-01 8.987852687951882746e-01 9.049625841670908555e-01 9.087838031363884017e-01 8.929647743482013178e-01 8.956239353256891800e-01 8.960889246401843033e-01 9.146450368936331898e-01 9.130087654719807322e-01 9.101449822437132076e-01 8.785782845403302677e-01 9.062729102654082380e-01 8.900003128142822684e-01 9.040782372488547214e-01 9.005070876803713542e-01 8.977487513650135309e-01 8.940564277044479313e-01 8.937400897553834378e-01 9.008999972563574987e-01 9.093391853209402687e-01 8.989927338377563526e-01 9.013669181465173708e-01 8.948171505269467696e-01 9.117729323251099194e-01 9.127260360795249605e-01 9.187213129592513017e-01 9.144916371486551121e-01 8.984340623475121079e-01 8.955589720940847487e-01 9.035392917232645260e-01 8.884938654848341111e-01 9.048502538249767468e-01 9.070969283355210244e-01 9.209639605485074876e-01 9.001459798775391929e-01 9.116701825238746615e-01 9.057267429243150980e-01 9.017789210936733024e-01 8.921090353568112974e-01 8.997013718123292314e-01 8.900870695719169667e-01 8.969496529962543985e-01 8.969836706414936467e-01 8.997021839087530060e-01 9.007101680794190601e-01 8.964300200455270762e-01 8.978841610542706020e-01 8.887243815636101107e-01 9.063777894660989265e-01
1.018988233717551956e-01 1.607611516041593247e-01 3.078260458464420757e-01 4.407941021054671560e-01 4.596569605079854348e-01 5.058583003401989631e-01 6.605593480475419055e-01 6.728439125828288292e-01 7.174470703894701984e-01 6.877042222735283428e-01 7.427237912056192659e-01 7.718233766377298188e-01 1.000000000000000000e+00 7.433652818089826475e-01 8.054726717825508864e-01 8.094019574450604937e-01 7.346352178105539643e-01 5.892458139911697090e-01 6.479177278812191521e-01 5.419994470300529832e-01 5.962736321495074598e-01 6.642534389594371147e-01 6.094243169248201308e-01 6.122041363668654368e-01 6.596810912605525212e-01 7.098160999292660867e-01 7.451982985165553908e-01 7.557154172240281298e-01 6.813008386625478696e-01 7.001963958780518249e-01 7.553460608606142879e-01 7.691049951425956710e-01 7.176460675122524613e-01 7.331309502697551661e-01 7.158952446250866908e-01 7.577328505667165759e-01 7.416089135931680509e-01 7.936629019822410980e-01 8.017076500077978674e-01 7.775511857732462229e-01 8.193085478675807831e-01 8.093366507643305896e-01 7.887032939039367863e-01 8.237319873237445300e-01 8.029097745893422067e-01 8.156096836509352244e-01 8.308667197694286077e-01 8.334899503581273406e-01 8.209245766040532688e-01 7.878646197305585464e-01 8.091966694398291526e-01 7.799206942234531148e-01 8.110262772648493268e-01 8.201787789783855365e-01 8.048846815163871460e-01 7.985627031224252770e-01 8.062648072826958945e-01 8.298028727062491949e-01 8.238031853645553237e-01 8.411421324674009936e-01 8.338104594528841229e-01 8.328461665820560134e-01 8.241797245568294183e-01 8.276862854032805972e-01 8.190983356099919011e-01 8.316639371658955948e-01 8.318109782868122748e-01 8.278846080941610897e-01 8.255880573458913574e-01 8.056002047460520954e-01 8.184642923263613090e-01 8.281160817276232988e-01 8.135615972604141044e-01 8.161229621949047663e-01 8.293432013062990160e-01 8.284010846093875502e-01 8.316286761167784869e-01 8.176940123547881134e-01 8.247768134461894718e-01 8.173987092560783818e-01 8.246775421970364839e-01 8.299986702915836956e-01 8.271401424485037568e-01 8.240494378993254987e-01 8.255024166075823899e-01 8.232237353202229713e-01 8.251072019184926276e-01 8.352335415562647247e-01 8.339586437138624131e-01 8.261903694996323155e-01 8.280432747506821789e-01 8.342515685327926978e-01 8.300652280831984919e-01 8.360012785078066999e-01 8.328510160301854093e-01 8.343815037093962328e-01 8.223457630574648736e-01 8.230458996125613602e-01 8.370151163129657679e-01 8.332236361317687523e-01 8.328742354011283711e-01 8.373172953770969817e-01 8.310603268219440842e-01 8.402395274862199948e-01 8.293298324423944434e-01 8.279204985513881621e-01 8.341014618657809354e-01 8.329155550004575526e-01 8.329050214683844100e-01 8.362435570367384718e-01 8.354233570519858931e-01 8.386296707181356558e-01 8.376008096434639505e-01 8.359914183250384268e-01 8.290078759123837848e-01 8.342075399222057541e-01
