1.000000000000000000e+00 1.801603316942394506e-01 3.795493313111487910e-02 1.010774097462135424e-01 2.785367184583860400e-02 -2.615857214571463280e-02 -1.646213423338489454e-02 3.172278701853818716e-02 1.660362174428772208e-01 7.161420729845040245e-02 2.425844069357493971e-02 3.445221887935608768e-02 2.511658916108441136e-02 5.609634010364532644e-03 1.772159333979578255e-02 1.704021981210308498e-02 1.333057353591644567e-01 6.562830115500453698e-02 6.072209240267130437e-02 9.808876626132274901e-02 6.938702412595568192e-02 1.192757661165842892e-01 3.559502378906752307e-02 7.251562134764699685e-02 8.404675960679093560e-02 1.174703382424056169e-01 9.029126065448346561e-02 8.420119862845257264e-02 1.385342392084829288e-01 8.171292046475721327e-02 6.496124015156679032e-02 3.322127499018170949e-02 2.370866271786900917e-02 2.517800310419721771e-02 3.825203460437286845e-02 1.362499015723414933e-02 3.701736385661127254e-02 8.296258171625126368e-03 1.413844892051586456e-02 -8.229067706454852582e-03 1.779433992923050434e-02 -7.768357964704087487e-04 -2.249412415269609958e-02 1.402991659444524294e-02 2.010321783054543759e-02 1.802095651029511289e-02 1.586780700386618281e-02 3.382626057404909681e-02 3.004250696370073734e-02 8.929279390453090035e-03 3.592702302277005644e-03 4.692601383370080710e-03 3.152375767666002609e-02 5.416684013783681223e-02 2.467542446150906496e-02 2.903671633962781953e-02 6.378046739275683441e-02 2.825342854542438331e-02 1.624713498828343284e-03 5.842147516414058356e-02 1.417169642278507356e-02 3.202439968440592283e-02 1.166675442282989056e-02 4.113209265177859147e-02 8.125479701133865584e-02 7.856093270759891001e-02 3.718402123454370156e-02 1.918550066610404115e-02 2.045033482622910653e-02 3.437860024430122036e-02 3.000716524792653925e-02 3.451162409368092876e-02 2.044586423240502340e-02 2.939229275009770659e-02 2.939269447258874637e-02 2.717804551636287397e-02 2.131595294879996480e-02 4.677132745988165502e-02 2.830858167406926501e-02 2.799435869207400271e-02 1.734417592150293980e-02 2.453223155141093931e-02 2.746876765696730158e-02 1.172201400750980463e-02 3.315218861858260958e-04 1.359619862475601286e-02 7.227801389774110401e-03 4.081835784825901120e-03 8.245807721054241885e-04 1.919859078356917978e-02 -9.734642186616689064e-03 6.522660301289780671e-04 7.614652380484299848e-03 4.471692938411503219e-03 3.907327201468545341e-03 1.822021534280089325e-02 5.489053428487241162e-03 5.795381708973686846e-02 7.042160558049965179e-03 8.950432017726155098e-03 -9.622339320911209651e-03 1.467094595671044818e-02 2.169639296913032991e-02 1.021312438185274785e-02 2.973260571393005966e-02 5.626454892324820461e-02 2.742940345505413477e-02 1.742630376221024693e-02 1.699553650038262975e-02 1.826550589300825200e-02 5.383106618869050973e-03 3.030925758777420348e-02 2.045214255804703174e-02 2.993256468375277146e-02 5.163692961491530425e-02 5.814276849995045349e-02
1.801603316942394506e-01 1.000000000000000000e+00 8.144536889784122213e-02 1.101426794137632809e-01 9.018535610420402859e-02 3.233481050589443601e-02 1.404421522710949111e-01 1.428339494129965137e-01 1.889323352979584147e-01 2.055066814910404271e-01 1.471362435963101678e-01 1.398259861916417990e-01 1.391185690302306488e-01 1.350470350784724327e-01 1.648953986594401955e-01 1.523579925611467378e-01 1.371680907041285813e-01 1.205934474003527435e-01 1.219760160264459353e-01 9.219298085266272591e-02 9.033989878852112521e-02 1.087441251679808901e-01 1.454386425586442211e-01 1.203582420791991237e-01 1.027970510232906753e-01 1.817028956035788567e-01 1.600651693781453833e-01 1.668593933157019316e-01 1.668926219664871036e-01 1.644638270975979921e-01 1.672488309192699252e-01 1.377867951603505559e-01 1.481014469783903109e-01 1.236460366793591947e-01 1.449719698325585837e-01 1.303730127126719596e-01 1.629759286768130977e-01 1.203715806800148697e-01 1.377517766639375363e-01 1.380645394936279025e-01 1.526030516719244778e-01 1.304165279531999122e-01 1.315594902757632745e-01 1.441131750932645172e-01 1.479894049930040312e-01 1.531501539042855464e-01 1.393777412858086540e-01 1.586035742493930312e-01 1.426358786438773618e-01 9.081436969558785710e-02 1.191670550164437015e-01 7.039710868759155304e-02 1.295717347349806814e-01 1.670936730587831154e-01 1.429285469371427697e-01 1.560144244781239697e-01 1.396472169003133146e-01 1.430990227772006296e-01 1.418400906903507785e-01 1.600927095037717740e-01 1.363300046087700390e-01 1.513217922392315895e-01 1.291619040607754065e-01 1.521416586774037016e-01 1.515287009764762494e-01 1.649400733418877329e-01 1.539618520148851866e-01 1.476464093341751382e-01 1.570888483404954128e-01 1.400633319609184968e-01 1.387439112017221365e-01 1.419715819133977874e-01 1.521559254319971022e-01 1.358671408478939746e-01 1.520837633467897188e-01 1.483178577857685032e-01 1.505478307767281199e-01 1.535723515717977161e-01 1.536056121524276563e-01 1.583898642710818427e-01 1.561723501167240069e-01 1.553014700130702641e-01 1.553645176866997324e-01 1.534125978389894729e-01 1.348417762212092419e-01 1.447311057373218413e-01 1.547534068400457097e-01 1.485922460803367207e-01 1.493753819266529226e-01 1.595107852940559900e-01 1.502533408958337535e-01 1.485413490983903129e-01 1.514266127697270481e-01 1.513645783099668019e-01 1.445207532341436785e-01 1.576691365018167701e-01 1.320010596955613069e-01 1.381467787969390959e-01 1.428485254753760481e-01 1.443972644997006394e-01 1.422020358834211462e-01 1.411106640244577659e-01 1.450950399332517071e-01 1.411368944671144710e-01 1.355452712674229954e-01 1.619166955471166847e-01 1.510637051399827124e-01 1.547592787556104910e-01 1.546370557180812011e-01 1.452332093597055451e-01 1.435377515014475691e-01 1.538603254930351050e-01 1.523429260664441731e-01 1.481081313036066716e-01 1.519773477521274840e-01 1.636673869138751958e-01
3.795493313111487910e-02 8.144536889784122213e-02 1.000000000000000000e+00 3.589450490755713430e-01 1.824096889624253204e-01 1.543661465312902159e-01 3.423388825977768390e-01 3.346040780279718185e-01 3.137253407384826831e-01 2.738632269805743591e-01 3.746055066984758097e-01 3.860553576824763411e-01 3.070164870178609395e-01 2.589111571663510469e-01 3.869112382845411036e-01 3.606816136762163172e-01 3.414875778830181452e-01 3.604711340324922575e-01 3.541718334084756337e-01 3.485871728600251074e-01 3.729448584356736540e-01 3.741186403449283104e-01 3.754667228731837225e-01 3.217076001292820675e-01 3.185468063984313591e-01 3.836354037955330143e-01 3.893073412132943001e-01 3.922588288132572432e-01 3.393399502520051403e-01 3.759467657456999068e-01 3.949069095618285008e-01 3.816905697384165852e-01 3.686873074806632511e-01 3.539282833767793401e-01 3.581799332367832656e-01 4.007098720080500831e-01 3.896149895042381739e-01 3.746437923824303406e-01 3.824889852533331358e-01 4.028843005990128123e-01 3.700257221193244406e-01 3.826311021904630350e-01 3.830080919405906004e-01 3.810537312415405165e-01 3.904586783993138632e-01 3.690064455711664082e-01 3.529337264517141692e-01 3.525833800494820869e-01 3.507002603934605278e-01 3.497859867797106781e-01 3.664464361562268513e-01 3.706619837705016351e-01 3.603858575012345300e-01 3.511587691969287883e-01 3.494480440139215993e-01 3.879812731132901149e-01 3.551072013259686799e-01 3.603301926035626379e-01 3.575513659294093927e-01 3.499685473823050397e-01 3.635319191154344209e-01 3.488621723130271302e-01 3.539604816069938931e-01 3.645064562220182158e-01 3.612025268266533251e-01 3.530627096096352058e-01 3.607481748465969362e-01 3.683003531182914014e-01 3.758323737963654154e-01 3.855626287408345232e-01 3.807383454322819105e-01 3.663152328024087412e-01 3.712061921701226286e-01 3.623663736956603265e-01 3.674377166336157963e-01 3.688520681982792593e-01 3.687609502704307096e-01 3.499227128146593091e-01 3.689766854621334691e-01 3.540492153786988228e-01 3.708357145266142907e-01 3.723802026989215253e-01 3.888845199028448940e-01 3.636410378660362430e-01 3.605593245311698447e-01 3.695314497639497486e-01 3.785021681214976175e-01 3.680688902870175583e-01 3.712906814682432888e-01 3.860087211094171411e-01 3.805868322832531847e-01 3.662747386941250238e-01 3.753614631241431465e-01 3.696768101429712128e-01 3.488021682415019531e-01 3.532055337257461458e-01 3.703293952853579651e-01 3.550093253056520459e-01 3.585570579123270041e-01 3.684391139591286501e-01 3.650381617361224129e-01 3.620077856093277813e-01 3.587390552387040299e-01 3.631022540253484032e-01 3.727758093710208942e-01 3.627669898280493910e-01 3.551700473480665643e-01 3.592012775845668804e-01 3.581645799865330604e-01 3.566419017518963619e-01 3.661390097509355512e-01 3.521477712304424967e-01 3.528976219941756809e-01 3.584747010611148421e-01 3.622838666278133668e-01 3.549646542233972912e-01
1.010774097462135424e-01 1.101426794137632809e-01 3.589450490755713430e-01 1.000000000000000000e+00 3.463430128440512235e-01 2.640661259879760747e-01 5.728174243795565168e-01 5.902738621408285535e-01 4.959207335393890914e-01 4.337083719076698651e-01 5.580159602731125101e-01 6.400704582095422257e-01 5.066066600364814709e-01 3.941541011319028009e-01 6.149442028275656780e-01 5.999330671166663853e-01 5.401559285822052914e-01 5.311993218922066440e-01 4.698962318179316089e-01 5.998082367949044702e-01 5.694436362667383289e-01 5.149731018911013480e-01 4.865553272040546995e-01 4.009931368570390231e-01 3.827480747586939347e-01 5.792625217788147651e-01 5.861376776036772984e-01 5.757833380407789692e-01 5.064160752015516298e-01 5.431182866571246937e-01 5.741019070101462951e-01 5.817767129404589621e-01 5.531140957941411695e-01 5.403193750754720082e-01 5.493879389529658930e-01 5.986363980126961915e-01 5.739064080589605377e-01 5.897555467240724880e-01 5.869095348963865311e-01 5.887367859624418331e-01 5.692513404571571956e-01 5.867653695854745388e-01 5.936441005711755592e-01 5.999573840531359226e-01 5.810671944481159423e-01 5.772173759238742319e-01 5.681666916437461134e-01 5.622533437707040171e-01 5.870883599782684703e-01 5.666915425554549524e-01 5.827412148591353258e-01 5.790118593780498868e-01 5.936640742137060389e-01 5.826136496188829561e-01 5.758557983479429820e-01 6.016537034830427011e-01 6.020467925557098088e-01 5.746636952323725955e-01 5.841899667086506431e-01 5.693022212182321518e-01 5.882405087383406617e-01 5.801527363098363255e-01 5.863597946034210251e-01 6.010289422004836402e-01 5.723983184001851798e-01 5.942378126179196363e-01 5.658921561251539778e-01 5.620958637035328165e-01 5.761813756663980435e-01 6.276275957562376107e-01 5.783371575533435838e-01 5.502634636114508426e-01 5.517389370615961575e-01 5.152416116278210056e-01 5.650304630732174704e-01 5.693296114927802742e-01 5.617381009880383358e-01 5.403843116684902137e-01 5.502376364817560539e-01 5.397600973617492359e-01 5.631348939269723575e-01 5.706644095745903034e-01 5.991989010832641238e-01 5.585405959615497018e-01 5.660324185110234829e-01 5.666718026238475314e-01 5.758239811425723831e-01 5.714628972409979690e-01 5.698112852157153352e-01 5.960571210521401486e-01 5.802108324413085549e-01 5.691910862689026906e-01 5.757535313658785903e-01 5.693356099675954685e-01 5.553638343212929929e-01 5.611816482992073585e-01 5.929967703861532824e-01 5.926230681368996889e-01 5.757178187511271528e-01 5.787144631756462321e-01 5.702984620735886967e-01 5.843679808243202878e-01 5.747773910858425817e-01 5.744292384652920358e-01 5.954427317113706319e-01 6.077235682118349303e-01 5.774686943016501539e-01 5.636490309140231858e-01 5.697041595780375500e-01 5.717975388524177971e-01 5.773230959696703524e-01 5.654110098734773660e-01 5.705698688951480468e-01 5.831771858955100418e-01 5.728961058560971820e-01 5.873671703392987498e-01
2.785367184583860400e-02 9.018535610420402859e-02 1.824096889624253204e-01 3.463430128440512235e-01 1.000000000000000000e+00 2.016116842044431146e-01 4.375889344578657858e-01 4.488462889254341559e-01 3.982020400216746969e-01 3.869085380028948751e-01 4.343495692436277755e-01 4.736516699792040486e-01 4.414625023578578333e-01 3.481010687801334713e-01 4.873925296853733879e-01 4.844569626140228236e-01 4.034933080053432208e-01 3.728292647731466514e-01 4.060252097766578472e-01 3.752742374578550422e-01 4.213892750734637982e-01 4.225035539374856208e-01 3.819811321163123496e-01 3.468457253214080604e-01 3.581936286410291048e-01 4.674919786575800207e-01 4.379938615373223931e-01 4.497810589501046730e-01 4.354589179775870678e-01 4.411691258889174905e-01 4.483520128406683902e-01 4.583514588966813852e-01 4.322050838012251317e-01 4.540750932299669196e-01 4.495999222993755096e-01 4.454034917806180549e-01 4.429705406738298490e-01 4.719595327959301700e-01 4.773690060518865907e-01 4.427057434715481188e-01 4.767047965477524962e-01 4.779237979823816040e-01 4.830475850590345566e-01 4.865976284079315262e-01 4.667007688487051498e-01 4.773687183918255972e-01 4.812274303946573739e-01 4.749701785090263972e-01 4.703860695201985687e-01 4.540754069519131741e-01 4.784479874206143957e-01 4.524507284738281121e-01 4.801164097243270645e-01 4.714229539117549828e-01 4.584287884536917823e-01 4.727053431949957418e-01 4.544347573958739117e-01 4.796778838895953134e-01 4.686853022006302605e-01 4.813025993443025841e-01 4.849372590026571617e-01 4.731610739865764748e-01 4.689317008742098780e-01 4.796666224094717212e-01 4.587732622349637857e-01 4.686831757464020032e-01 4.741152479473742520e-01 4.698717560790511838e-01 4.804344670097457359e-01 4.779038682346665179e-01 4.784247154117324263e-01 4.741580098598889292e-01 4.653084517993142932e-01 4.521928684071824800e-01 4.788296261888188576e-01 4.756461905741329321e-01 4.780326065473320951e-01 4.708666805164797853e-01 4.748029605492384841e-01 4.725201021835426785e-01 4.752927474258928364e-01 4.721000821465181629e-01 4.806254921134479052e-01 4.708901649532459266e-01 4.786410860114741483e-01 4.812910266977955542e-01 4.722429001884057564e-01 4.794037771699273809e-01 4.754677680345622548e-01 4.838910940975780228e-01 4.735456416751648301e-01 4.810909292767129308e-01 4.792320820001120807e-01 4.763404943822143189e-01 4.757084463813635589e-01 4.776192783607350334e-01 4.761475782201957663e-01 4.739718109704051940e-01 4.812192127265267905e-01 4.804689591311672170e-01 4.813999529605356154e-01 4.774524894627940608e-01 4.832432725143806507e-01 4.851046910143819724e-01 4.853250172948659347e-01 4.798937906242896068e-01 4.789489705947262421e-01 4.782415656368420587e-01 4.801158043051858004e-01 4.831446318061023426e-01 4.787307679427135199e-01 4.800033447850883817e-01 4.786655470134478785e-01 4.793340871093391686e-01 4.736371842487794304e-01 4.806012481806765657e-01
-2.615857214571463280e-02 3.233481050589443601e-02 1.543661465312902159e-01 2.640661259879760747e-01 2.016116842044431146e-01 1.000000000000000000e+00 4.066909009585051304e-01 3.521165825717272324e-01 3.399838352349899284e-01 3.148259905272197678e-01 3.583005428607268228e-01 4.002946472211801332e-01 3.605217880461152324e-01 2.927602043744562677e-01 4.030895162666364162e-01 3.929181137334188945e-01 3.326861700789455201e-01 2.992274482302503258e-01 3.363065087979269507e-01 2.887246292333369713e-01 3.084135481147277091e-01 3.350099253589729487e-01 3.264167860393643594e-01 2.773195400988306414e-01 2.989334003471281198e-01 3.756274195310834729e-01 3.641917785357094428e-01 3.779463871459795010e-01 3.437836399304542989e-01 3.598876530357396075e-01 3.811345460357179471e-01 3.700785731940706702e-01 3.584570464031962556e-01 3.468412908285359308e-01 3.578639851806008632e-01 3.861837466994926249e-01 3.838468296761668452e-01 3.867600565266138268e-01 3.945143713539980279e-01 3.850582758076843137e-01 3.979568876089774609e-01 4.022985504590628203e-01 4.035534958144051387e-01 4.121546356673945199e-01 3.955923784616175443e-01 3.973135408307173488e-01 4.040010935215526677e-01 4.003921007632563200e-01 3.933880952426760946e-01 3.625743628164389554e-01 3.896775173366883172e-01 3.704909987305776697e-01 3.922369960137203626e-01 3.924594797585402306e-01 3.948495648061061680e-01 4.022560887542064312e-01 3.762878668949760086e-01 3.961976946889397277e-01 3.978729752973582667e-01 3.920114837447100653e-01 4.035707440804678914e-01 3.966702759052361249e-01 3.938252890376631732e-01 3.929417807492284198e-01 3.838517279354750067e-01 3.900186906693339228e-01 3.943655546856054683e-01 3.928271761317374544e-01 4.037488681533725754e-01 3.992557160682748130e-01 4.011218955643285344e-01 3.932760047785758273e-01 3.896877570997611673e-01 3.795769843658673981e-01 4.050046326048932221e-01 4.008090330965956016e-01 4.030027858214784708e-01 3.885476161488876645e-01 3.998107965335193081e-01 3.937892899168187189e-01 4.014607493218781409e-01 3.997676084037947719e-01 3.998631639524531933e-01 3.991836098413845124e-01 3.969402402915108707e-01 3.951572798546522658e-01 4.034031375766669592e-01 4.048247872326750096e-01 4.078956116779572927e-01 4.050433369365752934e-01 4.097967894690585644e-01 4.067088378408763583e-01 4.018688153219460157e-01 4.058080394088824927e-01 3.964898334625481802e-01 3.984418352232886318e-01 3.930016202275501414e-01 3.815308747685096091e-01 3.972308117676545680e-01 3.994614421191423626e-01 4.041399215133276157e-01 3.935154398187475921e-01 3.956471782781342261e-01 3.993436031741317560e-01 3.929258565488004118e-01 3.869450479412072097e-01 3.955296357561342013e-01 4.003873928416044614e-01 4.025421987896082854e-01 4.022224887041885855e-01 4.031595267321004816e-01 3.964797992513371949e-01 3.957975452482552225e-01 3.938101857255574267e-01 3.905485696807679541e-01 3.919005564882761528e-01
-1.646213423338489454e-02 1.404421522710949111e-01 3.423388825977768390e-01 5.728174243795565168e-01 4.375889344578657858e-01 4.066909009585051304e-01 1.000000000000000000e+00 6.934055660289621947e-01 6.358510863649431410e-01 6.084873682537789152e-01 7.256697502353866014e-01 7.707811696085169473e-01 7.008577064456845696e-01 5.497244913806740296e-01 8.076743267709577401e-01 7.695071871972241073e-01 6.548155696534242454e-01 6.496916781407308106e-01 6.427029907198867908e-01 6.311781696706466604e-01 6.522519504591925976e-01 6.400423659593356129e-01 6.771452873753318613e-01 5.739174923503361780e-01 5.642626342111910498e-01 7.436853762500725828e-01 7.417525566765342804e-01 7.548877400117267600e-01 6.685473160242086932e-01 7.215823843178141850e-01 7.658125922161040933e-01 7.506169120995700439e-01 7.250904081817284297e-01 7.078251938878931115e-01 7.239220854326411381e-01 7.596557647555455262e-01 7.604185729019234952e-01 7.550254943718883727e-01 7.804856217010499586e-01 7.816649451568288276e-01 7.722457206304861321e-01 7.882385865662728808e-01 7.883844287149518459e-01 7.936076692134316213e-01 7.845351707848915446e-01 7.835112614351830151e-01 7.593406044396765475e-01 7.545083067978085589e-01 7.446213160152874710e-01 7.019401809017166149e-01 7.527586543688588039e-01 7.208009850408265695e-01 7.609999730553177466e-01 7.475473600917513783e-01 7.360214562959930262e-01 7.801185905970973167e-01 7.158389514735863379e-01 7.564958055436193929e-01 7.610418209002599577e-01 7.475656505048909883e-01 7.639984083840765106e-01 7.458599619371878431e-01 7.512723764106074009e-01 7.537524964874484645e-01 7.274284232988792454e-01 7.334271861644822144e-01 7.580338770317308628e-01 7.644531418326848682e-01 7.816121404497888836e-01 7.835051550651264129e-01 7.656799156182158006e-01 7.518574209576893708e-01 7.646179308044842582e-01 7.274336087931889683e-01 7.713676743111027578e-01 7.735124006096959492e-01 7.779740042422053081e-01 7.444586187802428867e-01 7.671005377079249676e-01 7.530897760978516597e-01 7.735323251058698890e-01 7.718617755166645722e-01 7.810089916122595621e-01 7.707088126958772101e-01 7.607584014166561825e-01 7.703602553218964477e-01 7.860932558763548128e-01 7.769599615586501029e-01 7.855147819323826663e-01 7.863483776868241959e-01 8.001520317114126923e-01 7.818026748489311784e-01 7.819258498258033763e-01 7.826575370448002333e-01 7.570120547363377028e-01 7.601678358717877115e-01 7.587126754968103182e-01 7.246699703045671459e-01 7.596447513607084145e-01 7.696363295650128222e-01 7.765515640103446415e-01 7.542280270027449385e-01 7.579663305684944952e-01 7.663988889885309241e-01 7.575662011359348691e-01 7.410387710655902405e-01 7.529301556110634674e-01 7.639842744023825905e-01 7.643834591106094534e-01 7.576059739931350068e-01 7.663557525863041731e-01 7.555015369735026409e-01 7.531572365183188955e-01 7.534619020336721373e-01 7.490415504307088579e-01 7.468824276384836702e-01
3.172278701853818716e-02 1.428339494129965137e-01 3.346040780279718185e-01 5.902738621408285535e-01 4.488462889254341559e-01 3.521165825717272324e-01 6.934055660289621947e-01 1.000000000000000000e+00 6.595339583977983811e-01 6.219831640988537913e-01 7.073478595566404792e-01 7.802503399169826714e-01 6.944159821800353072e-01 5.509240824780812229e-01 7.784353134460325618e-01 7.848446829697162119e-01 6.721385142039025817e-01 6.212279009633324689e-01 6.420860669284421673e-01 6.284134135131949073e-01 6.666016877930603934e-01 6.536363729615072282e-01 6.169802069166590019e-01 5.393951305831532483e-01 5.562928518128708033e-01 7.343056867901530671e-01 7.157647306407354248e-01 7.105505599649944992e-01 6.770140504788829672e-01 7.129325956184520141e-01 7.318076997383748949e-01 7.388863776669716277e-01 6.914547732077442888e-01 7.058603314725024891e-01 7.113960006515858137e-01 7.368512761857815008e-01 7.246891202882664862e-01 7.570692693856573285e-01 7.620693071046915623e-01 7.230641377229215516e-01 7.467955783464018671e-01 7.593206242971063391e-01 7.639389158504604760e-01 7.758828721607576862e-01 7.563201435648186921e-01 7.644952820992259035e-01 7.641796097328209525e-01 7.565995529904865347e-01 7.633903790489623420e-01 7.284391182415306254e-01 7.624201505321503980e-01 7.318410004564492866e-01 7.648786393042756870e-01 7.564925315519738236e-01 7.475436293676205324e-01 7.697774101796346358e-01 7.441700523073312423e-01 7.623946956164453503e-01 7.626291403599315677e-01 7.573032265771337812e-01 7.789744469433966811e-01 7.604482084020537380e-01 7.638533689221244094e-01 7.778792530993058341e-01 7.486782797735628270e-01 7.643046776591978508e-01 7.603886307040981229e-01 7.561713648468855187e-01 7.687681901992744482e-01 7.864757354338511863e-01 7.693030888747480756e-01 7.526325971782912294e-01 7.476035535183989111e-01 7.186272625778313827e-01 7.635618584431544953e-01 7.613443534478159247e-01 7.585576918212560971e-01 7.454906367855759219e-01 7.550683583186474923e-01 7.532721567224558434e-01 7.627364763724510111e-01 7.603107650564824294e-01 7.719453318663613839e-01 7.600882127952111045e-01 7.625414182172097766e-01 7.643099943200367674e-01 7.630732832861986115e-01 7.694522392430973579e-01 7.663626641978444898e-01 7.709013146343646206e-01 7.647058986048346219e-01 7.676702693810530942e-01 7.654010562633645209e-01 7.648611154879783047e-01 7.592159799895047412e-01 7.606867110798398723e-01 7.648250673820595757e-01 7.601336677167807032e-01 7.706569231140285581e-01 7.721655370218710734e-01 7.689575562563373268e-01 7.684397903775636030e-01 7.661506190009956807e-01 7.689911836486984509e-01 7.740515201739565088e-01 7.668320291027886926e-01 7.668063571795372679e-01 7.622144220264275294e-01 7.643741505859139584e-01 7.662128301861876878e-01 7.665229488951679215e-01 7.614012833316144979e-01 7.615574284350692391e-01 7.702788269648003228e-01 7.615248140850844338e-01 7.672578946066733740e-01
1.660362174428772208e-01 1.889323352979584147e-01 3.137253407384826831e-01 4.959207335393890914e-01 3.982020400216746969e-01 3.399838352349899284e-01 6.358510863649431410e-01 6.595339583977983811e-01 1.000000000000000000e+00 7.195232924800831764e-01 7.405720491690325202e-01 7.962930122812303946e-01 7.318798922700260334e-01 6.012081744734601996e-01 7.949352059163348194e-01 7.961447649575018604e-01 7.855800635597889325e-01 6.375391376761598838e-01 7.132795210601219349e-01 5.867647244396283490e-01 6.391570859867639065e-01 7.052960196537738646e-01 6.484489583326706885e-01 5.905745866888831852e-01 6.303262158700053686e-01 7.965383699652149874e-01 7.853150753939048823e-01 7.899407273742209412e-01 7.991605448499512487e-01 7.981307860451534175e-01 8.028774363031245809e-01 7.898614028592761960e-01 7.494885687723469303e-01 7.441183334469853028e-01 7.700463551973089071e-01 7.622136394682502702e-01 7.745368814597520801e-01 8.025301706220950848e-01 8.152604251386300627e-01 7.468669110207194484e-01 8.198910274953628008e-01 8.132774523731078897e-01 7.910951268362995670e-01 8.331208481383016728e-01 8.201094510455224640e-01 8.246101158134057085e-01 8.468597324030957552e-01 8.536408121182967879e-01 8.415138316667329921e-01 7.787279250403141839e-01 8.229402823392305555e-01 7.658193751361201951e-01 8.368611514691215447e-01 8.488777757376326782e-01 8.158238910672102051e-01 8.226494167258403545e-01 8.303485414259199615e-01 8.464173128230869647e-01 8.315912242714794678e-01 8.620339322449800390e-01 8.466401386520079342e-01 8.495054131141582809e-01 8.348431432108257555e-01 8.525262410091802856e-01 8.592708071247772139e-01 8.570642415095759414e-01 8.522879491868862178e-01 8.314153703201869750e-01 8.357421433505092256e-01 8.258638218325624614e-01 8.313077473700900555e-01 8.428788252516142832e-01 8.162341824466546880e-01 8.013301773845207254e-01 8.433873316072182380e-01 8.429642173741427325e-01 8.354304927922202584e-01 8.472363078712411566e-01 8.390128761518601541e-01 8.471686675148240031e-01 8.418773351314357001e-01 8.435068599172949044e-01 8.346507626806745073e-01 8.353157527982861819e-01 8.218408879110706833e-01 8.307861984099019770e-01 8.287458359357907645e-01 8.356841106115578954e-01 8.364681955980320938e-01 8.266808245959420542e-01 8.126751332988069176e-01 8.359229440232137653e-01 8.367117445047336233e-01 8.384451629521909588e-01 8.466712580987830750e-01 8.491696783405767723e-01 8.205570801232811018e-01 8.389181351456213021e-01 8.399809349389861790e-01 8.370749286157735947e-01 8.278683863727934744e-01 8.353591303970708815e-01 8.462906814123586363e-01 8.448084797071798713e-01 8.443191420144274817e-01 8.416103327528557942e-01 8.479030679935706249e-01 8.481378165690836024e-01 8.452341553983191424e-01 8.478022786111614195e-01 8.382209553193618046e-01 8.546246914748694135e-01 8.486912803828451368e-01 8.484271963332046251e-01 8.579528138049636876e-01 8.568097420548534959e-01
7.161420729845040245e-02 2.055066814910404271e-01 2.738632269805743591e-01 4.337083719076698651e-01 3.869085380028948751e-01 3.148259905272197678e-01 6.084873682537789152e-01 6.219831640988537913e-01 7.195232924800831764e-01 1.000000000000000000e+00 6.874410217967561465e-01 7.339433725892714477e-01 6.922561286166184491e-01 5.685970923521330711e-01 7.522175008468864332e-01 7.492479357497059400e-01 6.939367664470770247e-01 5.724470564804221562e-01 6.594274563141758749e-01 5.043092860322607729e-01 5.373997640966894362e-01 6.016864829848069807e-01 6.211919203052033156e-01 5.341212321014198183e-01 5.537333386668202850e-01 7.296995005224842235e-01 7.130318882154262905e-01 7.312392278562748205e-01 7.259676561860882726e-01 7.341833600992171416e-01 7.404032784484543273e-01 7.413032763823189653e-01 7.173232612389743856e-01 6.941225768741893232e-01 7.275683628238760470e-01 7.102074447470403395e-01 7.266318464477287131e-01 7.510245417114079780e-01 7.621680000597800264e-01 7.178079555627272512e-01 7.764945841029968765e-01 7.691997016076048688e-01 7.480625528792762546e-01 7.776389894083007848e-01 7.676740523720143594e-01 7.796766146262813502e-01 7.902393631970163757e-01 8.101917639511798663e-01 7.807623084250941980e-01 7.073921675666158260e-01 7.618854431818020689e-01 6.809950360043126594e-01 7.701072855459628608e-01 8.028496843748942347e-01 7.794414538226551725e-01 7.872508230111492367e-01 7.622021154080188543e-01 7.928336329745641065e-01 7.875244136976884413e-01 7.969379956974501633e-01 7.836113758262890361e-01 7.965925461927608753e-01 7.785903512557856843e-01 7.830808450751478578e-01 7.761405896218783740e-01 7.883606506397026203e-01 7.968936872217435852e-01 7.795796106177794726e-01 7.898666646637623190e-01 7.569578298460107879e-01 7.640083488724508376e-01 7.806688322698034366e-01 7.647710059432453189e-01 7.378885788076379182e-01 7.911245853591915012e-01 7.896517428378535541e-01 7.887956440215183607e-01 7.904242876208328328e-01 7.863259522380856570e-01 7.920304142383060020e-01 7.874179234290031859e-01 7.909242343474494064e-01 7.880390341590686187e-01 7.901223496954826730e-01 7.697210624338323148e-01 7.808447900346026094e-01 7.826254423744094524e-01 7.928352571881265298e-01 7.895045722499711705e-01 7.909756307723563307e-01 7.746851471203274331e-01 7.913840418870450311e-01 7.873439438028516646e-01 7.916448039688587235e-01 7.959844760341493464e-01 8.036090602362677693e-01 7.660727594343941238e-01 7.700879332815220302e-01 7.877735412040609564e-01 7.848826682855974957e-01 7.825987257583542078e-01 7.824165567760686946e-01 7.897935113733349777e-01 7.914764607184437972e-01 7.775549079950831999e-01 7.876222190238465481e-01 7.953989900106449573e-01 8.030744671743936802e-01 8.049521335835059244e-01 7.949723904928773788e-01 7.944349037140837622e-01 8.001499699970390234e-01 8.006308618332002025e-01 7.902642342046907187e-01 7.901088184250295576e-01 7.975780276837955984e-01
2.425844069357493971e-02 1.471362435963101678e-01 3.746055066984758097e-01 5.580159602731125101e-01 4.343495692436277755e-01 3.583005428607268228e-01 7.256697502353866014e-01 7.073478595566404792e-01 7.405720491690325202e-01 6.874410217967561465e-01 1.000000000000000000e+00 8.484068382723799484e-01 7.624391844654553330e-01 6.104686643903308729e-01 8.525107701137053517e-01 8.335242570970553544e-01 7.533188407266223630e-01 6.871837327733223422e-01 7.505278150283989369e-01 6.174604243058160469e-01 6.979415981007512926e-01 7.321730898906251284e-01 7.305447290348979772e-01 6.319364923089029196e-01 6.576910603400860644e-01 8.204762189254519722e-01 8.274035578606898644e-01 8.355816982854420427e-01 7.826704001218672824e-01 8.282470388585656540e-01 8.532878246538538880e-01 8.464613229226894964e-01 8.174123740094620949e-01 7.997128048060558880e-01 8.236617562015684513e-01 8.246488362418488149e-01 8.418899264606917177e-01 8.572206245583726680e-01 8.697412873036660663e-01 8.362839261112405831e-01 8.666227384155489322e-01 8.754059715364603811e-01 8.654354593877950919e-01 8.811943740481589238e-01 8.718632458936219631e-01 8.708760116961196118e-01 8.704223748418025153e-01 8.703884412026344775e-01 8.630358716361884452e-01 8.239345676582796596e-01 8.641523262689806417e-01 8.132546618350537937e-01 8.608258677071940479e-01 8.526169672830823387e-01 8.345702704837233421e-01 8.682156141510981584e-01 8.277680073267849048e-01 8.668261252217543955e-01 8.657580117933162400e-01 8.613831444489877809e-01 8.740931254234495240e-01 8.596516675035749122e-01 8.587585172247862442e-01 8.649751335344760816e-01 8.490335401302031570e-01 8.481545587462528957e-01 8.708417813322946177e-01 8.660545499737815067e-01 8.745609904351876462e-01 8.626286896620590783e-01 8.696935002356821487e-01 8.683823771897570820e-01 8.543971816251197948e-01 8.385157120625155169e-01 8.772691834861594540e-01 8.785178585682560382e-01 8.749594504116308125e-01 8.610551822325028803e-01 8.710849537103380058e-01 8.685838254422642013e-01 8.772305698753637415e-01 8.786113852098899057e-01 8.739781575949343573e-01 8.748160399790547714e-01 8.689812373929235445e-01 8.740696070920735972e-01 8.773685651588277734e-01 8.786291879022760654e-01 8.821327602673059154e-01 8.717556476730065063e-01 8.745811092065904901e-01 8.812540199429564902e-01 8.808785104529029963e-01 8.815571976150432532e-01 8.737731216953502633e-01 8.745560310512878743e-01 8.664363454335768377e-01 8.512754062142701139e-01 8.735284706956040202e-01 8.757581183174769635e-01 8.773461038061224349e-01 8.703331756048698908e-01 8.730232372197358481e-01 8.767653973619006225e-01 8.731911163038421630e-01 8.535580112972545042e-01 8.717127465733419678e-01 8.727105026003625365e-01 8.732965891034808470e-01 8.718570609385591919e-01 8.748101127353499207e-01 8.719466758931555539e-01 8.700962700345716838e-01 8.715712618564598335e-01 8.669142653317599700e-01 8.645433296673425971e-01
3.445221887935608768e-02 1.398259861916417990e-01 3.860553576824763411e-01 6.400704582095422257e-01 4.736516699792040486e-01 4.002946472211801332e-01 7.707811696085169473e-01 7.802503399169826714e-01 7.962930122812303946e-01 7.339433725892714477e-01 8.484068382723799484e-01 1.000000000000000000e+00 8.040878752981919231e-01 6.510139868926944073e-01 9.051604965965177607e-01 8.934083166360415884e-01 8.198226108515551669e-01 7.094634293586384866e-01 7.617437614103886867e-01 6.926032398599442086e-01 7.344181018693881624e-01 7.564508980849422581e-01 7.399240024272010219e-01 6.312546623701082993e-01 6.534021098114758397e-01 8.580581374875041467e-01 8.570133237919892455e-01 8.618467236863458503e-01 8.174111206983405431e-01 8.570400315480934950e-01 8.855568429264291108e-01 8.884856501527956807e-01 8.465314720845644736e-01 8.403401909014730498e-01 8.587397721884799662e-01 8.810053207503439898e-01 8.724695756374375444e-01 9.051474637908494270e-01 9.131795444099493064e-01 8.668543346539691052e-01 9.001767339718931282e-01 9.075918746223290423e-01 9.027565695016837033e-01 9.235949183418106223e-01 9.061995162098800405e-01 9.128197238801291080e-01 9.201658530630143495e-01 9.147752481086273146e-01 9.169807076337511687e-01 8.732880926088326667e-01 9.155361130417687399e-01 8.607055781190122712e-01 9.125138413519522373e-01 9.082892844588135173e-01 8.879680107910501441e-01 9.137325209090075839e-01 8.948751682984025235e-01 9.146276984130023990e-01 9.152823184431708725e-01 9.148689451682644469e-01 9.270089607680769284e-01 9.146317462851221158e-01 9.122483891462147554e-01 9.260088375102729641e-01 9.085173186808431778e-01 9.135706598527891797e-01 9.205302960010646185e-01 9.036809144333926014e-01 9.177388794690748419e-01 9.205365737783092195e-01 9.110314063708999655e-01 9.048185328979646558e-01 8.886219313063007386e-01 8.594696001170222255e-01 9.149367091913421790e-01 9.178431963233357749e-01 9.091813062494812359e-01 8.991242159477946805e-01 9.032032979470161482e-01 9.044161877950097628e-01 9.150259120881115704e-01 9.157279957760332545e-01 9.253324125105484299e-01 9.132382159839903535e-01 9.115744099445698412e-01 9.131102827902197738e-01 9.162958643679638415e-01 9.220091819918589948e-01 9.213454606164570571e-01 9.182183371623159340e-01 9.118317729488958356e-01 9.185467410460607107e-01 9.203788816566068620e-01 9.192130674679158675e-01 9.176712926585279817e-01 9.183846075853920876e-01 9.143788529345464600e-01 9.114288242230947912e-01 9.200057775824278528e-01 9.239590354380052828e-01 9.181647402509502953e-01 9.196883212334281410e-01 9.190943148011044839e-01 9.215603537881228435e-01 9.262363702637798069e-01 9.145102703726158966e-01 9.225948203181743024e-01 9.183215707371953362e-01 9.171305421695932214e-01 9.205175177989941560e-01 9.219250739096481739e-01 9.186187376200436461e-01 9.190248952204403965e-01 9.246729413846891399e-01 9.200080674344706111e-01 9.210739816118299617e-01
2.511658916108441136e-02 1.391185690302306488e-01 3.070164870178609395e-01 5.066066600364814709e-01 4.414625023578578333e-01 3.605217880461152324e-01 7.008577064456845696e-01 6.944159821800353072e-01 7.318798922700260334e-01 6.922561286166184491e-01 7.624391844654553330e-01 8.040878752981919231e-01 1.000000000000000000e+00 6.070072949581535315e-01 8.222867481838538328e-01 8.170917837264640715e-01 7.223209903102334462e-01 6.413001725868532343e-01 7.231714140318856732e-01 5.962909714543065398e-01 6.569081159883670695e-01 6.879012848529881818e-01 6.849331689748089369e-01 6.072437349107296933e-01 6.253632573062233302e-01 7.896620577663502338e-01 7.727841270940625229e-01 7.863415350041244034e-01 7.620009835288954481e-01 7.865617183664787015e-01 8.025985894160857503e-01 8.089831386511986411e-01 7.646313991034124902e-01 7.753076434063025379e-01 7.827203081078206726e-01 7.957502322652406646e-01 7.889242442212397455e-01 8.161802882888206101e-01 8.297480661171053873e-01 7.779535019099584892e-01 8.330571360802758729e-01 8.313115922851992412e-01 8.344606075378181442e-01 8.518020670222340440e-01 8.338156093142017333e-01 8.365126497926331783e-01 8.476030005408090595e-01 8.418639828500547040e-01 8.302280299931218410e-01 7.905609290332651362e-01 8.334704217203098287e-01 7.951760132578212792e-01 8.356221126007992162e-01 8.212802968577479490e-01 8.003837569325982226e-01 8.310132996699201025e-01 7.901415590942235667e-01 8.383794301008686833e-01 8.254272717756531152e-01 8.413741762110746869e-01 8.520028491641211676e-01 8.301163966160067798e-01 8.256744736297709775e-01 8.393542095310592144e-01 8.268839665952005813e-01 8.197688001793280721e-01 8.470513403040869083e-01 8.397215180269603785e-01 8.486446414022075224e-01 8.329695294844089437e-01 8.396763790243984005e-01 8.425755691038593342e-01 8.292306549652280756e-01 8.096170602096076641e-01 8.493368531350411477e-01 8.470333476205271772e-01 8.434167136048179580e-01 8.405190455544331307e-01 8.435509157512590672e-01 8.474703177246672992e-01 8.448226637830726915e-01 8.444684760757684705e-01 8.449065849723068622e-01 8.459666111491266349e-01 8.405081319523080019e-01 8.454617140308043899e-01 8.421092946217438868e-01 8.500621666041267011e-01 8.491706883055387678e-01 8.445766599999335877e-01 8.386624636706644376e-01 8.508830249138414903e-01 8.489932428170636758e-01 8.492951713320286977e-01 8.504603976992491932e-01 8.496045718241046485e-01 8.361528888016549477e-01 8.236467217475978986e-01 8.509635686439963598e-01 8.496673706167502393e-01 8.530781092004102728e-01 8.431444754988502988e-01 8.506106697622290991e-01 8.551392000324692377e-01 8.494114127501511957e-01 8.245031353324584478e-01 8.452750452023437555e-01 8.505459625529351309e-01 8.502272338217828906e-01 8.477551153589509836e-01 8.456627176412807589e-01 8.509297253083296653e-01 8.460516939371639511e-01 8.472446928208672290e-01 8.445812520244858623e-01 8.405391706256580830e-01
