1.000000000000000000e+00 1.374745500438427637e-01 2.400594374542122100e-01 1.939207970554936433e-01 3.777816028317095703e-02 1.020232881632837096e-01 1.795908467133283948e-01 8.907163179955446264e-02 1.184449828267593458e-01 6.288055438125700336e-02 1.009458147280623275e-01 8.039515076666153837e-02 6.641345332003853463e-02 2.886786445619173025e-02 6.722884679652003925e-02 4.672359519128648636e-02 1.161001682842830729e-01 1.591566353561690017e-01 1.409715056221968743e-01 5.675007819997256175e-02 8.612494786545080161e-02 1.283307247960236430e-01 1.678129598996744298e-01 1.557379034753336167e-01 1.166251985078010367e-01 1.683858979892767782e-01 1.456551079701158546e-01 1.482737578427836544e-01 1.992774426579380087e-01 1.814414333114662270e-01 1.577582255321932914e-01 9.692891538621663250e-02 1.629370534261187498e-01 1.356961871817422283e-01 1.227072856514936638e-01 8.178202515932801731e-02 1.278247770849878506e-01 1.014125060356785846e-01 1.091067210532965931e-01 8.359183528009644926e-02 6.840251718013362625e-02 6.527021097945269468e-02 -3.046309705253977262e-03 7.668555312708912053e-02 9.202161048854831660e-02 1.031194197884484354e-01 9.152089296488653478e-03 3.139365297362531337e-02 1.769659083131852606e-02 7.875806362230022839e-02 6.077569763007011072e-02 5.302326328769758901e-02 1.641480114643165122e-02 2.810166854516119722e-02 5.233098993493134898e-02 6.443830057814919909e-02 5.417549419099099844e-02 1.822020646889626130e-02 3.535740539667903137e-02 2.587497086755337350e-02 1.205588899500129214e-02 3.755840268613005323e-02 5.339832589978671384e-02 4.374245186927058771e-02 2.501871285143001181e-02 2.890400440406082350e-02 2.884287548505640869e-02 4.711594017211303415e-02 5.585456486170401608e-02 2.250671594567880268e-02 2.885613171800588406e-02 4.943755024625524908e-02 7.437403010454295138e-02 6.183092803087277683e-02 7.712169612299406285e-02 7.670654889385528086e-02 7.704421422649174178e-02 1.029344020612590477e-01 1.021627099186915716e-01 8.259298692229208316e-02 7.828493244703083054e-02 6.313744327779288734e-02 6.856350409982486793e-02 8.298088436890287134e-02 6.468450185486129822e-02 5.943604719526342922e-02 5.550153058270165113e-02 5.374363276014228197e-02 5.599522405239766576e-02 5.873862588082767733e-02 6.188613183467928103e-02 4.452893800951292225e-02 4.077935774456952628e-02 4.503938693450335040e-02 -1.233926053481407227e-03 2.045140914157397849e-02 4.590951121944534391e-02 4.504115494842032136e-02 8.665869472985532340e-03 3.975012458223201040e-02 1.719786563432637930e-02 3.898453461904829304e-02 1.705659256535081020e-02 3.087556552151109537e-02 2.768962355636848255e-02 5.554347857590354043e-02 2.787114516739134379e-02 1.924335407205580648e-02 3.373622837635460725e-02 1.616337410445906758e-02 2.119691666946963912e-02 2.113386456209222913e-02 3.133621081150379101e-02 3.482298113773021203e-02 2.746680330183252222e-02 2.262700596327762645e-02
1.374745500438427637e-01 1.000000000000000000e+00 8.981964178957210776e-02 6.908599499886028394e-02 6.406999328050075326e-02 8.981579885149952591e-02 1.306005879714927376e-01 7.632469060031986385e-02 1.864820342913612039e-01 2.034789065547513431e-01 1.244884929583184585e-01 1.308557267134854152e-01 1.321915816502332031e-01 1.272874197367773186e-01 1.514592739817603451e-01 1.253493411020302484e-01 1.286435628726741720e-01 8.205466316906781521e-02 9.236838603376239243e-02 1.105636640263793630e-01 5.253602052648969484e-02 9.276946603391063306e-02 1.273456648837549832e-01 9.577771849125246706e-02 1.095055269260550301e-01 1.377096300021092012e-01 1.146078061338039328e-01 1.538726004549433590e-01 1.258894433482764530e-01 1.199984184264585863e-01 1.413100379491759873e-01 1.399527135548804258e-01 1.439238209310572114e-01 1.340034648935873041e-01 1.339305984037735264e-01 1.129853134042025503e-01 1.287685855253613010e-01 1.465431297245310127e-01 1.383200789248629770e-01 1.380611523448840583e-01 1.452595526503284995e-01 1.486724265028064040e-01 1.173368081824511522e-01 1.388866083171831634e-01 1.424903516488544297e-01 1.328532528717878691e-01 1.539722812101330940e-01 1.543793220876229222e-01 1.385075416224132161e-01 1.078104805358369445e-01 1.294663956714333652e-01 1.169648185066701346e-01 1.249187527492361810e-01 1.429432818108298531e-01 1.220307281266563015e-01 1.469958004686826303e-01 1.161245510235948408e-01 1.498932476511818102e-01 1.401253161235919420e-01 1.459673335102364966e-01 1.325650758205243196e-01 1.369895717072893704e-01 1.101463734112798493e-01 1.283186774606365765e-01 1.475955442597998712e-01 1.324267863899500908e-01 1.525897698402513825e-01 1.357243497473965277e-01 1.498535236925484793e-01 1.393159344081744411e-01 1.255430601113093902e-01 1.439482737158841175e-01 1.370960938484446778e-01 1.267547156919592577e-01 1.551365475861989363e-01 1.479383108569611860e-01 1.645460548269880585e-01 1.484355547535899655e-01 1.553469633758669532e-01 1.481021525537750405e-01 1.454970693457556530e-01 1.483776906809442242e-01 1.554245038064951123e-01 1.540696513201285089e-01 1.421210725078078108e-01 1.420298104948415907e-01 1.393407894837377647e-01 1.531277242813937067e-01 1.502422645611555252e-01 1.484461909611939079e-01 1.581244129476532256e-01 1.553296033868878379e-01 1.495648225196671288e-01 1.532774395721897831e-01 1.502840592843127376e-01 1.580798558552138633e-01 1.270019350864309560e-01 1.301063549142068287e-01 1.415705463565232469e-01 1.512294126718430609e-01 1.388480840779237058e-01 1.352258550973606255e-01 1.409508927500498221e-01 1.426753043954716305e-01 1.341738483994996955e-01 1.259515792826046698e-01 1.443739253795450483e-01 1.567916715560125351e-01 1.480562113810794944e-01 1.491585592865779797e-01 1.441648960700698812e-01 1.526240724620575306e-01 1.412749051317395421e-01 1.411070659067392707e-01 1.501510565280528564e-01 1.371655267732641292e-01
2.400594374542122100e-01 8.981964178957210776e-02 1.000000000000000000e+00 4.167569862544274195e-01 2.078765049753309169e-01 3.052678211453939694e-01 4.310905979577143166e-01 3.286211414389240693e-01 3.192033940306349127e-01 2.955950488246873453e-01 4.062851287028581559e-01 4.000701440389134445e-01 3.278190107967243194e-01 3.090190248386941452e-01 3.796725948636007208e-01 3.531737978502249575e-01 3.778064169990879018e-01 4.202292641656766303e-01 4.174950582701853485e-01 3.167458476402107981e-01 3.610943961723017681e-01 4.077547014001101644e-01 4.171032854166599191e-01 4.187330495390192975e-01 4.095083872269085212e-01 4.502005198616909620e-01 4.152567372926936895e-01 4.136372664551793421e-01 4.535648830048980562e-01 4.352705062362837163e-01 4.424257255828785151e-01 3.992132523289326773e-01 4.163405384369481266e-01 4.222025670616769699e-01 3.833443120954840855e-01 3.908376042931384076e-01 4.188179692786785924e-01 4.060171128241579219e-01 4.075929946680196259e-01 3.934819553978667894e-01 3.727358615519204554e-01 3.728452482915123323e-01 3.324116753130936797e-01 3.900617040278783199e-01 4.001980084969995466e-01 4.145181864068001598e-01 3.286480803857124156e-01 3.492091252736154727e-01 3.446698124435739752e-01 3.869232462747897450e-01 3.806588487346453387e-01 3.530524740593372068e-01 3.429643799603892540e-01 3.445442443398057386e-01 3.578609664136126467e-01 3.750572118612989225e-01 3.701594649950480376e-01 3.475586549399951597e-01 3.638915094470251965e-01 3.416861214680687597e-01 3.444666238609230269e-01 3.539974186528438427e-01 3.820864275374043495e-01 3.601233545715632478e-01 3.331950239027572369e-01 3.435315954624200141e-01 3.450821160334298643e-01 3.672529334084753683e-01 3.712951930077065810e-01 3.461567256059339126e-01 3.548342076197577577e-01 3.683448953775323997e-01 3.886051681183256279e-01 3.853615400462217511e-01 3.934269644831530632e-01 3.897038447794496929e-01 3.808979693310319825e-01 4.094816886808160805e-01 4.064582565205728804e-01 3.918974369975314342e-01 3.854915278523858846e-01 3.808151340749202918e-01 3.766918220798869399e-01 3.927492605450890739e-01 3.822954830768532375e-01 3.787772511927082753e-01 3.716803952201030437e-01 3.749719483179168034e-01 3.734720924415423360e-01 3.698028711815993241e-01 3.773098948731682389e-01 3.620891412762102801e-01 3.611860232832533324e-01 3.657416531571735518e-01 3.218188258650155897e-01 3.416702848287027638e-01 3.747894048537774858e-01 3.619049277518632812e-01 3.369675080776365350e-01 3.646853170018620194e-01 3.456865198566269060e-01 3.661308049018186517e-01 3.399996396255409170e-01 3.592900461625083142e-01 3.520457147053264180e-01 3.702002129263325392e-01 3.532087650769272780e-01 3.372674516208453155e-01 3.574466626644762224e-01 3.391709014102498587e-01 3.491956066516279655e-01 3.419740637124079607e-01 3.546549939666799323e-01 3.546754435451746068e-01 3.457352487783623696e-01 3.446462135816109051e-01
1.939207970554936433e-01 6.908599499886028394e-02 4.167569862544274195e-01 1.000000000000000000e+00 3.410437046443471343e-01 4.554379222377321623e-01 6.102492368167909964e-01 5.480149550498786271e-01 4.855863273314989237e-01 4.133873099358328362e-01 5.921601905496504115e-01 6.202162434792748424e-01 5.201146170166671689e-01 4.808474063815239563e-01 5.929287293114708923e-01 5.782450623336585771e-01 5.692215864189827945e-01 6.113288808136321251e-01 6.189121078885790883e-01 4.992395165211409580e-01 6.004060272851983182e-01 6.203934423424114497e-01 5.726443328431554125e-01 6.076321879600490306e-01 5.987554232431457901e-01 6.255396329795315236e-01 5.959370966341015485e-01 5.776763373683624359e-01 5.874102937150194048e-01 5.781139749559778274e-01 6.093003240815457744e-01 6.036211090152475700e-01 5.706184105750781166e-01 6.199075675901872806e-01 5.550111131414123822e-01 6.128005185020984902e-01 6.067266834867169889e-01 6.036242277575029069e-01 6.122647901828711658e-01 5.978507838193004575e-01 5.810008077207443611e-01 5.778302526590448629e-01 5.491153140455355963e-01 6.044214813819190901e-01 6.090200910132467227e-01 6.134251354838435866e-01 5.340495577899326829e-01 5.518210509028262933e-01 5.570679756168848140e-01 6.097477055428158765e-01 6.012034929225554825e-01 5.854149900198692968e-01 5.504871454676588671e-01 5.448498449650079900e-01 5.628271963909584619e-01 5.808479730241632444e-01 5.726167458978304037e-01 5.486632639460630179e-01 5.679613503588690770e-01 5.500686526854871028e-01 5.541716628371268216e-01 5.597564583337910626e-01 5.843222984588366531e-01 5.736313931961507517e-01 5.404695599096696057e-01 5.550240776952003463e-01 5.541501194326879931e-01 5.797872174324896211e-01 5.755492564634145936e-01 5.663629835161012593e-01 5.791475259517377960e-01 5.760912762929724096e-01 5.909957264168014257e-01 5.919708168494348666e-01 5.922850816617970526e-01 5.919207384159789198e-01 5.715249287243556742e-01 5.903183790203213599e-01 5.979215901798268229e-01 5.884417741376641864e-01 5.865331895670955475e-01 5.822027103581897123e-01 5.846128935343055666e-01 5.797281709656026960e-01 5.936759235359466702e-01 5.874252351278659301e-01 5.871893752351958762e-01 5.841338762646424154e-01 5.847434418135470935e-01 5.766990063006098843e-01 5.810939617106258837e-01 5.700243718251145619e-01 5.672707055914300023e-01 5.726997374176405753e-01 5.316203986536163217e-01 5.475254062517426190e-01 5.918511908882138073e-01 5.817206721113618029e-01 5.508129641266783505e-01 5.785722390112846281e-01 5.625381888181386625e-01 5.822288490637915759e-01 5.551907971184654178e-01 5.708806621013909899e-01 5.698042615367626684e-01 5.800486518796147406e-01 5.642164905276354503e-01 5.423881611685935633e-01 5.653330518847347053e-01 5.490069756147319957e-01 5.578817625198656538e-01 5.499073533273717285e-01 5.598260537462407260e-01 5.670944930662707995e-01 5.502356361485583047e-01 5.557253527966566908e-01
3.777816028317095703e-02 6.406999328050075326e-02 2.078765049753309169e-01 3.410437046443471343e-01 1.000000000000000000e+00 3.293992246990232742e-01 4.393435476344249024e-01 4.352295180452552259e-01 4.332682068428586053e-01 4.224166454550339345e-01 4.213692637482284731e-01 4.875978618231607831e-01 4.578245232403867493e-01 4.372621202488733427e-01 5.008349909485843021e-01 4.919186349815204418e-01 4.436948194334588425e-01 4.360836488091262009e-01 4.520737637726255920e-01 4.054559598063647297e-01 4.363975671615317187e-01 4.686936728684788500e-01 4.154443677168529470e-01 4.451058148496511713e-01 4.791206068970629284e-01 4.660852796842431811e-01 4.529323519901692907e-01 4.525563391126781188e-01 4.065306329121765594e-01 4.033795409370315999e-01 4.543758196905916535e-01 4.828265384702816743e-01 4.218292824727968848e-01 4.663891960845543694e-01 4.281082591538144522e-01 4.741830550207580819e-01 4.626024765045779752e-01 4.590742517338621265e-01 4.761169091964492228e-01 4.721744126092066174e-01 4.844789433821440339e-01 4.842588785018922537e-01 4.922159476094135067e-01 4.949996088109923087e-01 4.853679514242559279e-01 4.806218964089551959e-01 4.993930976703339075e-01 4.999919107400874196e-01 4.849597613809033536e-01 4.453186660798104102e-01 4.729625822128264989e-01 4.866095840972180508e-01 4.928077899320116306e-01 4.869369085027749899e-01 4.679426303553604893e-01 4.823352784826528961e-01 4.496624733432655896e-01 4.914466242506433935e-01 4.763087115061357402e-01 4.971089651627784711e-01 4.957484948600989205e-01 4.775098440190903570e-01 4.640366035088469565e-01 4.742031038384703634e-01 4.937635481237800383e-01 4.816699179540629983e-01 5.003460731488764690e-01 4.948350710452750767e-01 4.961264642697944538e-01 4.988259658167223387e-01 4.967908837884917328e-01 5.005079791886071217e-01 4.919203553934907158e-01 4.997785106233189056e-01 4.992390742390813707e-01 4.980598736528835668e-01 4.927518827045360150e-01 4.807564389232539259e-01 4.949328260524880618e-01 4.848745883983812677e-01 4.920390148563389410e-01 4.947760093596836328e-01 4.904643355715124775e-01 4.841968050147929525e-01 4.904918709697517754e-01 4.985026887730708567e-01 4.984547977585882528e-01 4.957731841602155964e-01 5.002251268172487331e-01 4.962446487094289704e-01 4.998096335717032157e-01 5.078297515998302369e-01 5.039560051317616418e-01 5.042272845773818624e-01 4.972114637694481920e-01 4.992019749585600574e-01 4.835702967555475795e-01 4.751411352181824088e-01 4.943603306481373361e-01 4.979378443275160881e-01 5.048763044748961759e-01 4.866957402419652134e-01 4.990325820090788511e-01 5.035449474859723384e-01 5.031289993026731855e-01 4.756790948256311435e-01 4.918124438070620164e-01 4.986947567314372609e-01 4.976843912953144433e-01 4.977584239712588565e-01 4.954817521988569284e-01 4.994286880065846312e-01 4.890871524369910239e-01 4.899461036421075555e-01 4.996577008194427183e-01 4.933106762217380203e-01
1.020232881632837096e-01 8.981579885149952591e-02 3.052678211453939694e-01 4.554379222377321623e-01 3.293992246990232742e-01 1.000000000000000000e+00 5.877680570476598865e-01 5.097820246521072018e-01 5.129625101011355826e-01 4.790978955469427092e-01 5.648924621481691277e-01 5.935829843297910635e-01 5.279414580601190510e-01 5.139572006318944286e-01 5.940928977787500731e-01 5.825929369328199936e-01 5.537569793120604711e-01 6.012776711625614778e-01 6.109389157345701538e-01 4.911407095181397064e-01 5.598088038567429203e-01 6.146340902518832028e-01 5.847209501080558036e-01 6.079596480833566741e-01 6.069317408669041569e-01 6.098522783815988335e-01 5.887007204351017986e-01 6.012060453402682247e-01 5.711578300687842891e-01 5.641117752439440691e-01 6.012498387129582289e-01 6.176417491280459249e-01 5.934782248162048246e-01 6.235590781475955913e-01 5.749907821218245285e-01 6.051474953453599426e-01 6.075983349410288836e-01 6.106072985144541665e-01 6.275906784200628863e-01 6.210676522716108705e-01 6.034358338106210473e-01 6.093724331274700257e-01 5.872231748186117484e-01 6.160019006831122246e-01 6.204040398304847548e-01 6.285514138673889972e-01 5.687192946485590817e-01 5.810011362690554737e-01 5.782885818003961065e-01 5.928526956368661560e-01 6.024176530413013486e-01 5.784982167105724438e-01 5.728195324488030149e-01 5.682122935607279990e-01 5.804169583160092571e-01 6.045349256361111090e-01 5.717648839098818936e-01 5.756524050559095329e-01 5.869652343598068533e-01 5.711444926714148718e-01 5.759856819724885613e-01 5.812083643012291301e-01 5.864078119118326660e-01 5.766023581313741708e-01 5.643483312967708665e-01 5.657160522809487890e-01 5.860202972565796697e-01 6.039091561676419584e-01 6.031004096594414499e-01 5.851926282550130587e-01 5.987435633901004861e-01 5.992796393945450939e-01 6.089229154962860768e-01 6.116087254462144740e-01 6.055381652568428974e-01 6.044815285042396402e-01 5.973743708509633432e-01 6.034540227868530060e-01 6.203364871966940974e-01 5.989119197342944734e-01 6.046044915348046667e-01 5.998082877002469671e-01 6.020918308110148054e-01 6.032063023745122265e-01 6.107815667750283728e-01 6.096121509792746807e-01 6.074452358519027984e-01 6.071503524475687641e-01 6.103127566271852045e-01 6.015739860004587491e-01 6.107394265060497318e-01 6.024143879351744335e-01 5.983218606775362325e-01 6.023209393193251771e-01 5.685505267408798025e-01 5.793866513349972269e-01 6.026445091648060526e-01 5.765468381257837782e-01 5.741172736316855207e-01 5.980470287861805456e-01 5.969960357684362950e-01 5.951975442650306869e-01 5.797005117675929631e-01 5.968550749785096476e-01 5.912376930023724997e-01 5.840134371926981594e-01 5.840013184237942134e-01 5.763994866625479219e-01 5.887291222837187643e-01 5.798222228083711460e-01 5.874613614122392580e-01 5.782938839101459116e-01 5.855920351418122394e-01 5.835252020683551200e-01 5.770038984565845075e-01 5.761295307947311706e-01
1.795908467133283948e-01 1.306005879714927376e-01 4.310905979577143166e-01 6.102492368167909964e-01 4.393435476344249024e-01 5.877680570476598865e-01 1.000000000000000000e+00 7.159260387173196349e-01 6.521770109903753943e-01 5.986462737328145378e-01 7.075634869100488888e-01 7.733018109336323720e-01 6.887097592523313550e-01 6.425989687151746343e-01 8.022144254805657626e-01 7.621657603542432158e-01 7.265615932136690880e-01 7.536816108120474311e-01 7.709538543384136799e-01 6.466390836108889539e-01 7.282728250014727234e-01 7.849345019697894221e-01 7.212596168714793254e-01 7.470987725153239722e-01 7.637913006661334325e-01 7.827173641679308069e-01 7.378635905196503364e-01 7.541459349701936654e-01 7.290853521227558254e-01 6.809515007097921568e-01 7.474602623094614984e-01 7.744245800895839249e-01 7.324174250316127788e-01 7.885132137905678240e-01 6.997305131549196311e-01 7.639996371220127980e-01 7.590814901997529063e-01 7.884409002851441306e-01 7.875068188938060265e-01 7.778115266216175661e-01 7.554512947451657023e-01 7.762601506102853044e-01 7.263881307957146261e-01 7.857732483173670568e-01 7.785106000869110865e-01 7.945026915051756067e-01 7.202961484909573553e-01 7.345083433826444796e-01 7.289789267037326548e-01 7.497351252608303041e-01 7.702555914465403220e-01 7.429623453821958545e-01 7.230002231471327478e-01 7.246174860832391706e-01 7.331424889899337272e-01 7.597114834057082655e-01 7.364687984470360549e-01 7.394075739752254961e-01 7.508678812804635561e-01 7.365984083869826504e-01 7.369346772142408852e-01 7.432629336322116309e-01 7.539934657795840378e-01 7.412023748036975501e-01 7.232354247924269730e-01 7.284240551055111146e-01 7.383978874143518611e-01 7.581267362918506780e-01 7.549704550841845885e-01 7.442163790487498209e-01 7.540859649645859086e-01 7.583644193705332270e-01 7.706800237501435502e-01 7.647384761012666621e-01 7.711881971111803624e-01 7.640620586859705465e-01 7.558164791603955157e-01 7.607442411588897224e-01 7.811526865724474078e-01 7.469419779397563630e-01 7.518191023093774294e-01 7.500429506040084959e-01 7.637158534875985172e-01 7.575240595929136900e-01 7.680981435660337864e-01 7.686150962695997846e-01 7.609490282278796869e-01 7.737452434876878060e-01 7.680513051208385233e-01 7.606244174575040873e-01 7.705076460169073549e-01 7.642518154289043020e-01 7.570360534250198947e-01 7.623362481696460691e-01 7.147149655137903235e-01 7.319339771616599766e-01 7.577741652511092996e-01 7.360983569363017676e-01 7.282309064519829622e-01 7.599155278363159960e-01 7.489117309420488811e-01 7.547358369756342888e-01 7.360125812494627828e-01 7.578217816199999124e-01 7.469518950046649675e-01 7.463245508812659246e-01 7.372587705692998927e-01 7.301634746009054711e-01 7.461977454783167429e-01 7.371233555254501635e-01 7.469833959048499672e-01 7.346106770970042277e-01 7.416380029620928127e-01 7.426538612511925930e-01 7.340285594781450484e-01 7.331221279583288730e-01
8.907163179955446264e-02 7.632469060031986385e-02 3.286211414389240693e-01 5.480149550498786271e-01 4.352295180452552259e-01 5.097820246521072018e-01 7.159260387173196349e-01 1.000000000000000000e+00 6.659084436455064981e-01 5.978453301147745869e-01 7.039947715551865270e-01 7.643839043140688849e-01 7.070253191437642082e-01 6.635729185164543908e-01 7.904126340554752383e-01 8.084067484728084674e-01 7.247110840729659165e-01 7.193510396107362093e-01 7.234779842386691584e-01 6.588946971171789624e-01 7.577539085229920701e-01 7.613982382555016803e-01 6.725153316251930580e-01 7.152582123790901525e-01 7.365786742553086519e-01 7.298712728202010336e-01 6.943619193507100107e-01 6.787699837735202690e-01 6.491282849170677549e-01 6.052250838826493951e-01 6.806348999990280424e-01 7.570499819404662434e-01 6.448780673596616886e-01 7.407754764124183655e-01 6.642139314439023945e-01 7.367286366553816856e-01 6.979976062574438922e-01 7.586530282913167555e-01 7.505247804695246439e-01 7.293603907242066642e-01 7.414088376369142308e-01 7.549223860301323974e-01 7.187338561806202453e-01 7.740784297366979372e-01 7.517154437348021467e-01 7.600205715734740242e-01 7.629630036727594877e-01 7.624982769896992973e-01 7.686326988668741311e-01 7.579376023820215691e-01 7.661271159708273881e-01 7.678318043607574861e-01 7.644449996782084478e-01 7.766824062986220634e-01 7.816162175337555418e-01 7.634032376012370724e-01 7.986320533942237176e-01 7.753602073676965079e-01 7.835914990207469843e-01 7.801284868162615682e-01 7.855572392721027475e-01 7.951350563781591774e-01 8.008389476099971871e-01 7.945183454478754737e-01 7.573872586889704994e-01 7.935802435129329924e-01 7.622927754943727985e-01 7.739827502760531219e-01 7.639174513335853511e-01 7.780439634128225590e-01 7.823287085788674933e-01 7.695293724460410267e-01 7.755007730317233783e-01 7.683398417588817031e-01 7.683010773881374655e-01 7.591808769692219849e-01 7.450337838283193070e-01 7.453719323818168707e-01 7.501026720517728341e-01 7.357305718394756555e-01 7.397626131816136263e-01 7.457810432211779972e-01 7.692677143190215228e-01 7.466888003277135644e-01 7.611836774448381693e-01 7.674102536937956742e-01 7.575569818835885538e-01 7.729318570427013979e-01 7.637000255809960336e-01 7.690945979469374638e-01 7.519923793768940046e-01 7.633456214626804792e-01 7.608134965964000740e-01 7.616752288319650344e-01 7.557364986853565281e-01 7.654208578130794471e-01 7.716490804034382700e-01 7.790528096460654917e-01 7.739461869946328010e-01 7.682225461951768253e-01 7.677256316837706152e-01 7.819177689204965809e-01 7.682928048265039722e-01 7.776175290612560298e-01 7.710334338197170068e-01 7.934102262800397654e-01 7.761747372289602431e-01 7.633537334050402023e-01 7.741945620380843440e-01 7.762539605357352546e-01 7.764159893738998841e-01 7.742935473025257531e-01 7.859354928287872744e-01 7.830812282254582257e-01 7.650806514083154930e-01 7.791970402764250014e-01
1.184449828267593458e-01 1.864820342913612039e-01 3.192033940306349127e-01 4.855863273314989237e-01 4.332682068428586053e-01 5.129625101011355826e-01 6.521770109903753943e-01 6.659084436455064981e-01 1.000000000000000000e+00 7.363483890444575408e-01 7.893961976400566405e-01 8.066316683480267979e-01 7.610885463378176397e-01 7.449160191190657976e-01 8.327168811426902684e-01 8.119618708539971808e-01 7.923023058923830408e-01 7.611413197672205477e-01 7.861625145758459610e-01 6.487306579199361156e-01 7.041443248146682654e-01 8.089213111538438028e-01 8.021061213781585097e-01 7.840100571143672203e-01 8.146955969201987724e-01 8.196776682326067931e-01 8.020583314073894687e-01 8.121181114129478740e-01 7.586515423535576952e-01 7.653377360801333351e-01 8.188443121061749208e-01 8.490691125418707852e-01 7.780708694819967741e-01 8.243249642829956203e-01 8.255749526650821846e-01 7.913854359851756337e-01 8.115649583130482014e-01 8.329109267254215521e-01 8.448279713597265372e-01 8.088089113234716576e-01 8.536443716630370826e-01 8.445054528789034398e-01 7.854666969173437208e-01 8.519905696242342508e-01 8.472077281653700442e-01 8.411710209531361171e-01 8.640735157312126047e-01 8.753822750588731161e-01 8.523784711338469045e-01 8.005159399039032397e-01 8.295242119848422746e-01 8.212790513602643561e-01 8.433507347318811576e-01 8.712628081260097579e-01 8.561791763194291915e-01 8.681859166486908252e-01 8.337485960218669057e-01 8.573909307716457429e-01 8.528244398025806028e-01 8.712281633203612374e-01 8.508497205743791314e-01 8.554533128391299535e-01 8.340131425750373362e-01 8.512296646089213548e-01 8.711020196494023704e-01 8.598433747053766396e-01 8.708967671439330482e-01 8.643823446571587965e-01 8.720354655768209895e-01 8.467186687759171715e-01 8.589114134934950906e-01 8.732090555531448750e-01 8.592100970659588555e-01 8.594326507715900343e-01 8.695712649857667564e-01 8.680292445238938503e-01 8.686685192561235391e-01 8.618428610139743373e-01 8.643652578076793658e-01 8.673603181019252650e-01 8.645623113194388365e-01 8.706201136956315256e-01 8.710667891513887984e-01 8.694966523216876020e-01 8.571580442520060350e-01 8.665423685629153328e-01 8.653620230955207937e-01 8.670103896616029315e-01 8.712624495358469723e-01 8.725761284707646004e-01 8.620341910685147546e-01 8.661053680278840705e-01 8.689808289281791831e-01 8.719770248762546139e-01 8.701277240669333946e-01 8.737656761447509801e-01 8.420853364547921105e-01 8.492769623194638129e-01 8.627210712071788912e-01 8.561525053692899956e-01 8.562190907810787177e-01 8.598459815631328551e-01 8.625456213510713788e-01 8.656050266541702731e-01 8.638964556612243051e-01 8.556897343484746177e-01 8.661361914670481221e-01 8.721271611223693210e-01 8.730512592386382442e-01 8.697515108100599690e-01 8.656843122422083203e-01 8.733396246405857877e-01 8.663836027003236628e-01 8.689903147569290054e-01 8.719231734960471991e-01 8.706618800527937685e-01
6.288055438125700336e-02 2.034789065547513431e-01 2.955950488246873453e-01 4.133873099358328362e-01 4.224166454550339345e-01 4.790978955469427092e-01 5.986462737328145378e-01 5.978453301147745869e-01 7.363483890444575408e-01 1.000000000000000000e+00 6.949391849176496105e-01 7.423608169505285792e-01 6.898156407028572801e-01 6.943085082618288828e-01 7.730518558084826797e-01 7.400711821571922533e-01 7.070803006810086888e-01 6.545757377698687707e-01 7.073856028423121112e-01 5.936671826802255580e-01 5.996865896701044640e-01 7.127533459826367324e-01 6.821768429981674986e-01 6.719998706087699780e-01 7.241776340677931190e-01 7.429878264207893102e-01 7.224598696882758020e-01 7.276998488185335567e-01 6.711699559408345062e-01 6.633689773277400281e-01 7.328220130818026146e-01 7.687311363581603718e-01 6.883002092182370912e-01 7.369176042453556841e-01 7.048650719375458840e-01 7.160020013017502905e-01 7.209005534678090132e-01 7.620028382054943039e-01 7.545295696519724871e-01 7.418155205142124009e-01 7.701703231185904608e-01 7.769575846151693943e-01 7.314475736607715106e-01 7.778482901929775206e-01 7.674635595645377117e-01 7.577389642423896232e-01 8.035627865556784766e-01 8.055763361421276469e-01 7.874756527269569650e-01 7.109558734622214438e-01 7.565729965949327118e-01 7.344678286866694883e-01 7.738087781156020029e-01 7.871956500263772583e-01 7.550037111099833220e-01 7.767322892337378271e-01 7.310675935778074841e-01 7.903105627857940352e-01 7.744448988692195224e-01 7.951166336724457828e-01 7.846651915108795450e-01 7.678336701383561280e-01 7.420447913512303595e-01 7.677897112168894367e-01 7.895006147737577695e-01 7.678616978868018084e-01 8.034282034191381205e-01 7.848019403104288250e-01 7.886255041033379820e-01 7.722849559105618988e-01 7.770107888219893733e-01 7.949059184622834229e-01 7.717921456176315420e-01 7.792240165653345763e-01 7.962280446402868472e-01 7.914352583620413162e-01 7.953107520516740081e-01 7.764313285505957118e-01 7.833269653255315879e-01 7.762411441428752612e-01 7.836145363295492494e-01 7.931826502863787987e-01 7.887205157763754748e-01 7.835333150906140798e-01 7.748190816432888317e-01 7.843752005625503898e-01 7.811158915770581856e-01 7.939100814369973724e-01 7.933339468263257421e-01 7.899454919158369615e-01 7.920259535880177504e-01 8.040424259255682937e-01 8.017818325134679069e-01 7.990333028942649962e-01 8.020515275648516518e-01 8.027355814751075958e-01 7.578973297147071353e-01 7.569192819132531946e-01 7.885354436213519724e-01 7.903678802085073452e-01 7.851038509879056937e-01 7.770143145946212249e-01 7.901542985253672269e-01 7.964527900251706649e-01 7.867135990365244913e-01 7.564228292353075700e-01 7.880547923169367586e-01 8.044751074288157833e-01 7.955608857032566705e-01 7.987614562886827807e-01 7.946913089626912452e-01 8.018807228057924785e-01 7.852642849482862619e-01 7.832365279485540288e-01 8.016146387196945167e-01 7.870919345005917833e-01
1.009458147280623275e-01 1.244884929583184585e-01 4.062851287028581559e-01 5.921601905496504115e-01 4.213692637482284731e-01 5.648924621481691277e-01 7.075634869100488888e-01 7.039947715551865270e-01 7.893961976400566405e-01 6.949391849176496105e-01 1.000000000000000000e+00 8.588638250308896493e-01 7.627209780948894791e-01 7.469783995681196220e-01 8.478128326526834790e-01 8.362825285339077208e-01 8.047023492683003099e-01 8.109291184520497353e-01 8.352836117463063870e-01 6.566073601244414304e-01 7.592521334559050317e-01 8.528456686351432170e-01 8.284456171945686620e-01 8.251624179297292194e-01 8.529986500688068185e-01 8.658629638255377348e-01 8.496075412458211629e-01 8.374854580663411152e-01 8.124577530445549201e-01 8.162729931552469287e-01 8.603627684379425711e-01 8.759449670938416199e-01 8.138837248107749778e-01 8.592144408779938125e-01 8.416397380006185314e-01 8.357618902885931567e-01 8.496678181677811414e-01 8.710523568845001119e-01 8.805304660182471377e-01 8.458489348655860995e-01 8.679425972419910762e-01 8.639621791492034797e-01 8.061367767549098007e-01 8.830515622106670515e-01 8.788491654998772384e-01 8.808610693069426345e-01 8.651425670796183409e-01 8.752264826450609769e-01 8.695713077494625631e-01 8.572010789559224575e-01 8.699814863766581752e-01 8.436040875348269630e-01 8.546780047401233427e-01 8.713350369093630921e-01 8.753428968792119624e-01 8.841908263450929395e-01 8.607262285516359412e-01 8.652400066597401018e-01 8.782873415783155613e-01 8.716751235131861009e-01 8.630627109522914786e-01 8.707820049061024692e-01 8.692619164865246217e-01 8.708059340682324789e-01 8.679685846434287422e-01 8.662263705360263577e-01 8.748823774036829093e-01 8.846551758079492789e-01 8.867097492639182121e-01 8.570734884643741447e-01 8.779512941179042906e-01 8.896683443317340290e-01 8.809509343249850577e-01 8.842579600731033107e-01 8.946862683132051908e-01 8.922189243030382855e-01 8.856826101895108883e-01 8.900160963192169650e-01 8.885511817904852006e-01 8.923086767776017281e-01 8.914009569089836882e-01 8.933643090098253303e-01 8.884346872038120235e-01 8.897586906908088178e-01 8.853911047048476091e-01 8.841046055917683999e-01 8.831395102950760911e-01 8.867694220662560856e-01 8.875577947426898096e-01 8.877643484376707139e-01 8.809221576543408982e-01 8.796508104269308292e-01 8.820308077415777159e-01 8.854302792040045222e-01 8.680294274872561999e-01 8.775674098110645138e-01 8.776689026802911853e-01 8.730941306962106685e-01 8.700708129393651680e-01 8.797628287189760421e-01 8.706710683619109936e-01 8.849698352084125474e-01 8.714532383008067873e-01 8.809937575604684934e-01 8.763673901147239764e-01 8.781372987406763642e-01 8.787472413322511278e-01 8.731497151846384641e-01 8.842985686740157947e-01 8.739472596763793177e-01 8.776140753889366541e-01 8.746182126869509466e-01 8.789822771271721402e-01 8.804993521178862137e-01 8.744530060352668777e-01 8.753187081354624199e-01
8.039515076666153837e-02 1.308557267134854152e-01 4.000701440389134445e-01 6.202162434792748424e-01 4.875978618231607831e-01 5.935829843297910635e-01 7.733018109336323720e-01 7.643839043140688849e-01 8.066316683480267979e-01 7.423608169505285792e-01 8.588638250308896493e-01 1.000000000000000000e+00 8.162347781782026690e-01 8.053936528525384997e-01 9.125258638446852588e-01 8.962254386767544156e-01 8.531210074820320122e-01 8.390727773603395834e-01 8.667813890812074984e-01 7.383568597518269661e-01 8.132245292290285477e-01 8.848745765524694828e-01 8.382587331229370831e-01 8.506035967572835865e-01 8.852948664994669814e-01 8.900842548224734418e-01 8.604743990222544214e-01 8.555550790338729561e-01 8.188869817136494866e-01 8.114832011523597233e-01 8.794718874981864998e-01 9.202443177016954579e-01 8.206601672447267903e-01 8.946320728980668990e-01 8.509272484666975389e-01 8.839944977972935547e-01 8.810773212690310441e-01 9.094792412795605907e-01 9.118382716402826382e-01 8.864893451676552072e-01 9.039598088246517671e-01 9.121053903430675902e-01 8.661430872617129628e-01 9.289740058415937307e-01 9.162097824332589013e-01 9.182662256837419434e-01 9.188717996271020816e-01 9.238098155453061677e-01 9.199485073924903444e-01 8.933287164647322198e-01 9.186379186488685678e-01 8.991859307381699917e-01 9.119801683253064839e-01 9.174234824067993843e-01 9.110020550239927850e-01 9.211362471236277383e-01 9.026883551137482309e-01 9.199777378437579145e-01 9.233913525136546729e-01 9.251870507605960414e-01 9.223271718302354927e-01 9.181978116399894807e-01 9.147614437957735101e-01 9.198025686390732814e-01 9.127232954835758916e-01 9.166177071651052666e-01 9.260641392963570029e-01 9.305382842538070243e-01 9.294105224652428054e-01 9.190536450248090183e-01 9.297352172451049945e-01 9.319824681393127364e-01 9.279087984199845263e-01 9.306595720424679641e-01 9.347718414252800256e-01 9.316521372569642745e-01 9.218387119539446228e-01 9.199763558259751450e-01 9.241869732726110120e-01 9.208006783492876934e-01 9.247878452103150959e-01 9.301468555332870203e-01 9.288293480137426172e-01 9.219430837008324442e-01 9.263033182061990445e-01 9.313822990591449358e-01 9.282386654452682295e-01 9.331068984812184164e-01 9.310956441485965795e-01 9.285498191348683372e-01 9.250542590917261165e-01 9.313256770959150721e-01 9.299097844421109205e-01 9.305593700036005611e-01 9.190843697503142673e-01 9.263476668350121290e-01 9.192153739598267759e-01 9.152369618321321010e-01 9.210409131660716175e-01 9.297465507099524906e-01 9.218747421905345574e-01 9.295765298973704960e-01 9.248668326414983820e-01 9.338342607779155369e-01 9.283772133024604800e-01 9.181765961735378623e-01 9.264903494129399508e-01 9.240634361089415938e-01 9.304769943292646728e-01 9.261145012768765561e-01 9.287605523934640006e-01 9.270694030756924109e-01 9.256572162159456552e-01 9.264074804150361775e-01 9.253865216822181328e-01 9.262160486234588541e-01
6.641345332003853463e-02 1.321915816502332031e-01 3.278190107967243194e-01 5.201146170166671689e-01 4.578245232403867493e-01 5.279414580601190510e-01 6.887097592523313550e-01 7.070253191437642082e-01 7.610885463378176397e-01 6.898156407028572801e-01 7.627209780948894791e-01 8.162347781782026690e-01 1.000000000000000000e+00 7.264712565233677477e-01 8.372079469607628388e-01 8.254434600627870156e-01 7.699475808414759648e-01 7.515356941933966084e-01 7.844520313152585356e-01 6.812662530233284386e-01 7.331940677020036823e-01 7.982698582577517632e-01 7.647512917899432772e-01 7.729789242018976214e-01 8.084478865939236369e-01 7.999869693630923262e-01 7.793869485160396238e-01 7.777897666472470828e-01 7.169709168030209412e-01 7.167452984343455347e-01 7.861944525000222894e-01 8.308435983483871690e-01 7.421545286408323117e-01 8.166485870526558610e-01 7.691423939069287341e-01 8.161186815882280898e-01 8.006089325283508584e-01 8.206216462068386397e-01 8.304144137287795546e-01 8.120460339404285133e-01 8.350663898837097365e-01 8.390110364873150095e-01 8.093780627375699588e-01 8.466684662885072266e-01 8.402701036811101032e-01 8.333092333900214976e-01 8.537778103287497755e-01 8.507864532775283317e-01 8.430416560619293787e-01 8.034941519339281468e-01 8.349296565763772993e-01 8.309361882676038480e-01 8.434905667203497215e-01 8.456116475993442627e-01 8.339593559349103291e-01 8.481189172242398211e-01 8.244924236553249353e-01 8.437296380759530257e-01 8.402026810708729254e-01 8.525167554305506101e-01 8.489971192207897976e-01 8.438930701785216648e-01 8.275939021568370357e-01 8.402107227897029906e-01 8.450326711136159075e-01 8.449570530742867014e-01 8.511286097557138053e-01 8.528726642285183734e-01 8.533149923985423602e-01 8.455613320124375498e-01 8.514425934532242612e-01 8.549401241516652039e-01 8.475140774104950037e-01 8.501964771518565334e-01 8.508884037565758174e-01 8.504707029330975665e-01 8.431102261260733366e-01 8.296816344445823166e-01 8.407303442968850904e-01 8.370769139423970273e-01 8.434615466530001049e-01 8.456151996105043533e-01 8.532654088414460825e-01 8.397349007079317751e-01 8.435898628710035707e-01 8.529672963940551078e-01 8.537902518256629270e-01 8.530760716793314158e-01 8.526632776815362691e-01 8.545869953545799369e-01 8.491201700000733377e-01 8.557386821027380686e-01 8.534887188980068151e-01 8.531739119805753502e-01 8.470737595056314628e-01 8.536053803281136165e-01 8.406327200362706531e-01 8.366247907034652931e-01 8.504563327902343595e-01 8.512680589343126769e-01 8.540624359435182722e-01 8.499944232698495306e-01 8.556086090942777167e-01 8.564642646443505480e-01 8.565409778085376624e-01 8.400588564666363611e-01 8.508039956803640225e-01 8.510902587658336627e-01 8.564749848673386401e-01 8.508785401713546692e-01 8.522467925189890492e-01 8.535281307566848774e-01 8.511307824868199479e-01 8.509967348499700712e-01 8.523310114977835639e-01 8.529093184427369856e-01
