1.000000000000000000e+00 7.549985204218163937e-02 3.020007929534903116e-02 5.994549806948800547e-02 3.429075027399997033e-02 2.815216512315831324e-02 9.037157358494538398e-03 1.439923155305425882e-02 9.349012549301013997e-02 2.932770081653563593e-02 1.642359943023989285e-02 7.198206055102272100e-03 2.233092059244673119e-02 -1.206769562942603541e-02 1.327095449261982141e-02 2.510495921403081698e-02 6.980765701468835682e-02 5.556571445783397428e-02 3.774121253359402628e-02 2.768755131872768782e-02 4.504080450573653971e-02 3.384381501396473840e-02 3.676325675777773055e-02 3.807374499732466694e-02 1.620590933328710723e-02 3.409106596899290353e-02 2.177858117128556037e-02 1.154370437950016405e-02 3.589702184055201112e-02 3.376829882138102784e-02 2.750439181299160762e-02 2.796484046553723846e-02 1.132801133493730600e-02 3.129386630127302393e-02 2.546863524488619454e-02 1.888937232563682803e-02 6.119552854127108775e-03 9.202806391453273449e-03 1.387165138737294495e-02 -2.592555132076747662e-02 1.434769125517764907e-02 1.611552702580880446e-03 -7.900915006529026993e-03 1.233752670078194259e-02 2.452534861618453372e-03 -1.512749918632521045e-03 7.115373651924852133e-03 1.145786742454068391e-02 1.566738803845023342e-02 2.318033677107090088e-02 2.370245206601668750e-02 3.545549078655808872e-02 1.485808135956811875e-02 1.970215205055237187e-02 8.342673974545493018e-03 8.253934291395533668e-03 3.248211268222265385e-02 -4.462332069971121189e-03 4.067935157963605691e-03 2.697211639794605195e-02 1.856698483707243039e-02 1.393036632385326670e-02 1.299666009682958097e-02 2.694420032997408079e-02 4.196982431174301614e-02 4.470435753564320353e-02 1.485078084701905131e-02 1.256980295764418762e-02 1.974918213711939624e-02 1.566648489829221627e-02 1.036618480356214962e-02 1.260877444145985099e-02 1.721334035912917837e-02 6.373625212698617350e-03 6.695928987161246272e-03 6.495562182048395319e-03 2.046259750479175691e-03 1.733647276207482199e-02 6.551582439743432879e-03 1.630775537572336925e-02 6.336157735426907120e-03 9.360280824238637748e-03 2.321478006785452838e-02 1.715717966015614313e-02 1.197711902572620030e-02 1.358781438081130798e-02 -6.719405598855144907e-05 1.188642994439930572e-02 6.550224518477049812e-03 1.052409803752927392e-02 -6.563399152773038286e-03 -1.343136250032786342e-03 6.635799740329428355e-03 -6.076773048272972365e-04 4.041737512632871156e-03 1.025864556975340097e-02 9.169233625252402528e-03 3.588137534441451781e-02 1.305463912415021424e-02 1.037020700432746481e-02 -3.563137048104492687e-03 1.094108133564401092e-02 1.408841126044409718e-02 5.975556428487596022e-03 1.825012724239611847e-02 2.831567305503200974e-02 9.337131801813232379e-03 1.285691926909774720e-02 7.689760857575524827e-03 8.926705675545362761e-03 1.362899688941123216e-03 1.401527586390099132e-02 6.217129974827833964e-03 2.025183076490529380e-02 2.066280639348324136e-02 2.598667636385075183e-02
7.549985204218163937e-02 1.000000000000000000e+00 1.018677388819516638e-01 1.098368928562900443e-01 7.349667389251866856e-02 8.343414791697872923e-02 1.375700737411242880e-01 1.159963814843807534e-01 1.607379534497760665e-01 1.597893681231567498e-01 1.499422758413218038e-01 1.563646579050917418e-01 1.354633043407457160e-01 1.065908206336676906e-01 1.484435463313288628e-01 1.417840859458772695e-01 1.573937019385249214e-01 1.802417038513454417e-01 1.815718748697120188e-01 1.334295924667365241e-01 1.394209512207794655e-01 1.720357226416631968e-01 2.168630260042136437e-01 2.080113202190763677e-01 1.907235761105933736e-01 1.718575371154229259e-01 1.725234935575850892e-01 1.687880100069610589e-01 1.813191573773914600e-01 1.884159390836125936e-01 1.734064903009214509e-01 1.840141516778796005e-01 1.615146844738505338e-01 1.747831955697023987e-01 1.711014487974340803e-01 1.522057294762446111e-01 1.650570951120129692e-01 1.648547635900721176e-01 1.579126686680351888e-01 1.438643144733737500e-01 1.589937911441606788e-01 1.531217172668912774e-01 1.557937263869917377e-01 1.563138170304450292e-01 1.548204025278822060e-01 1.561242992299800847e-01 1.550495966871780762e-01 1.594479572426843184e-01 1.549678094741512580e-01 1.461768407065757169e-01 1.476347479744168356e-01 1.197339893394679944e-01 1.351721068715821539e-01 1.631464932688346525e-01 1.693460604063384278e-01 1.796083350486673003e-01 1.555832487956669008e-01 1.467917200819584544e-01 1.572161166661442400e-01 1.550677153495122751e-01 1.462371305271534527e-01 1.668858689409485063e-01 1.513299727060695987e-01 1.565139338542980707e-01 1.533588820543564379e-01 1.616535338567509361e-01 1.573034657274594017e-01 1.631007463219767140e-01 1.692369039912376694e-01 1.547276700629929835e-01 1.562352556491572730e-01 1.584754883559964522e-01 1.756828057079204142e-01 1.644547060566332597e-01 1.608871856497077757e-01 1.572936170086432495e-01 1.580576231020129341e-01 1.659713011930144255e-01 1.669272513834716420e-01 1.673225519358366720e-01 1.634215180590039840e-01 1.574429104416210645e-01 1.669136036982814542e-01 1.684463694967470448e-01 1.511084728888081874e-01 1.587227392461018904e-01 1.575403744038832154e-01 1.523143749461124408e-01 1.530182421787897318e-01 1.637959074736413667e-01 1.535163021955257001e-01 1.487231834180151036e-01 1.535310655503452082e-01 1.514494351312985210e-01 1.503894128081590675e-01 1.597697848322898184e-01 1.332009051562406676e-01 1.361692128706437355e-01 1.477590509854979361e-01 1.467088788361201601e-01 1.441561251344975758e-01 1.462368020402075308e-01 1.466891605100121287e-01 1.430267404730239666e-01 1.450020147485187316e-01 1.503874323396249824e-01 1.486496614342883160e-01 1.583027713054336039e-01 1.562842462195888626e-01 1.530766646854324342e-01 1.525184507154528912e-01 1.510035361128001241e-01 1.518663045968248193e-01 1.447007797061619916e-01 1.514449918358684588e-01 1.514724388901667607e-01
3.020007929534903116e-02 1.018677388819516638e-01 1.000000000000000000e+00 3.041371948584980500e-01 1.709336440862594952e-01 2.049687209647803043e-01 3.135560407142303774e-01 3.206151250005589426e-01 3.299761117610783834e-01 2.973877235096451521e-01 3.062632945551848063e-01 3.484824802608808558e-01 2.924932867642632828e-01 2.759705502222298823e-01 3.466578542433423338e-01 3.364971979495883780e-01 3.270275264530147497e-01 3.541177483837321671e-01 3.382854026544112602e-01 3.338369932476575874e-01 3.287397656764574627e-01 3.534331235180923070e-01 3.521502817958872544e-01 3.492983312717989897e-01 3.447872726843128621e-01 3.574105707542301058e-01 3.676932784361780504e-01 3.549202081793439434e-01 3.724212412009108575e-01 3.759726292276914239e-01 3.708934771231768845e-01 3.542606091150261038e-01 3.455190020651384697e-01 3.457528843343746217e-01 3.589259933320797513e-01 3.122876761743519358e-01 3.408708776016453057e-01 3.556835703214042965e-01 3.386441644722906763e-01 3.341719394494803708e-01 3.528670418608482184e-01 3.558149757371970590e-01 3.355007724565703398e-01 3.426188842172694371e-01 3.422338381809295060e-01 3.522015785283662548e-01 3.540294739858719231e-01 3.529515445879594648e-01 3.534701457332313224e-01 3.474423399608773666e-01 3.532134093861594715e-01 3.297314551996399223e-01 3.465987916617407905e-01 3.506713640460433212e-01 3.613038881428987659e-01 3.593674974498715646e-01 3.413096891111689346e-01 3.440138809792889218e-01 3.569539298892999146e-01 3.402134907416854981e-01 3.517807038450012636e-01 3.484161148038533717e-01 3.476779676138100350e-01 3.419032269362388132e-01 3.368700738012975204e-01 3.415542899070699856e-01 3.481232207708572224e-01 3.512705776567853211e-01 3.596415050065971397e-01 3.562834858543031946e-01 3.490218585847882360e-01 3.513486801194130038e-01 3.523654186744449301e-01 3.468756202671453570e-01 3.566909166110208695e-01 3.554106669480024405e-01 3.504911152552299680e-01 3.650587533309972432e-01 3.600961679613677857e-01 3.619879284681080112e-01 3.515606016332977757e-01 3.470189739481471247e-01 3.477090126902797618e-01 3.563355205098153733e-01 3.590194812755393428e-01 3.537700988775909217e-01 3.441140138203943044e-01 3.569786973072393566e-01 3.516015424277758039e-01 3.545871410724134587e-01 3.422586104140998287e-01 3.500133536951522406e-01 3.461823236001607129e-01 3.471624604460380459e-01 3.423165261538145820e-01 3.479977816797656942e-01 3.562214149638368021e-01 3.541003813205798045e-01 3.526257515761910266e-01 3.517421067544059254e-01 3.401896211727665764e-01 3.523918274641874016e-01 3.491000817201309614e-01 3.472340531638412053e-01 3.467444503641434195e-01 3.492991531207311207e-01 3.510495076583569074e-01 3.496756153595076411e-01 3.537313194307299402e-01 3.502773372446402744e-01 3.552242286724159870e-01 3.405372253755520884e-01 3.502269850303008636e-01 3.470093192218525746e-01 3.458424101612765367e-01 3.413334908135869372e-01
5.994549806948800547e-02 1.098368928562900443e-01 3.041371948584980500e-01 1.000000000000000000e+00 3.327200708952481323e-01 3.748651380375593867e-01 5.739309295376402442e-01 5.632202231908627343e-01 5.727540519494678239e-01 4.822260683978311091e-01 5.809489861093222185e-01 6.226667190916246319e-01 5.583800257941820000e-01 5.178572521395583550e-01 6.264700856128802009e-01 6.174691108724388311e-01 5.699257254405372120e-01 6.100535118086601871e-01 5.874198123693794571e-01 5.684448800770116605e-01 6.204332121832086822e-01 6.275582482009276486e-01 5.602511503257684433e-01 5.724533905017025193e-01 5.972708169088747354e-01 6.359223971838036116e-01 6.255502247751447698e-01 6.287129371663308097e-01 6.262937625715521150e-01 6.164437195988244911e-01 6.303916473514448171e-01 6.185230680603660547e-01 5.942490586553733634e-01 6.066795897938516147e-01 6.032267996231475138e-01 6.138935962385679845e-01 6.185093812036840388e-01 6.252185996772270382e-01 6.261423300865220920e-01 6.175089194601101061e-01 6.306981514082706797e-01 6.291681033464948669e-01 6.207285985855134358e-01 6.380835697239336524e-01 6.332261779224206411e-01 6.258893406706221851e-01 6.238793317516028170e-01 6.217548822111644835e-01 6.245282801335637624e-01 6.199540098578197878e-01 6.339967992065886904e-01 6.319720033400620940e-01 6.334532855221535197e-01 6.217593737071651638e-01 6.083212296291714560e-01 6.241267929975881090e-01 6.240409291477254650e-01 6.251693631881778401e-01 6.181551000547811370e-01 6.277011241422738586e-01 6.361063565212862203e-01 6.229163804877115851e-01 6.196958931468616871e-01 6.270948164715296480e-01 6.286380632454279249e-01 6.262308857765320758e-01 6.249645063166286985e-01 6.275444577073383545e-01 6.235853645973669090e-01 6.412541376966969242e-01 6.390997886768281511e-01 6.327724876134421805e-01 6.156252083241077200e-01 6.235674152962965566e-01 6.369344755210719633e-01 6.343371270767640402e-01 6.314670380096267799e-01 6.349352797826914863e-01 6.254067579020334833e-01 6.307093396699077203e-01 6.217164886186626882e-01 6.273699494039650659e-01 6.348548777746109151e-01 6.241053190266887540e-01 6.341844442795507852e-01 6.255928186025579985e-01 6.294686012380787954e-01 6.364923905885145894e-01 6.292197991685664071e-01 6.317472202380982615e-01 6.323214314688548887e-01 6.307678893335706416e-01 6.344463929183643547e-01 6.303073288317093681e-01 6.237128600467511941e-01 6.262556756919889223e-01 6.419877967545787323e-01 6.420527385637793127e-01 6.354991457832892543e-01 6.389942067819716076e-01 6.343495154221502341e-01 6.402100104629468991e-01 6.363418881901824475e-01 6.359378003277705860e-01 6.410031766865575964e-01 6.359560171090472558e-01 6.300322152716558710e-01 6.275153731917568756e-01 6.319960930987328362e-01 6.335248930954944235e-01 6.319999727098329911e-01 6.272638059220740914e-01 6.328107695492205531e-01 6.380028424841174273e-01 6.307362818680743999e-01 6.302361666016279562e-01
3.429075027399997033e-02 7.349667389251866856e-02 1.709336440862594952e-01 3.327200708952481323e-01 1.000000000000000000e+00 3.149669331414920448e-01 4.474049731896717064e-01 4.302838856158452407e-01 4.238864903611208046e-01 3.890862973309431871e-01 4.418544588782955529e-01 4.897674179669401773e-01 4.626577260745203257e-01 4.225654207246821170e-01 4.964088177819784842e-01 4.796333634192951889e-01 4.383760427427917938e-01 4.443998123834438929e-01 4.500670153654972583e-01 4.028685136003314904e-01 4.336356714861792638e-01 4.822932276795655615e-01 4.228827999807245330e-01 4.272906817781249589e-01 4.692665465379551870e-01 4.902030130826288690e-01 4.784347589388009414e-01 4.836686343999223037e-01 4.761098730689367620e-01 4.813004111460245649e-01 4.875565159307486129e-01 4.838714082144681128e-01 4.860138195761627977e-01 4.717396255860980547e-01 4.783011639678695359e-01 4.906274949117865325e-01 4.886147217150052513e-01 4.884877359722715751e-01 5.013336150413446601e-01 4.891466318437890926e-01 4.973441568761479692e-01 4.977154244367953395e-01 4.952238526695900700e-01 5.005447959469866426e-01 4.941161577845545327e-01 4.936189358730010968e-01 4.990357330142715653e-01 4.933194016114613722e-01 4.953337982350517477e-01 4.804001615562040750e-01 5.004123467541693460e-01 4.889746314022512252e-01 4.913945504964793987e-01 4.912981044047159407e-01 4.689846325459492982e-01 4.909272753316475391e-01 4.827085388224416351e-01 4.925395580312288968e-01 4.812842207649072335e-01 4.985848001751017056e-01 5.046400361391206735e-01 4.902663108093404110e-01 4.815657957417264767e-01 4.943556421999459327e-01 4.941124552022275185e-01 4.907151737270030734e-01 4.981918968203339904e-01 4.946200018088365291e-01 4.907592043231890355e-01 4.946215689734619336e-01 5.006512417017022765e-01 4.994684867824833452e-01 4.761170969467423131e-01 4.954081568360348409e-01 5.023876597811602895e-01 5.035568495852273951e-01 5.052184820331290238e-01 4.986143395342371720e-01 4.943135358163501802e-01 4.963962289309079567e-01 4.980945984001873827e-01 4.980810400936342419e-01 5.026473765538371774e-01 4.953883771786583012e-01 4.993885215054425508e-01 4.926552281716259363e-01 4.991902417024570160e-01 5.000189214864287912e-01 4.998085984232767953e-01 4.988281566394510702e-01 5.013287682574038007e-01 4.999624938160001086e-01 5.009314179264153788e-01 5.001993090598864100e-01 4.973583392659146063e-01 4.964198831792396849e-01 4.954936002047797272e-01 4.938438875296627950e-01 5.001780118791874230e-01 5.021807948464012128e-01 5.031254998134332412e-01 4.963263925530332910e-01 5.003693159499493781e-01 5.018488445708921830e-01 5.051213180685668602e-01 4.944835826432375514e-01 4.972873718909904261e-01 4.972715557852225854e-01 4.952959877491160401e-01 4.987205536337823153e-01 4.937528800560332942e-01 4.975065670146417984e-01 4.966137225004284006e-01 5.017406718044938874e-01 4.993444480068336966e-01 4.950258978107895391e-01
2.815216512315831324e-02 8.343414791697872923e-02 2.049687209647803043e-01 3.748651380375593867e-01 3.149669331414920448e-01 1.000000000000000000e+00 5.293965944127840828e-01 4.941236855757724644e-01 5.221670760272997258e-01 4.634865991187725465e-01 5.396676631072799823e-01 5.794327992060674948e-01 5.007402475767221972e-01 4.672720885168251681e-01 5.853275809069338198e-01 5.693383333893178300e-01 5.288176574897431870e-01 5.359905319426230275e-01 5.560038709555944481e-01 4.785373411241100605e-01 5.200451845082347813e-01 5.632224867050842354e-01 5.149006132528235469e-01 5.073054465180441008e-01 5.559440007391538430e-01 5.797684233087790906e-01 5.716948915205243287e-01 5.861774644190574923e-01 5.836634785959214922e-01 5.804616995482525521e-01 5.948005763464666584e-01 5.804657511606063913e-01 5.676240511583885429e-01 5.646688509064937689e-01 5.731323588155188276e-01 5.780646636108939251e-01 5.855065768260782066e-01 5.981861707182072330e-01 5.953728853789783670e-01 5.910729106100364172e-01 5.955309929047140072e-01 5.960733423960878907e-01 5.715603487577937125e-01 5.948059943982082487e-01 5.938467106940781282e-01 5.973934914552836428e-01 5.961998175151724810e-01 5.915390305442577157e-01 5.959932867841889470e-01 5.895333795867941928e-01 5.944047315399813014e-01 5.784595271845028863e-01 5.823312485001160832e-01 5.924726659337553603e-01 5.824031632570956241e-01 5.995648878131210058e-01 5.908615009591235978e-01 5.994482685972294389e-01 6.003292193970779511e-01 5.923626751009817282e-01 5.967782672117387666e-01 5.969090679210707906e-01 5.927075831281204410e-01 5.968342716524124292e-01 5.852242412630518364e-01 5.841996226142948112e-01 5.900004212090351752e-01 5.931649244397035892e-01 5.845267916811317521e-01 5.920532158793652133e-01 5.938776494960104069e-01 5.993583729039714258e-01 5.738552352487927832e-01 5.920355537758024145e-01 5.986257628425345478e-01 6.025426878133809394e-01 5.986141181096491515e-01 6.016652321624977873e-01 5.955572183782612550e-01 5.941951478278603149e-01 5.992328061127539796e-01 5.983156243255458584e-01 5.958900775542533834e-01 5.917699683998565163e-01 5.931922740768893476e-01 5.890624820069380041e-01 6.000123407916867491e-01 5.940298032414590423e-01 5.988445579020201803e-01 5.979157536347373680e-01 5.957255564627291777e-01 5.999898301076359575e-01 6.008474323900442338e-01 5.994570214034719013e-01 5.970388082679930486e-01 5.979737978794167352e-01 5.910252745232482674e-01 5.863016852729577844e-01 5.986540145493240983e-01 5.983433574478135286e-01 5.935380969196000223e-01 5.984011944870406552e-01 5.962986019456435471e-01 5.967502744256593106e-01 5.957620421569651548e-01 5.907599951078869038e-01 5.957848689511576756e-01 5.942057466597697735e-01 5.991828373303241806e-01 5.975386551109226341e-01 6.004285108567826157e-01 5.948158035893758022e-01 5.996300044429931919e-01 5.985613931737838733e-01 5.962418980055701478e-01 5.897595363290970560e-01
9.037157358494538398e-03 1.375700737411242880e-01 3.135560407142303774e-01 5.739309295376402442e-01 4.474049731896717064e-01 5.293965944127840828e-01 1.000000000000000000e+00 7.022231198698015708e-01 7.464300535297098138e-01 6.681929197110899610e-01 7.687272021016909873e-01 8.177284425527017175e-01 7.400601536503724764e-01 6.811772613325084436e-01 8.437114944803117966e-01 8.129428325267898936e-01 7.436607949586683253e-01 7.670730407718510113e-01 7.853787260988581709e-01 7.115046481263163081e-01 7.412840165260711212e-01 8.004434408489703445e-01 7.460582391789181145e-01 7.610338340542245339e-01 7.995767155267039517e-01 8.152044846526919075e-01 8.137641806057580585e-01 8.307541638293188813e-01 8.113551739680204822e-01 8.137384659496984529e-01 8.317833063342673361e-01 8.239025569827407303e-01 8.058960246227911961e-01 8.057702932158664622e-01 8.084604482401877013e-01 7.986914679576254672e-01 8.121612344372499681e-01 8.229803374529121029e-01 8.366368299989882518e-01 8.207233741635507895e-01 8.408590794078718567e-01 8.480811345416467972e-01 8.305579750324637578e-01 8.419866046325935605e-01 8.437779250532903008e-01 8.394458233622819066e-01 8.355619653548509440e-01 8.325520150818096488e-01 8.264002234684498793e-01 7.943404124889882345e-01 8.266674298126455156e-01 8.059665034678828999e-01 8.269578501333364473e-01 8.295697305355395068e-01 8.050795561230136288e-01 8.315336661340934077e-01 8.100191463725355812e-01 8.354974967299302335e-01 8.162281796121009236e-01 8.366211830714851416e-01 8.370940558668042986e-01 8.298755593526174756e-01 8.196690296067079551e-01 8.304206355322875099e-01 8.244578491945233623e-01 8.211234040942242407e-01 8.384185757297815123e-01 8.411557864737282397e-01 8.402376268072467846e-01 8.442798602188482660e-01 8.452437322706958245e-01 8.435754425130993495e-01 8.319259506783091007e-01 8.418547578158788181e-01 8.451312237283025164e-01 8.448119027221686617e-01 8.516451533034944399e-01 8.417209728991722484e-01 8.493502409560613753e-01 8.384530977287668607e-01 8.414511064544032415e-01 8.431401677835420605e-01 8.451188462015266634e-01 8.416824668624851569e-01 8.406864171678353204e-01 8.419741103315923070e-01 8.471940642429351964e-01 8.463072605069321686e-01 8.481603789878454647e-01 8.460687990203944464e-01 8.530346976131455428e-01 8.495150889156267704e-01 8.474760041294530089e-01 8.505520278571305770e-01 8.373053229570893707e-01 8.386207317134113381e-01 8.326253888318377872e-01 8.191769411097030718e-01 8.384330293342234786e-01 8.449517727088429186e-01 8.495357213531045115e-01 8.378342596095867956e-01 8.386663252139460178e-01 8.440786894693020903e-01 8.436564943772245639e-01 8.287088519774167272e-01 8.397578978433160035e-01 8.407437928911056790e-01 8.407570398312119719e-01 8.406789604766207180e-01 8.431903585519600064e-01 8.382357855144800807e-01 8.413776551206958443e-01 8.382977765445270846e-01 8.387161940561734808e-01 8.335588570023387822e-01
1.439923155305425882e-02 1.159963814843807534e-01 3.206151250005589426e-01 5.632202231908627343e-01 4.302838856158452407e-01 4.941236855757724644e-01 7.022231198698015708e-01 1.000000000000000000e+00 6.848409807943049987e-01 6.076239124159917848e-01 7.017603043923512640e-01 7.536446775368047524e-01 6.829675248308917368e-01 6.316366211220005855e-01 7.694533464630866071e-01 7.671393101232352185e-01 7.002838961342625623e-01 7.195113259743421974e-01 7.208076857203625787e-01 6.642729148388621940e-01 7.189420694856056837e-01 7.558261391804605989e-01 6.718724221200792490e-01 6.841693696320637619e-01 7.320677201334135908e-01 7.544447327929360014e-01 7.390508862626439246e-01 7.546617335935864590e-01 7.459078347887843075e-01 7.463106560933261413e-01 7.590161665772161559e-01 7.591766713614731543e-01 7.403417130233971299e-01 7.460409479096548058e-01 7.410927330600020069e-01 7.514914601150981532e-01 7.481848200800121917e-01 7.755771603193249986e-01 7.721175046369432859e-01 7.660107752382160351e-01 7.711483339729465758e-01 7.742549527830111522e-01 7.612714092061798610e-01 7.802219354287124320e-01 7.760776136840001893e-01 7.764676826974152846e-01 7.676517047276188999e-01 7.617210034172319233e-01 7.667586142603722843e-01 7.712394643895279511e-01 7.839965751659307980e-01 7.629993794221471282e-01 7.672922336423489975e-01 7.607434543945728045e-01 7.521088203779512371e-01 7.700185295813942732e-01 7.661210465634492595e-01 7.711699796077172708e-01 7.706396350250371841e-01 7.617043873091516870e-01 7.769785176491239564e-01 7.664654864491746711e-01 7.648719336934172164e-01 7.681049865460524151e-01 7.594432516451250503e-01 7.558596920511905237e-01 7.649527813918971519e-01 7.664057586776612530e-01 7.598486860364873641e-01 7.711765421443714796e-01 7.771161074909810340e-01 7.752190730731651769e-01 7.494404021993958942e-01 7.656287474099982004e-01 7.681482034312997476e-01 7.721116685857487560e-01 7.706660569259761173e-01 7.691487809351502669e-01 7.671174405100643634e-01 7.621458905076592405e-01 7.668644355008835678e-01 7.656382212177934576e-01 7.706201179993299455e-01 7.581988039962657133e-01 7.770600851199139791e-01 7.663226865764446449e-01 7.699570852290065215e-01 7.795552922629428449e-01 7.749022368052718157e-01 7.669649283303608955e-01 7.719942466097000633e-01 7.737817692167459072e-01 7.737013779740062880e-01 7.721596826283916304e-01 7.650754777150782227e-01 7.669424491592125026e-01 7.812008656462237077e-01 7.743853810564818030e-01 7.772002078879545195e-01 7.813651006305604163e-01 7.741269869342983778e-01 7.795190403110155986e-01 7.714540750286714710e-01 7.766629166699109410e-01 7.772986156116217238e-01 7.712671856795589864e-01 7.708894581861424067e-01 7.682232514811101476e-01 7.715672672059075143e-01 7.740039029261087666e-01 7.757833865479937252e-01 7.661510397758967139e-01 7.733900932055874922e-01 7.757518211477200110e-01 7.685467469330344858e-01 7.640831368648197675e-01
9.349012549301013997e-02 1.607379534497760665e-01 3.299761117610783834e-01 5.727540519494678239e-01 4.238864903611208046e-01 5.221670760272997258e-01 7.464300535297098138e-01 6.848409807943049987e-01 1.000000000000000000e+00 7.280012221157037278e-01 7.939047892388388927e-01 8.262699096355432538e-01 7.603326065350890506e-01 7.043772507087254775e-01 8.438569263982770297e-01 8.248652794450740400e-01 7.907614532762688997e-01 7.889352038826907831e-01 8.048962673738490059e-01 6.814092222127208220e-01 7.247010804535232165e-01 8.054494684579112107e-01 7.885773885738601718e-01 7.794048101776246407e-01 8.179906352756913801e-01 8.297621752191980393e-01 8.098683615548210035e-01 8.150349896407270700e-01 8.288666124132009205e-01 8.602113119125813778e-01 8.634793618855549635e-01 8.475431482104421876e-01 7.993100733919192846e-01 8.377894988166414425e-01 8.355899118313137031e-01 8.131664170286908577e-01 8.232561157342507263e-01 8.462794661902742765e-01 8.554644014573559163e-01 8.009955627983853521e-01 8.541982509353616138e-01 8.444381297857931346e-01 8.238103528933230502e-01 8.597982786950935097e-01 8.477198700037901213e-01 8.518844781644495656e-01 8.671074848331676854e-01 8.747309732274803906e-01 8.691774707044432891e-01 8.314816741258412858e-01 8.560871621920927987e-01 8.292679931159149254e-01 8.523450062192943211e-01 8.748113050505820221e-01 8.606984016701428875e-01 8.671812816719258743e-01 8.649888737120273730e-01 8.580038999680789091e-01 8.599787075084271981e-01 8.716727597314186671e-01 8.681240659719150488e-01 8.706802706554240823e-01 8.655110860624267710e-01 8.704203023663646954e-01 8.695638500732795206e-01 8.724575447452705967e-01 8.696226986954258553e-01 8.688864439504484505e-01 8.677952982035581631e-01 8.561235070468874442e-01 8.629050269528023565e-01 8.705593252399214110e-01 8.552251278115622357e-01 8.618365146622750661e-01 8.682929358153248511e-01 8.654681150467560258e-01 8.597421191928380502e-01 8.704088878600043655e-01 8.652363405330256718e-01 8.731430659660035509e-01 8.674558568902841493e-01 8.733359050273481472e-01 8.728748354855321301e-01 8.694758879961059783e-01 8.610002568280634705e-01 8.694439865735210660e-01 8.620964744882875230e-01 8.663230802980231848e-01 8.686317373846753620e-01 8.686229580631943392e-01 8.491716917543910004e-01 8.636784953177818469e-01 8.641222336010462302e-01 8.657696485801326114e-01 8.686436548705576133e-01 8.708624704300974573e-01 8.513666448104422191e-01 8.597449184107867071e-01 8.655593341192847623e-01 8.616366464655422774e-01 8.551913252512516328e-01 8.671693135569186195e-01 8.651964729684106237e-01 8.661774545854895591e-01 8.688926122372662153e-01 8.715978314305199426e-01 8.712948294766659219e-01 8.734474534777955101e-01 8.694292134916042913e-01 8.698481660089041334e-01 8.659711561277613212e-01 8.704588951155745047e-01 8.681184360509326403e-01 8.701339415910679387e-01 8.749717452817128427e-01 8.725322080454205320e-01
2.932770081653563593e-02 1.597893681231567498e-01 2.973877235096451521e-01 4.822260683978311091e-01 3.890862973309431871e-01 4.634865991187725465e-01 6.681929197110899610e-01 6.076239124159917848e-01 7.280012221157037278e-01 1.000000000000000000e+00 7.205957804936448108e-01 7.557589731513482123e-01 6.767999312164915127e-01 6.512782007211522783e-01 7.614473824079146524e-01 7.452161502272965921e-01 7.060014427572324225e-01 6.924655089129461150e-01 7.323638102138255723e-01 6.035523030493029628e-01 6.279067516815448613e-01 7.153159978957657206e-01 7.046058282816923812e-01 6.962636820768772772e-01 7.350483082652196076e-01 7.471944330125236400e-01 7.329616033087150706e-01 7.392406731442539014e-01 7.512757672791051666e-01 7.746948719404304073e-01 7.823004079709514613e-01 7.624944868151234401e-01 7.252946096236732032e-01 7.497182419137461418e-01 7.498972222729418657e-01 7.325631136485385442e-01 7.537000030417971841e-01 7.687600594549853783e-01 7.730828059435707056e-01 7.306126858550678893e-01 7.793410641942174477e-01 7.669910577850069799e-01 7.494677532064658587e-01 7.792365490948452988e-01 7.703372983117513506e-01 7.740787674026813336e-01 7.873154457614556234e-01 7.978219735390132961e-01 7.866348896544809177e-01 7.412619411681968806e-01 7.699878713661117979e-01 7.414595675896341609e-01 7.648780028501063200e-01 7.963510735001468888e-01 7.849669580358902277e-01 7.898533549640415208e-01 7.765719844692746676e-01 7.881845494471497737e-01 7.888024794853480959e-01 7.893676318186390040e-01 7.811949498794646951e-01 7.936340414221029205e-01 7.867405826864254381e-01 7.860921577770093593e-01 7.790492274903740855e-01 7.836847734368358465e-01 7.901894112597995790e-01 7.886066533199284079e-01 7.871479238584576654e-01 7.741833004698198684e-01 7.829523237118257706e-01 7.898063188223825026e-01 7.736123500388240037e-01 7.828925388265280949e-01 7.887152800936487740e-01 7.877599570605116064e-01 7.823100642039648722e-01 7.900030752628920405e-01 7.838816792366940511e-01 7.939706461477473720e-01 7.891948112701387963e-01 7.942357856331795363e-01 7.900056876683022589e-01 7.905083098983483048e-01 7.736589292021003317e-01 7.852086424802910969e-01 7.841317187396404931e-01 7.834406998834313463e-01 7.892977102029468117e-01 7.904315632399800950e-01 7.722217657508613220e-01 7.876032414764094769e-01 7.851953291380964206e-01 7.869926295691022089e-01 7.922884363572055832e-01 7.948178681278650348e-01 7.599070488368262488e-01 7.635690226421676385e-01 7.848307500921196667e-01 7.783679406935473111e-01 7.744685679926547328e-01 7.846040159300968764e-01 7.832567383587664134e-01 7.859132992373815130e-01 7.836928076472183813e-01 7.840081924932151836e-01 7.902336094302737646e-01 7.947130722860066276e-01 7.942972785931108337e-01 7.915966754217781398e-01 7.889468653577685897e-01 7.917362117183165404e-01 7.904048510849841502e-01 7.854260693029025964e-01 7.913620942481225384e-01 7.904684542592136376e-01
1.642359943023989285e-02 1.499422758413218038e-01 3.062632945551848063e-01 5.809489861093222185e-01 4.418544588782955529e-01 5.396676631072799823e-01 7.687272021016909873e-01 7.017603043923512640e-01 7.939047892388388927e-01 7.205957804936448108e-01 1.000000000000000000e+00 8.599855834998163528e-01 7.821802613018485895e-01 7.270459805490512295e-01 8.737283580037736863e-01 8.452610858003896110e-01 7.768538027708435934e-01 7.853723262562511964e-01 8.105308236476257422e-01 7.040181169095475200e-01 7.429179346991043875e-01 8.238836852710467173e-01 7.718910943451480211e-01 7.739833533531692566e-01 8.280152460667878911e-01 8.375889132240810220e-01 8.289045100420485701e-01 8.336224716799368606e-01 8.326981652690040869e-01 8.579698803397654006e-01 8.775902757320043213e-01 8.580741922255974430e-01 8.230568513099089101e-01 8.493995399743241581e-01 8.486188609747266076e-01 8.441495991651026820e-01 8.498339885012082817e-01 8.669358793987422818e-01 8.810991853853136213e-01 8.494388988384484751e-01 8.828302888620451760e-01 8.740079961267976927e-01 8.599424644256445927e-01 8.893977022672927557e-01 8.799960757224751795e-01 8.816803117230409548e-01 8.916122605934707623e-01 8.935766220138119387e-01 8.883355055194476213e-01 8.509675625506124552e-01 8.767196893100889232e-01 8.607751530466480894e-01 8.802325950247730235e-01 8.900530256275931418e-01 8.751216678198890930e-01 8.836675331410969170e-01 8.790715421435020271e-01 8.918549278956875437e-01 8.821650469812309936e-01 8.946439867938720258e-01 8.923446106954416868e-01 8.917821034824148230e-01 8.847881156433465843e-01 8.901046161903758414e-01 8.813144497461647964e-01 8.841417467041760014e-01 8.944626369901866880e-01 8.926030693335362809e-01 8.855172915312382598e-01 8.867560990930286602e-01 8.929198490729290949e-01 8.964711978260594405e-01 8.712699262266154765e-01 8.867678546254126326e-01 8.915614654379806492e-01 8.910604262238385198e-01 8.875151000019499969e-01 8.906055022257557408e-01 8.873935288989250880e-01 8.941659688796181893e-01 8.923647793469646761e-01 8.966460416830962510e-01 8.936457359741416528e-01 8.907698230589213839e-01 8.856455763236532608e-01 8.904081998734713066e-01 8.906137421261739462e-01 8.937286021687445015e-01 8.960092399680510411e-01 8.962343996658744816e-01 8.843486156766143802e-01 8.955852766917016261e-01 8.947760691265153055e-01 8.939545136585813623e-01 8.966591785042054008e-01 8.980961546443225751e-01 8.860179467151737542e-01 8.802369166202834716e-01 8.937453811789325409e-01 8.915846301865237855e-01 8.896149659139040988e-01 8.969466242973976877e-01 8.949356612180114912e-01 8.953815516430373433e-01 8.967341486184960964e-01 8.940313327813580457e-01 8.984055019624065386e-01 8.993132113461328458e-01 8.982034446973856667e-01 8.978404803630498643e-01 8.976092763738334757e-01 8.973756220688819951e-01 8.997628474693533107e-01 8.946958785630682032e-01 8.946910332385542564e-01 8.962080029944311521e-01
7.198206055102272100e-03 1.563646579050917418e-01 3.484824802608808558e-01 6.226667190916246319e-01 4.897674179669401773e-01 5.794327992060674948e-01 8.177284425527017175e-01 7.536446775368047524e-01 8.262699096355432538e-01 7.557589731513482123e-01 8.599855834998163528e-01 1.000000000000000000e+00 8.239418878192091844e-01 7.762597960314810974e-01 9.233913097852087803e-01 8.981489222349587909e-01 8.286523645110579483e-01 8.409605626281974056e-01 8.578540400784480102e-01 7.734504761830517383e-01 8.117846794985772441e-01 8.826273515215278254e-01 8.164805727917837652e-01 8.210727512030853159e-01 8.747861574411307517e-01 8.974702265008422941e-01 8.884946229890471336e-01 8.922435200027198920e-01 8.868530376981872410e-01 9.063724387690131890e-01 9.300460839770375854e-01 9.084924308412057892e-01 8.686609422125987079e-01 8.929641763524301945e-01 8.935110426928170035e-01 8.857911242603485613e-01 8.976961958360056837e-01 9.210348475290828230e-01 9.282132363653299301e-01 8.972542356130840391e-01 9.320609181767007811e-01 9.281744666445485015e-01 9.111370284909815487e-01 9.396221213742420586e-01 9.325411043450877457e-01 9.307224612393383278e-01 9.434548668592253051e-01 9.405524204173336678e-01 9.371862442695279016e-01 9.021213971962266376e-01 9.290325503929944828e-01 9.114306909282280378e-01 9.330713021940981733e-01 9.388614541504818334e-01 9.225219986107663361e-01 9.322047506657159532e-01 9.284727212411298947e-01 9.407943156929619022e-01 9.324740753267304338e-01 9.423808200142488323e-01 9.409538213213449742e-01 9.415988071232080925e-01 9.349779931763305685e-01 9.393560778879996853e-01 9.320029705421247757e-01 9.335306737942469235e-01 9.399774331052186405e-01 9.408160848578754898e-01 9.346968384492649884e-01 9.431313857671377310e-01 9.430831370508623301e-01 9.451517132382347697e-01 9.199952775215149980e-01 9.341017792334315173e-01 9.433947625020937533e-01 9.437854592636657491e-01 9.386621749536512294e-01 9.383285694921796871e-01 9.343889284001067885e-01 9.403381932370015184e-01 9.370315022406334737e-01 9.450337661627377095e-01 9.420283922385380704e-01 9.363874022934980390e-01 9.358427723389277642e-01 9.378086212119727261e-01 9.388638084939090467e-01 9.419635664194959679e-01 9.429866524664888283e-01 9.417800642332800898e-01 9.346174360368231238e-01 9.443494679766541999e-01 9.440927621764854116e-01 9.440290110719171679e-01 9.446755589921269625e-01 9.449356334637468713e-01 9.306456734491443950e-01 9.284689036911648596e-01 9.415347625129621978e-01 9.404911162145721537e-01 9.377985391436561846e-01 9.435108661690875254e-01 9.439732792356090307e-01 9.456120578480026184e-01 9.454628405221238152e-01 9.401472507592127936e-01 9.450873480074162281e-01 9.446972053625970478e-01 9.453838850386240278e-01 9.463942207408313489e-01 9.450499061221455666e-01 9.446419144261842815e-01 9.463444311324570313e-01 9.436090574318306556e-01 9.444653090126083894e-01 9.422077772885920632e-01
2.233092059244673119e-02 1.354633043407457160e-01 2.924932867642632828e-01 5.583800257941820000e-01 4.626577260745203257e-01 5.007402475767221972e-01 7.400601536503724764e-01 6.829675248308917368e-01 7.603326065350890506e-01 6.767999312164915127e-01 7.821802613018485895e-01 8.239418878192091844e-01 1.000000000000000000e+00 7.003704243811033070e-01 8.461207575770901546e-01 8.224538293331417060e-01 7.555172085538506277e-01 7.622213698286869343e-01 7.914454428927956142e-01 6.892724816582708192e-01 7.227911947864236186e-01 8.110130764787075730e-01 7.522025941892632739e-01 7.587141549710262334e-01 8.016660347881654491e-01 8.270984965465234540e-01 8.073714605211811390e-01 8.102416228801975207e-01 7.966946114032332771e-01 8.286699576370499809e-01 8.443043881992777777e-01 8.334730693504183163e-01 7.949902036566240948e-01 8.182318593176971522e-01 8.175284136290699166e-01 8.137421082361561142e-01 8.188540364080958422e-01 8.340443045893115581e-01 8.509629217684132607e-01 8.127339876716916933e-01 8.513139645562235458e-01 8.503038812229701815e-01 8.356784738803079149e-01 8.578586451271459357e-01 8.493779716372226174e-01 8.463460400122744254e-01 8.578956477172330342e-01 8.592394070437342490e-01 8.495979796904640224e-01 8.118623928363486453e-01 8.438266457682747079e-01 8.223997993071943124e-01 8.464279912548124951e-01 8.526338132685163940e-01 8.303663964111817064e-01 8.464199287586290366e-01 8.363793086886185391e-01 8.537621610507581948e-01 8.376748280095303034e-01 8.610724125685751407e-01 8.600602152134888545e-01 8.535612871199014240e-01 8.445389234199843775e-01 8.563816171340880024e-01 8.515098077022632550e-01 8.506483512266018732e-01 8.617997335638789558e-01 8.601865862429841636e-01 8.570023551081971114e-01 8.562777646149269950e-01 8.634328938225482863e-01 8.642870454615655396e-01 8.431265611310950758e-01 8.588064431164356138e-01 8.634398433173527954e-01 8.618649605542096914e-01 8.584159198041925176e-01 8.520110651134096269e-01 8.543821042140725686e-01 8.594157088431992886e-01 8.620744760249976490e-01 8.636268681406726877e-01 8.613816446044647579e-01 8.572016555009127625e-01 8.531306318660962784e-01 8.593964853715676533e-01 8.605487625188003031e-01 8.627392424901428880e-01 8.649193285130037934e-01 8.601341764768161147e-01 8.560607776747326536e-01 8.653512058599838186e-01 8.639384647769404735e-01 8.629558954678256955e-01 8.641267617836361215e-01 8.632051282119773683e-01 8.482679876046019807e-01 8.465330977821958758e-01 8.605027985128302914e-01 8.609471926870122527e-01 8.613740683540952459e-01 8.588812785940345140e-01 8.630473489504378870e-01 8.654195821617763906e-01 8.653220407095337796e-01 8.549891753978530184e-01 8.625199381565601398e-01 8.641514510655239345e-01 8.614021293273635971e-01 8.644968173478608797e-01 8.608280401333928689e-01 8.644089881179890522e-01 8.628787396636463658e-01 8.642777787206532558e-01 8.651309618383203892e-01 8.613417635454471144e-01
