1.000000000000000000e+00 1.432377830951876985e-01 7.407970724035024823e-02 5.959974582127780529e-02 4.503657351719677487e-02 1.087219984835993691e-02 1.637425763431642547e-02 3.795040795403084068e-03 1.170854893177371292e-01 3.157948010618354812e-02 1.053266973859329214e-02 2.637850151696002898e-02 4.362276999271593597e-02 3.269378217010939901e-03 -3.182564676338369997e-03 3.387265925700038739e-03 6.959364145597307649e-02 1.020063850009933770e-01 4.488563213351783043e-02 1.578408419277400332e-01 3.754773993325294379e-02 5.074528861544014974e-02 1.444684665814731650e-01 9.277995407417198581e-02 7.943586713644287811e-02 8.338991338661691510e-02 6.335437703438176471e-02 5.982666519480150935e-02 1.250306350706630598e-01 6.900418158241311550e-02 5.299121654356728217e-02 6.435417480617416919e-02 1.692888393842162734e-02 5.347162846926586943e-02 4.669404600389569920e-02 2.303310261706401768e-02 3.323001826863496849e-02 3.602807026451615435e-02 3.002186398526632619e-02 2.272929563681493764e-02 2.579372392437988618e-02 1.825364217112095469e-02 2.262321882634204390e-02 5.661574012003157096e-03 3.831582800340648659e-02 3.886318278148014321e-03 1.705938679778529546e-02 2.247303230705032309e-02 4.512067037763296123e-02 4.753573504517994569e-02 4.220697064234423673e-02 2.646989796814551085e-02 1.888791629745124184e-02 3.991223760055365860e-02 4.916096352821620191e-02 5.501428898303616088e-02 5.036611466010840893e-02 6.061461784487939645e-03 2.207005461869593343e-02 2.848103303841330314e-02 2.438145383231312552e-02 1.713899005431881312e-02 3.186667829136066027e-02 3.715453450303822514e-02 5.103221012881236501e-02 3.442289537063557281e-02 1.831905476586795714e-02 1.687112751281676440e-02 5.422926916781180273e-02 4.006564682774560460e-02 9.637131203588904585e-03 2.450458769590120947e-02 4.533525945566940080e-02 2.488793231370890063e-02 3.316192850022327970e-02 1.888423804437705869e-02 2.880117886973380947e-02 4.787952760904346655e-02 3.771553958329727091e-02 4.199379185923537289e-02 3.572002692452422301e-02 2.773780091757905436e-02 4.850607066264798345e-02 3.672604415776335729e-02 2.737261334280766123e-02 2.449431447663591097e-02 1.589909373134388432e-02 1.612990572972015924e-02 1.166930240951588940e-02 2.543548197650633350e-02 1.646372677218999742e-02 6.899249515900892846e-03 1.786055377893908461e-02 9.155265968670818141e-03 4.406438173932224894e-03 1.247071688686636481e-02 2.077910098495457450e-02 4.509056515275859656e-02 1.259904822286920210e-02 1.965194326506498196e-02 2.426562020458352190e-03 1.269628464456210200e-02 6.129106097187034946e-03 -2.536938609677423431e-04 2.073661528029251827e-02 2.846180041383660972e-02 2.582022802967457245e-02 1.599818580640774771e-02 1.600299360877042304e-02 1.088344909987802589e-02 3.793897734979026601e-04 1.054127474286445723e-02 8.513947077495044244e-03 1.839642814237602356e-02 2.513164486460198882e-02 2.115214417264481284e-02
1.432377830951876985e-01 1.000000000000000000e+00 1.193301303581632972e-01 1.432780680264607864e-01 1.235455636593369710e-01 8.167119038016348864e-02 1.391271802871152097e-01 1.357587907612773648e-01 1.969115499368978284e-01 1.862633316473696898e-01 1.496485095559147438e-01 1.630283793263650749e-01 1.504025824245573961e-01 1.355446902726911429e-01 1.580897450448436881e-01 1.573399282644530051e-01 2.114251972504428145e-01 1.594431300248425332e-01 1.362044182955068350e-01 2.169199966363378473e-01 1.203816841610332450e-01 1.180859779614436278e-01 1.634405706487844223e-01 1.415537232225195508e-01 1.227141950598271691e-01 1.965042080604560426e-01 1.785363777694643217e-01 1.660921106214087728e-01 2.156335128434310189e-01 1.618163417833998197e-01 1.830693607185227278e-01 1.684554078739802785e-01 1.062958291913356501e-01 1.502559339870840616e-01 1.444403517873905085e-01 1.457888676498645675e-01 1.457437625987143270e-01 1.552616256443597464e-01 1.583150058523118131e-01 1.254154653283295895e-01 1.664425558268434191e-01 1.548009548735007623e-01 1.426953431960887031e-01 1.535979551503224294e-01 1.651447488075470649e-01 1.420491327546825611e-01 1.697350019413493560e-01 1.859226192602198013e-01 1.786659155798885346e-01 1.569518753127337740e-01 1.649223211561901270e-01 1.417393135525341907e-01 1.633211403147717677e-01 1.864533117148395314e-01 1.853052144750222674e-01 1.779315314032273720e-01 1.904892446451041943e-01 1.697634275202194176e-01 1.770392047137112068e-01 1.813255047287327670e-01 1.742189085113226288e-01 1.804958226506669372e-01 1.846376831762341908e-01 1.781874147190868896e-01 1.860438662664647413e-01 1.862953929740908399e-01 1.747235618011928893e-01 1.636934157076954666e-01 1.829873158923831789e-01 1.784500342350739954e-01 1.499464059483867351e-01 1.634982584032092789e-01 1.728011463211698295e-01 1.505670832955203209e-01 1.833142737761575547e-01 1.706670381327136110e-01 1.731847385645824411e-01 1.930025363248557835e-01 1.778909078219329254e-01 1.842542814138237728e-01 1.774240031258307870e-01 1.813475059827094060e-01 1.794188505292310942e-01 1.702429730615965253e-01 1.599063738878056806e-01 1.670077805854785769e-01 1.653385150321284580e-01 1.629554112196596183e-01 1.631520269861877204e-01 1.755802850469072030e-01 1.561211918052861358e-01 1.623670211677822883e-01 1.662998405619510733e-01 1.634744703230137930e-01 1.669331188149961731e-01 1.740470432624534880e-01 1.515991591006888017e-01 1.721856218080503598e-01 1.631873724073324150e-01 1.619158711270414219e-01 1.573286370030888282e-01 1.668130606230093238e-01 1.627571689053283477e-01 1.584172439479123173e-01 1.693204101644044113e-01 1.762356083823845010e-01 1.720842945557260473e-01 1.766426887046675942e-01 1.754217029002012873e-01 1.679282285071119762e-01 1.671234986422384938e-01 1.717676802439634942e-01 1.711666846623744465e-01 1.706329347097449711e-01 1.770217408577357820e-01 1.779395954247438849e-01
7.407970724035024823e-02 1.193301303581632972e-01 1.000000000000000000e+00 3.354114925873847297e-01 2.023598848932869343e-01 2.564729386954511803e-01 3.627238947786178835e-01 3.448493286236429256e-01 3.654109818384152497e-01 3.617425226190483234e-01 3.908303821442294379e-01 4.127563875139381167e-01 3.598321358284339300e-01 3.860989401771733331e-01 4.107275035683091713e-01 3.950550513429532118e-01 3.823342462363568117e-01 3.900836588547982875e-01 3.981131001193076169e-01 3.231181262567533463e-01 3.719892427002144952e-01 4.007196161992740424e-01 3.974213704735614638e-01 3.838390710223752444e-01 3.961175689077710560e-01 4.284016253402995744e-01 4.260601625282905980e-01 4.260313760914727910e-01 3.988019807798987570e-01 4.047863363945672366e-01 4.177335175569326098e-01 4.251233879063928134e-01 4.028379437854632261e-01 4.152697528296384055e-01 4.034168141727237367e-01 4.017266052663446274e-01 4.173420663532089181e-01 4.108808011194395315e-01 4.206962583208377904e-01 4.123243402671252222e-01 4.234361581450549750e-01 4.258381473150297247e-01 4.173478876792392489e-01 4.160789873357107482e-01 4.261380782517465993e-01 4.077581357267708873e-01 4.156408394719763866e-01 4.141675970982530153e-01 4.154209258166261520e-01 4.063224548955254867e-01 4.104898784291394209e-01 4.025198949855306463e-01 4.167622997201610446e-01 4.225478652823371206e-01 4.141319586226895888e-01 4.227057883294808582e-01 4.139426813244923009e-01 4.156082164547440505e-01 4.129725474974366706e-01 4.161001306600742855e-01 4.148425253412183489e-01 4.149833863967427594e-01 4.132735723202240474e-01 4.135627418672627731e-01 4.054535562408317917e-01 4.157076373816405157e-01 4.156532652796916527e-01 4.221779815776506295e-01 4.300879673852804341e-01 4.150176449783621879e-01 4.206572513985858408e-01 4.255864154271316036e-01 4.197954823213824738e-01 4.198789810328690253e-01 4.234723585963320880e-01 4.189588553705571039e-01 4.216768842875766032e-01 4.168667994040833324e-01 4.199847635631943077e-01 4.169312872781255064e-01 4.171521565076520277e-01 4.107845595839351160e-01 4.228046766577684412e-01 4.244275376238362263e-01 4.194400097907944325e-01 4.218808460111072578e-01 4.192195950551869110e-01 4.210260880070391676e-01 4.184854654337356039e-01 4.215332662245530604e-01 4.263052678864645006e-01 4.178352459263023899e-01 4.199510950556156752e-01 4.205155477169112976e-01 4.109989373125439993e-01 4.156639339351875795e-01 4.181761601960684027e-01 4.098981525384272628e-01 4.143513902082269773e-01 4.181107231853222750e-01 4.172257648773649019e-01 4.123387863467573577e-01 4.136719864481359088e-01 4.158509995956379268e-01 4.160719392465873634e-01 4.153172565840064778e-01 4.179797607029352990e-01 4.163624718806007152e-01 4.155596094018513820e-01 4.143137613852989620e-01 4.128091581747407313e-01 4.138198557737857719e-01 4.129191732246922375e-01 4.117579004668416864e-01 4.112541651105877105e-01 4.131945207987960389e-01
5.959974582127780529e-02 1.432780680264607864e-01 3.354114925873847297e-01 1.000000000000000000e+00 3.579131113923314511e-01 3.924181386826917084e-01 5.718166604637577866e-01 5.597083958855572083e-01 5.468332941848067508e-01 5.126206908424209008e-01 5.956267119746375682e-01 6.314011553790193076e-01 5.558788218944782367e-01 5.581261869804150511e-01 6.247488181369881266e-01 6.176767600735654229e-01 5.728149334885053179e-01 5.426092976936366385e-01 5.854205885250957087e-01 5.473519986277766147e-01 6.006275781857062235e-01 5.975346063460735824e-01 5.280727307917431057e-01 5.170533676840504134e-01 5.194251219456008650e-01 6.240727863336633652e-01 6.292132031097029676e-01 6.275041046826708158e-01 5.818991574775538300e-01 5.843246597519611285e-01 6.147822612595325031e-01 6.173989535025804498e-01 6.200234208093207133e-01 6.168845900841418706e-01 5.994319064366772087e-01 5.951848167496448516e-01 6.101530961053919233e-01 6.301453861509186405e-01 6.287947419225184964e-01 6.163074313479266486e-01 6.227143048460319630e-01 6.348918263007362617e-01 6.107579355650553099e-01 6.290373555677233330e-01 6.325038857695730599e-01 6.131602764886789902e-01 6.227326334949179198e-01 6.153206052110471447e-01 6.185258613714483822e-01 6.320036754542444069e-01 6.353575087234722973e-01 6.060967884222799862e-01 6.136538834843877632e-01 6.114931402173900965e-01 6.131996574540806710e-01 6.228172646106483468e-01 6.090957140007680071e-01 6.234994884790063807e-01 6.224428403803082821e-01 6.203260068999082444e-01 6.157051731193824429e-01 6.120611585380457687e-01 6.189067947102145917e-01 6.180679010195823109e-01 6.248431890133245847e-01 6.203108796845406836e-01 6.216962797422845854e-01 6.177613778472221817e-01 6.249819635636013615e-01 6.409481888983284970e-01 6.375930047916255061e-01 6.287630560563401971e-01 6.101227584795557712e-01 6.184508389114192761e-01 6.250320041267344306e-01 6.291090927412003042e-01 6.336302596803996545e-01 6.224940833686711805e-01 6.223581912832094609e-01 6.139945490811944406e-01 6.256101047447157892e-01 6.202034455990784734e-01 6.368377835427915246e-01 6.295557757097599572e-01 6.428765084785628137e-01 6.320437264962551760e-01 6.277968404476793607e-01 6.316388918568617283e-01 6.217301629452458567e-01 6.292656525888153940e-01 6.372537604094604680e-01 6.240582193560766378e-01 6.268863059718314812e-01 6.295769255584229285e-01 6.241329953627733351e-01 6.228153822446217402e-01 6.333793110124830150e-01 6.248606081952307045e-01 6.211123820112970373e-01 6.286221366785075260e-01 6.220670152563717581e-01 6.303292416282814115e-01 6.242850672503498233e-01 6.274910398302144809e-01 6.314917591666787677e-01 6.232029936679194249e-01 6.267406506290704726e-01 6.234164504041241894e-01 6.247625634806872608e-01 6.241881602186803990e-01 6.287310305782890518e-01 6.213845146957135412e-01 6.221987542971709750e-01 6.249777421607471961e-01 6.261781768641505597e-01 6.243594479132664743e-01
4.503657351719677487e-02 1.235455636593369710e-01 2.023598848932869343e-01 3.579131113923314511e-01 1.000000000000000000e+00 3.384110369290382891e-01 4.930845617980024187e-01 5.029603585027617729e-01 4.747221543084899631e-01 4.602784618942014072e-01 4.863911715385484946e-01 5.139401857714099853e-01 4.961844474115273962e-01 4.624115609243906189e-01 5.204402779432972803e-01 5.302529998110830922e-01 4.713627044771221408e-01 4.190708853875966255e-01 4.566367770888173361e-01 4.201542275413597816e-01 4.373586700242622083e-01 4.408420020463042488e-01 4.267382103090902046e-01 3.883755574048483039e-01 4.032763803843896766e-01 5.090408252616773765e-01 4.950870469377594563e-01 5.062932772854330521e-01 4.765939314224380552e-01 4.911744444594414727e-01 5.083272721358251811e-01 4.918040756509331479e-01 4.682754657321140379e-01 4.806644653703602832e-01 4.937382320425529603e-01 4.968539651749388497e-01 4.972241888901070550e-01 5.064669756315859361e-01 5.094213685122465085e-01 4.874636222922353879e-01 5.140904165734642151e-01 5.165892975908722429e-01 5.094666129989270376e-01 5.231700164898608341e-01 5.086906390567830227e-01 5.131027891918048534e-01 5.226834863940049702e-01 5.202285253118220654e-01 5.127087260696010507e-01 5.117941003908678121e-01 5.199482928036643914e-01 5.074093438420200775e-01 5.122697679347264499e-01 5.064283889745072598e-01 5.050744907233056802e-01 5.248942209286339144e-01 5.080196337836022646e-01 5.129235475112184917e-01 5.131158229755620193e-01 5.275617138439621101e-01 5.168372398240792531e-01 5.101190365248398084e-01 5.037167822878493295e-01 5.205927847112449269e-01 5.227705247375906694e-01 5.179057159778065467e-01 5.170898217842587741e-01 5.103853096009410839e-01 5.038324791041743911e-01 5.240633949991939655e-01 5.065212093029651808e-01 5.144640196740432048e-01 5.016512093740941314e-01 5.009953515376002198e-01 5.210556132641951388e-01 5.202788060884890875e-01 5.195039073764834425e-01 5.138571807862047924e-01 5.149366470552391162e-01 5.185533208942432193e-01 5.163325466592971758e-01 5.202659311959860755e-01 5.150251979891987686e-01 5.160505819667816629e-01 5.078879686950480421e-01 5.152680555193724921e-01 5.134686829064900593e-01 5.177110107077741441e-01 5.176526268717924761e-01 5.180335425908736413e-01 5.119396407456925369e-01 5.230778616036150241e-01 5.183380990380765940e-01 5.211532159807032993e-01 5.216139169722674440e-01 5.216954507255243678e-01 5.095901158406769271e-01 5.130293878185661072e-01 5.184842554906163858e-01 5.196307529857394636e-01 5.250045476955749191e-01 5.173100341090893783e-01 5.265521600374364342e-01 5.217699711697296738e-01 5.230817173763523398e-01 5.117037392473955393e-01 5.157570602632326473e-01 5.250294480087005500e-01 5.217076270265283977e-01 5.214691860528374301e-01 5.212109176166900282e-01 5.237024022578489202e-01 5.163331275121909592e-01 5.219210417880112418e-01 5.241636746308219186e-01 5.201710941452735160e-01
1.087219984835993691e-02 8.167119038016348864e-02 2.564729386954511803e-01 3.924181386826917084e-01 3.384110369290382891e-01 1.000000000000000000e+00 5.290142285821962664e-01 5.010775267555046542e-01 5.415739440549049988e-01 4.973736712571176222e-01 5.740005995778661996e-01 5.862451678817980349e-01 5.541489588207101358e-01 5.637011710144658183e-01 5.981671715862684202e-01 5.902504460173840783e-01 5.527403374275655645e-01 4.908412844291118460e-01 5.387278492150628928e-01 4.209088738786472272e-01 4.659858594259135844e-01 5.113626350724129743e-01 5.173886772526479216e-01 4.919819919190023816e-01 4.976306622982845096e-01 5.872454822720141188e-01 5.961142650439167356e-01 5.922369024314265706e-01 5.555849828499341836e-01 5.960468268289652594e-01 6.064908358702580937e-01 5.940612750682350285e-01 6.040300086439401861e-01 5.895051109069743278e-01 6.113807940899554927e-01 5.969072837168869494e-01 6.017782971560500238e-01 5.948934194013407728e-01 6.160369194905043200e-01 5.948547829636485762e-01 6.067433042076678662e-01 6.024410711091912063e-01 5.846698060199509994e-01 6.151226443514111741e-01 6.021378798750516292e-01 6.181550526213724917e-01 6.237821455738251641e-01 6.175686890734475298e-01 6.013507932988146898e-01 5.951141156605217475e-01 5.892177829551318302e-01 5.718793689174778150e-01 6.100965098979577172e-01 5.997881231517302458e-01 5.892183157050830955e-01 6.055334661164468724e-01 5.917639299742740722e-01 6.081540315028944876e-01 6.005113109330146859e-01 6.147933887577540224e-01 6.054028742028080279e-01 6.092306326449636877e-01 5.914092420084258173e-01 6.045584036517297477e-01 6.071636452144527629e-01 6.046233824786231281e-01 6.230463444665162998e-01 6.146939929599415375e-01 6.141123321805950219e-01 5.988077664409409140e-01 6.026741099396416557e-01 6.162357534087357092e-01 6.053880777389731849e-01 6.061867373811099524e-01 6.179583040590417298e-01 6.197874480177562040e-01 6.214751627152587110e-01 6.123023935658363781e-01 6.173600753532197949e-01 6.134532178774283473e-01 6.168171782580316176e-01 6.168686790333754999e-01 6.172855612295687910e-01 6.248820932616259149e-01 6.194384573179713138e-01 6.248580054501755576e-01 6.251938765914809570e-01 6.259317778091495477e-01 6.205441165950407179e-01 6.111152857177539754e-01 6.230807561019766627e-01 6.224993212400122822e-01 6.197006775090579955e-01 6.218570926516401309e-01 6.245930364308219795e-01 6.220963827523569023e-01 6.127704979999059054e-01 6.031124176986445429e-01 6.174829774077875699e-01 6.239414431117521476e-01 6.185455666125745378e-01 6.173785964428644135e-01 6.155536702004735794e-01 6.203614322838720829e-01 6.147954007933880138e-01 6.014267167443191342e-01 6.157167628095028267e-01 6.204170482208268833e-01 6.182183291118434898e-01 6.200265508848460394e-01 6.206649811389933769e-01 6.215309775202135789e-01 6.175912011773377897e-01 6.188736564353349845e-01 6.207217399008642111e-01 6.132647698960969063e-01
1.637425763431642547e-02 1.391271802871152097e-01 3.627238947786178835e-01 5.718166604637577866e-01 4.930845617980024187e-01 5.290142285821962664e-01 1.000000000000000000e+00 7.485915967068191845e-01 7.262145556902659393e-01 6.709083199444630941e-01 7.601167029876273462e-01 8.001040686730331863e-01 7.457146466637741833e-01 7.314273544556412210e-01 8.623064315775418320e-01 8.232994347205394581e-01 7.490341028938486412e-01 7.096855046690141444e-01 7.445399932315321934e-01 6.674099829576801701e-01 7.375314709948954661e-01 7.418721174992486400e-01 7.016537627665943022e-01 6.869418836701950415e-01 6.895787931541195181e-01 8.093598784195980000e-01 7.941736289441141405e-01 7.909953766122052032e-01 7.517130419145640063e-01 7.557891425963711995e-01 7.992203492938239062e-01 8.185504989030977230e-01 7.723135027897539695e-01 7.968551929000349254e-01 7.817846162943141719e-01 7.861727693018809582e-01 7.804461587505886477e-01 8.211512762511489205e-01 8.160992488293132840e-01 8.110653053306323690e-01 8.225124397540806154e-01 8.291662916786919357e-01 8.057218872892868422e-01 8.250257454682663472e-01 8.184853979959038073e-01 8.156057860654871705e-01 8.296121201717429061e-01 8.252696823850619312e-01 8.190706924776482989e-01 8.157958093087402940e-01 8.237312292837201122e-01 7.860893819104955993e-01 8.091569757927461470e-01 8.102785106859032860e-01 8.073518688019326595e-01 8.337589468926673852e-01 8.008988975845920955e-01 8.254557865461552568e-01 8.271674654324491227e-01 8.248456233459351417e-01 8.164212819394007781e-01 8.157211352243249891e-01 8.087263360410933410e-01 8.134963536388756244e-01 8.129446331203329379e-01 8.114576969508052739e-01 8.269946280527352700e-01 8.279296596828604748e-01 8.243322085380065944e-01 8.355721535639247799e-01 8.269509451324223992e-01 8.265708021184732246e-01 8.187871720438874013e-01 8.137435485379818090e-01 8.293447957574670015e-01 8.279461549013006350e-01 8.319655349119425836e-01 8.121911642941050946e-01 8.261696284940986956e-01 8.156168254846850596e-01 8.172031907732080214e-01 8.208594510664927180e-01 8.312320008527075421e-01 8.235187287245212540e-01 8.321904673537215968e-01 8.313484166805867881e-01 8.238431586057273215e-01 8.386558953999612154e-01 8.268854726440962866e-01 8.337570368507355445e-01 8.388213178938457304e-01 8.358801955592829458e-01 8.281427200722077941e-01 8.339266729037562165e-01 8.299558933845294639e-01 8.300067447429110290e-01 8.270020799430612968e-01 8.126657567457036269e-01 8.251562371227468828e-01 8.360442522486842831e-01 8.325578051026902848e-01 8.297461807206983897e-01 8.258285253357967592e-01 8.298816831928493842e-01 8.244197107701018989e-01 8.150044002173205682e-01 8.245091890748663666e-01 8.328249347924366885e-01 8.330186223148232649e-01 8.302840100325434847e-01 8.380467677206161481e-01 8.257778834479850838e-01 8.261832839045986088e-01 8.244462923792411635e-01 8.239132587416198028e-01 8.187059622358271449e-01
3.795040795403084068e-03 1.357587907612773648e-01 3.448493286236429256e-01 5.597083958855572083e-01 5.029603585027617729e-01 5.010775267555046542e-01 7.485915967068191845e-01 1.000000000000000000e+00 7.084120563622425815e-01 6.795301239173047181e-01 7.295600892999790643e-01 7.870988037722639330e-01 7.421831647061634119e-01 7.138620292820221369e-01 8.126759710769935197e-01 8.132767138520731187e-01 7.248703095365679472e-01 6.595278554797759929e-01 7.104438971819022619e-01 6.567043583414677865e-01 7.025184186893218552e-01 7.111929141113504382e-01 6.490397310136601927e-01 6.181046325472968617e-01 6.332729862561926604e-01 7.829085656655603298e-01 7.626250955820621513e-01 7.760539135420807533e-01 7.151121384677979753e-01 7.462554129770020417e-01 7.732127561818297190e-01 7.897097586664799662e-01 7.600883135126323964e-01 7.729399833955515886e-01 7.642142249602796866e-01 7.819030731630883801e-01 7.663478394949465589e-01 8.101480328091984484e-01 8.045776336763427183e-01 7.985492381901696524e-01 7.989206932116384996e-01 8.052598861484583370e-01 7.975899151143848176e-01 8.058102914593396893e-01 7.945123256314109428e-01 7.969404212997057702e-01 8.089049740115086262e-01 7.991357872787894223e-01 8.042813317517145677e-01 8.065844903844643365e-01 8.119285756265343101e-01 7.746400502554696699e-01 7.906228414999814103e-01 7.842351278932138126e-01 7.795183208807654474e-01 8.047541198673916485e-01 7.811610590223490025e-01 8.007766145381266520e-01 8.019843947815201712e-01 8.043037742850778216e-01 7.998479449470426994e-01 7.932511963832966639e-01 7.887765902361676407e-01 8.029005778097620949e-01 7.926480109872966473e-01 7.924436896740865155e-01 8.017237842539868264e-01 7.931030607205763472e-01 7.900384574153890282e-01 8.050280852943231258e-01 7.957926981634013686e-01 7.981881340158304416e-01 7.765286385064509300e-01 7.755153566290224898e-01 8.008104921203029747e-01 8.014588125262070983e-01 7.996729648784854927e-01 7.838849994877170602e-01 7.929659767287989824e-01 7.894314117433474109e-01 7.913729728163833022e-01 7.939400512712012636e-01 8.062048208190181198e-01 7.996338199019237258e-01 8.104926932121085947e-01 8.077342651176053767e-01 8.017811041500217950e-01 8.159336585687337884e-01 8.052866636973906589e-01 8.053849282288311207e-01 8.119353872646007941e-01 8.118565375708028942e-01 8.045551954461411803e-01 8.088423318925281880e-01 8.065287309605870814e-01 8.047043403059699340e-01 8.131450138043170295e-01 7.978524318641628810e-01 8.086384498738551363e-01 8.176908877237695217e-01 8.117449705097260493e-01 8.096578627670186767e-01 8.058532622488926433e-01 8.116568504552047481e-01 8.068842555053088450e-01 7.945350530339860828e-01 8.049311993762653383e-01 8.057460234653983644e-01 8.070558924656255906e-01 8.105378652999423172e-01 8.140333762497019565e-01 8.032573796876288919e-01 8.036797241128048608e-01 8.066649713429479007e-01 8.017191300594184167e-01 7.987695979649317435e-01
1.170854893177371292e-01 1.969115499368978284e-01 3.654109818384152497e-01 5.468332941848067508e-01 4.747221543084899631e-01 5.415739440549049988e-01 7.262145556902659393e-01 7.084120563622425815e-01 1.000000000000000000e+00 7.704025547300026311e-01 8.052214123009485691e-01 8.375830875498020411e-01 7.732690126414039078e-01 7.709168861046741261e-01 8.401201368793592694e-01 8.411891997438070145e-01 8.380110210870914678e-01 7.359016462553695792e-01 7.731042960530742914e-01 7.042489536523937055e-01 7.189278876728126821e-01 7.535408790486584074e-01 7.587053345501266755e-01 7.030097428860875297e-01 7.161568883610691660e-01 8.575691653878444454e-01 8.439990713316922744e-01 8.477666079872462346e-01 8.318134105989398730e-01 8.429204382714927668e-01 8.757719882861415561e-01 8.409877597233923474e-01 7.883093253613374651e-01 8.156766438714427858e-01 8.364609216176364104e-01 8.326989466077382440e-01 8.419669871028820918e-01 8.543443849215489605e-01 8.620793741974545066e-01 8.014038107395908828e-01 8.762079275082427232e-01 8.633699371653265064e-01 8.455836806349116275e-01 8.646586153958729648e-01 8.683295770703187699e-01 8.575191728780482414e-01 8.764065426681300064e-01 8.891233768206223687e-01 8.728908062422771064e-01 8.450950148386396910e-01 8.696871193881939854e-01 8.320009278021012200e-01 8.679291013179988301e-01 8.852327343270407489e-01 8.666896507924828352e-01 8.757672709294701541e-01 8.717004449891718743e-01 8.761554078698636783e-01 8.739409287235401225e-01 8.853973172317910478e-01 8.810070677827125385e-01 8.768174903284987609e-01 8.669688365303181987e-01 8.807509851637844722e-01 8.829126041961142812e-01 8.849819590970947614e-01 8.849923117756952617e-01 8.696508081815507163e-01 8.734846379206324674e-01 8.732813977517541737e-01 8.581938671830245946e-01 8.756846920511637267e-01 8.579380826187968934e-01 8.560151448034352129e-01 8.837662763824459811e-01 8.807504895792471755e-01 8.783697407017738712e-01 8.835740493128309003e-01 8.773048521802011557e-01 8.879794467628404631e-01 8.871723665038883100e-01 8.874278531353848587e-01 8.800645780316288525e-01 8.806110307670469428e-01 8.644280214080201086e-01 8.753851036774157324e-01 8.786392846025373737e-01 8.779277368285645089e-01 8.810446234903388518e-01 8.784462053331493214e-01 8.646094182453144539e-01 8.784678686153408744e-01 8.804172316314032853e-01 8.786453587740350457e-01 8.809970233108113113e-01 8.852818907196510212e-01 8.574756827100193934e-01 8.725914055663582802e-01 8.766412847285038890e-01 8.775635229476825838e-01 8.716176634460293116e-01 8.765391424047661584e-01 8.779050076427871163e-01 8.788533231662590817e-01 8.800265260991967375e-01 8.737752750003165980e-01 8.775192097172133110e-01 8.839275115919151826e-01 8.791957614379967145e-01 8.814699525783868950e-01 8.783150936300273548e-01 8.854878025147987497e-01 8.803493892635290141e-01 8.831644007233397931e-01 8.861543132873848094e-01 8.854137494830653932e-01
3.157948010618354812e-02 1.862633316473696898e-01 3.617425226190483234e-01 5.126206908424209008e-01 4.602784618942014072e-01 4.973736712571176222e-01 6.709083199444630941e-01 6.795301239173047181e-01 7.704025547300026311e-01 1.000000000000000000e+00 7.570395436753925011e-01 7.913589291699337780e-01 7.333686027864909640e-01 7.253623684753001122e-01 7.943418168186637818e-01 7.974368451897856369e-01 7.763243403988770996e-01 6.691581079528007292e-01 7.251299071821283304e-01 6.192063176917539380e-01 6.575991567695801399e-01 6.971082827931872616e-01 6.812681051573429292e-01 6.471437299791166220e-01 6.657039265030062491e-01 8.045568043115970402e-01 7.878318145680144324e-01 7.811921387715585752e-01 7.614051798409469107e-01 7.742838082719434301e-01 8.147387519334173822e-01 7.881669652182049512e-01 7.336390634946468037e-01 7.674609820662258164e-01 7.799037528654093610e-01 7.785624874801693185e-01 7.784867187995927473e-01 8.060607834651634107e-01 8.079966625382222212e-01 7.628093075567977666e-01 8.284928232551771465e-01 8.207570365552135927e-01 8.053438422691236998e-01 8.190443096376679444e-01 8.128684712034121018e-01 8.115940758325251858e-01 8.265562416568472681e-01 8.358622559706836430e-01 8.162778802432193448e-01 7.873376334398740628e-01 8.191021815561817521e-01 7.789412846084767805e-01 8.106284595286274985e-01 8.291894705189897241e-01 8.096102544770034104e-01 8.237625371503728422e-01 8.095005502427863320e-01 8.318658019414520988e-01 8.265094067854509285e-01 8.326136230359791890e-01 8.266585607202551200e-01 8.231322429729146517e-01 8.099747256218507996e-01 8.265241963265064218e-01 8.220140465148408904e-01 8.275786241880950245e-01 8.321935324975227033e-01 8.203729688399323816e-01 8.164889011205288538e-01 8.103213849174901728e-01 8.049279256494880075e-01 8.225332511374500166e-01 8.035738031996622066e-01 8.015786431797701228e-01 8.289385872936205768e-01 8.290300470424433188e-01 8.236890239993975849e-01 8.237998502717585048e-01 8.206403309378402788e-01 8.297536741078955780e-01 8.295341244831215821e-01 8.308462798085551881e-01 8.230299324962326857e-01 8.233247921747439690e-01 8.101762054126152579e-01 8.233100558325534557e-01 8.252695699006974417e-01 8.267295586107613614e-01 8.303028199429476341e-01 8.287085994718125237e-01 8.154022503104809694e-01 8.296481680531667680e-01 8.285969182966435032e-01 8.284532916083895415e-01 8.312805379196930300e-01 8.334656242241764712e-01 8.050746869155864793e-01 8.088419388649715769e-01 8.247268106089390427e-01 8.245860672413782844e-01 8.275107979906930478e-01 8.215840991089055079e-01 8.267940323364267874e-01 8.293802993884941133e-01 8.257634268386987442e-01 8.171271510545082828e-01 8.217034270348093639e-01 8.344057166706000395e-01 8.282846047153321623e-01 8.304191183941426191e-01 8.303540301616112451e-01 8.316629490920411927e-01 8.281931631746434208e-01 8.295676671205445274e-01 8.300735963094406644e-01 8.293835072171129585e-01
1.053266973859329214e-02 1.496485095559147438e-01 3.908303821442294379e-01 5.956267119746375682e-01 4.863911715385484946e-01 5.740005995778661996e-01 7.601167029876273462e-01 7.295600892999790643e-01 8.052214123009485691e-01 7.570395436753925011e-01 1.000000000000000000e+00 8.716817858223844251e-01 7.937052289079159495e-01 8.079731940734348195e-01 8.743920412404698750e-01 8.641196778827378022e-01 8.166601929026519047e-01 7.298202418087319510e-01 7.964006875356808290e-01 6.723376825374302035e-01 7.421056753071088030e-01 7.749153866685976055e-01 7.433486122412988895e-01 7.159704440530503256e-01 7.295739574796324955e-01 8.645485671397824534e-01 8.647400560387101809e-01 8.594072296414431156e-01 8.193191833363577814e-01 8.440643673994474572e-01 8.797189544008315876e-01 8.517115022505441502e-01 8.257657226591568200e-01 8.315714141500568646e-01 8.549956626254320291e-01 8.461383750824680305e-01 8.550940478336183093e-01 8.735146034304835938e-01 8.810254367669128062e-01 8.381977820850167182e-01 8.931830210061527664e-01 8.924894098008284704e-01 8.712824001670352869e-01 8.929418993834881135e-01 8.848829565271500996e-01 8.877127428957010125e-01 8.965759418156049598e-01 8.991022829155299601e-01 8.816325630136355729e-01 8.587047149032478455e-01 8.782547970387838410e-01 8.444997553983143446e-01 8.846236429381968414e-01 8.889176405482802634e-01 8.725825568804498333e-01 8.884669647899198219e-01 8.683009603490547956e-01 8.963970552721395313e-01 8.910443428557618395e-01 8.967751788979065886e-01 8.895991255414833487e-01 8.868074730228530100e-01 8.749077428766360853e-01 8.854791867747733303e-01 8.813034706844757871e-01 8.857844994112769044e-01 8.999296217939879439e-01 8.922708436992665693e-01 8.860465156831998090e-01 8.864173860923710846e-01 8.860393243156284848e-01 8.972227077251675453e-01 8.731149477658998181e-01 8.815592239681119269e-01 9.026013478582415317e-01 9.033717440673707522e-01 8.999008723465037329e-01 8.898566080260671418e-01 8.963929455694581439e-01 8.952985797835590898e-01 8.988735392915030431e-01 9.035005293267446280e-01 8.890474078206351827e-01 8.966340734304646398e-01 8.903460110747968281e-01 8.964041459739434670e-01 9.005636161861111377e-01 9.014013708912907985e-01 9.015331256522532977e-01 8.956387638942348017e-01 8.962644318821089140e-01 9.043998134680781842e-01 9.017439566855480759e-01 9.048268589702573861e-01 9.039144503166993694e-01 9.025249024651390561e-01 8.852850495507103012e-01 8.784721118952732999e-01 8.977477595957233936e-01 8.988265564788220363e-01 9.000181313998447674e-01 8.967881562853496913e-01 9.008966260754983635e-01 9.044044453631476799e-01 8.975419252865477482e-01 8.845704348093837988e-01 8.931868097427804187e-01 9.030867370614159562e-01 8.985359651477147214e-01 9.007809705700353664e-01 9.018223996604862736e-01 9.021472015875141581e-01 8.991776722365161234e-01 8.985769538036897375e-01 8.974982317274816657e-01 8.967766101178837879e-01
2.637850151696002898e-02 1.630283793263650749e-01 4.127563875139381167e-01 6.314011553790193076e-01 5.139401857714099853e-01 5.862451678817980349e-01 8.001040686730331863e-01 7.870988037722639330e-01 8.375830875498020411e-01 7.913589291699337780e-01 8.716817858223844251e-01 1.000000000000000000e+00 8.401614760408515625e-01 8.382249423836495295e-01 9.128180809714208088e-01 9.101670496227250995e-01 8.604281261197623820e-01 7.729183784450172068e-01 8.399981499745958757e-01 7.240080986074021174e-01 7.972336578876006996e-01 8.294719051228799378e-01 7.728252991218045320e-01 7.435946515562201764e-01 7.668331116149089688e-01 9.062683043361374757e-01 9.009997931416675598e-01 8.961069823697249692e-01 8.545192310923959145e-01 8.749942396226680907e-01 9.140148102578689038e-01 8.989120342675699371e-01 8.523935596306311258e-01 8.759596384774022138e-01 8.837884078777719088e-01 8.885097911417504379e-01 8.906794932107335860e-01 9.164833708726518591e-01 9.207087168703932401e-01 8.839333827623834239e-01 9.265263862039078147e-01 9.279209729454809263e-01 9.118126872634295665e-01 9.306807528827739651e-01 9.230815555558223862e-01 9.221166254326838008e-01 9.380700523837507410e-01 9.362080155883766297e-01 9.310965461057475467e-01 9.115700809175881769e-01 9.288371772997272569e-01 8.930671234534803826e-01 9.252789038986359849e-01 9.273873964221491795e-01 9.174556322600326830e-01 9.307774312359460289e-01 9.231183545828147707e-01 9.355187981697248301e-01 9.347017244929174407e-01 9.407438422047199600e-01 9.345796280079617935e-01 9.332755372868660748e-01 9.252910252330994734e-01 9.359877389437892825e-01 9.287218079567435280e-01 9.333303327667975546e-01 9.398282988457271614e-01 9.308559526744941692e-01 9.250316235407318732e-01 9.293280346322069230e-01 9.302826657484877249e-01 9.371327495682346687e-01 9.121722995180021609e-01 9.176705103416650244e-01 9.397215404934780025e-01 9.403512541794160073e-01 9.382104669381871043e-01 9.308273439560309503e-01 9.336738280096127385e-01 9.334120546776830674e-01 9.346547345232402160e-01 9.392199110867411882e-01 9.352952483268225370e-01 9.333423609522375486e-01 9.296673830988466669e-01 9.361080315141270258e-01 9.354830104808014024e-01 9.401612081105381602e-01 9.387195201873010930e-01 9.377594232861931056e-01 9.344351003722313198e-01 9.413667286989724214e-01 9.404258983181201792e-01 9.402090611943018095e-01 9.411579159064572542e-01 9.417010000909514789e-01 9.270970155520563694e-01 9.264606875392865648e-01 9.386746077485106365e-01 9.399601270953281684e-01 9.384455711301610270e-01 9.385230363052903257e-01 9.390468110776495347e-01 9.415504083579588901e-01 9.401453762015193893e-01 9.304280121156167649e-01 9.379237185501445584e-01 9.407893979155207420e-01 9.376072055316266862e-01 9.418074217909921941e-01 9.412987374362474791e-01 9.421242043375799291e-01 9.396945670614718082e-01 9.410370250630915034e-01 9.404953261942596843e-01 9.393336958324014496e-01
4.362276999271593597e-02 1.504025824245573961e-01 3.598321358284339300e-01 5.558788218944782367e-01 4.961844474115273962e-01 5.541489588207101358e-01 7.457146466637741833e-01 7.421831647061634119e-01 7.732690126414039078e-01 7.333686027864909640e-01 7.937052289079159495e-01 8.401614760408515625e-01 1.000000000000000000e+00 7.679452602604468492e-01 8.461435821326889206e-01 8.569827283429705123e-01 7.849084495654339300e-01 7.182085402138028707e-01 7.643494628137875724e-01 6.826634782561313841e-01 7.242888749109241964e-01 7.416237803017757813e-01 7.221335361146142828e-01 6.876457326095517519e-01 7.064576876021380070e-01 8.338770590253706816e-01 8.191663336196950418e-01 8.220074667971637439e-01 7.888190190219489528e-01 8.113651185430785784e-01 8.406359146177579955e-01 8.247305011499097560e-01 7.786511389737456046e-01 7.954575991748183972e-01 8.159181615493926731e-01 8.109117222823355453e-01 8.172290230985976844e-01 8.314685651412547784e-01 8.441157585537389929e-01 8.080932674199455823e-01 8.536848300244122001e-01 8.518500836610423121e-01 8.416544161901059473e-01 8.596323850763342156e-01 8.464770564512243967e-01 8.475708764321219224e-01 8.636062831755607627e-01 8.665827038407812877e-01 8.598340092735399232e-01 8.332683849503295104e-01 8.472252514998036554e-01 8.237318377317532914e-01 8.570197364318159483e-01 8.605811088985184654e-01 8.476414472038403813e-01 8.584889129610575598e-01 8.541820077343772466e-01 8.613593537985346771e-01 8.572291088770209733e-01 8.736952252755729731e-01 8.667835635921632420e-01 8.622737513792306796e-01 8.491387758666568697e-01 8.651153953364384419e-01 8.572837322760447076e-01 8.631774442784357904e-01 8.657516781526249927e-01 8.602828380518391382e-01 8.532434565677768923e-01 8.588056385562520267e-01 8.529104524859660863e-01 8.625496987818744854e-01 8.454415954136006439e-01 8.450367319379191722e-01 8.693723710797569559e-01 8.646553090673160247e-01 8.642680930549367924e-01 8.583520336979868492e-01 8.633506715814057708e-01 8.622222851905392282e-01 8.604526394247316023e-01 8.627218098596660667e-01 8.580815087339880298e-01 8.597498722779619573e-01 8.514483643657071443e-01 8.611442888287152986e-01 8.571191672810014595e-01 8.656561185983081552e-01 8.636872990728148292e-01 8.644121834562283890e-01 8.584233354955776996e-01 8.682797437388765083e-01 8.663412979988159845e-01 8.654636278600966737e-01 8.684130065730071291e-01 8.698603686338932661e-01 8.538624741980546107e-01 8.564792367285840591e-01 8.694843345325605766e-01 8.667952270589134312e-01 8.691854521680157930e-01 8.662625835782997719e-01 8.669415553438002409e-01 8.682482504615934849e-01 8.646175737183309229e-01 8.609488604345886253e-01 8.660280510250797370e-01 8.699483191226065060e-01 8.675526082306109776e-01 8.706943180551833805e-01 8.673562406585062501e-01 8.716375621457147505e-01 8.680820475536830116e-01 8.688416502129444607e-01 8.651514395167149152e-01 8.672221181696793124e-01
