1.000000000000000000e+00 2.403215805979326547e-01 1.257582161541308252e-01 7.278336225269249615e-02 3.504656453968971880e-02 -8.372330840230592444e-03 8.723921957700253582e-02 2.564047591786770830e-02 2.052168401056849723e-01 8.833003149134255327e-02 5.699119020345129460e-02 6.396216159853360117e-02 5.786018167120796085e-02 1.384233596092715110e-02 3.966584128754804817e-02 5.480098566874003901e-02 1.794929889785288890e-01 2.618480661190659975e-02 1.816735221480430748e-02 6.953857550021758094e-02 1.257249765049861003e-02 6.691185242083964868e-02 1.269242150423669224e-01 2.741587020361577892e-02 3.360803676009570251e-02 1.407275842427397894e-01 1.257481948923800663e-01 1.164447836343614207e-01 1.215899332664357041e-01 1.438519589056234671e-01 9.717322146474607902e-02 4.054770815715207088e-02 5.075420194388406692e-02 8.473403568747955861e-02 8.581596154304126089e-02 4.360664158691427567e-02 6.428328775798383687e-02 3.631225094626718691e-02 4.555770332181048599e-02 4.443955721350150052e-03 3.726788490658914516e-02 1.330046298181738335e-02 -3.909894199671311299e-02 3.340998252588723433e-02 3.181158838546698647e-02 3.527554133600871444e-02 7.395237957413430471e-03 4.310622083589193965e-02 6.019007967274895426e-02 8.536496482478436731e-02 4.254277862176639169e-02 1.635517712959040637e-02 4.694101448364708384e-02 8.048415003597736428e-02 6.855231572776573912e-02 3.176919055316982515e-02 1.338254383146948445e-01 2.147135008324261782e-02 5.183815850466154396e-02 7.790780737847699533e-02 3.545234152093623692e-02 7.025182573839122702e-02 7.781763201321759138e-02 7.882453294310985681e-02 1.058403986517752055e-01 1.010344933953451346e-01 5.238789010743703095e-02 1.555479586552112325e-02 3.785383431272448806e-02 2.722150676070832220e-02 -1.165619296190187511e-03 3.936384144110037508e-02 1.594863141955804586e-02 2.427426059402808256e-02 6.354042546974297823e-02 5.082713867498573485e-02 4.948970133232193092e-02 5.059679185011745073e-02 5.985977067016082231e-02 6.748807713079309212e-02 5.697289369334706394e-02 5.079853530123982358e-02 6.880368964551632216e-02 3.920690174604223727e-02 2.630930817939033245e-02 4.022157516312317715e-02 3.157302745479102779e-02 2.142346200074225077e-02 2.632227197846300631e-02 2.786666081638878092e-02 1.544553812240893192e-02 6.974148052943972449e-03 2.127255961538275161e-02 1.490092067510166533e-02 1.206030090119694295e-02 2.319704143281317230e-02 1.990689604686023823e-02 9.768234180548575341e-02 1.719488567637654855e-02 2.342971477228587840e-02 -7.924438558959969250e-03 4.027296790514605512e-02 3.356098019554604878e-02 1.046623257770458622e-02 2.791412309761381882e-02 6.950191064723651446e-02 4.906784159800298833e-02 3.434661983269224339e-02 3.064088364446861806e-02 3.260703232635393106e-02 2.008584506396586186e-02 3.587527177069952528e-02 3.542299051934782311e-02 5.266449041955558602e-02 6.020900231334559011e-02 6.433742167760025943e-02
2.403215805979326547e-01 1.000000000000000000e+00 1.041225937133813395e-01 1.113058726899358725e-01 4.889116921101994973e-02 8.873056192684616872e-02 1.679695740013240901e-01 1.162870205888579950e-01 2.110214526164767290e-01 1.949495252361042874e-01 1.195519295366726242e-01 1.627192743309010814e-01 1.322670260581528534e-01 1.004355258682160662e-01 1.685694227867589601e-01 1.505025041905399541e-01 2.290827756959858685e-01 1.278809156027790606e-01 1.090462230541264371e-01 1.167290543402569880e-01 1.031237235016921883e-01 1.281075000763954030e-01 1.912219997969042129e-01 1.242469848114659409e-01 1.216689715963630986e-01 1.853973021572902502e-01 1.818989173178884589e-01 1.704431058488977968e-01 1.676248448801616331e-01 1.973925300257484416e-01 1.750589837376742564e-01 1.756275022650749806e-01 1.453309910412276251e-01 1.929874959260840239e-01 1.679716583490035720e-01 1.481957250329815623e-01 1.615227437620255224e-01 1.476863194955482794e-01 1.596758590082923979e-01 1.399239697909415436e-01 1.510420253196135543e-01 1.262686412174832684e-01 1.059612405128999985e-01 1.404758982559798364e-01 1.574279527392050682e-01 1.618833897601980321e-01 1.488886707929119591e-01 1.672403542933716680e-01 1.728828846973768096e-01 1.608405227052780717e-01 1.495816741464183197e-01 1.250554257862243335e-01 1.583707929628405398e-01 1.943473347634706583e-01 1.862806130612004174e-01 1.547433769368770085e-01 2.074490960860894961e-01 1.483673788460991849e-01 1.696057988919967841e-01 1.832456975829841461e-01 1.491882333065397970e-01 1.840444540988729616e-01 1.809755012681742159e-01 1.666189755672518313e-01 1.842300839289632841e-01 1.861451977528514323e-01 1.592140345325198381e-01 1.457691640661653854e-01 1.640979061030129749e-01 1.424512033000005784e-01 1.309905138707187222e-01 1.472544572726452727e-01 1.531030359373355965e-01 1.402709853619545644e-01 1.724516230124490401e-01 1.532949506170416254e-01 1.642865635410143688e-01 1.571547246085007177e-01 1.653058396449366974e-01 1.617663463709919369e-01 1.569151418938344589e-01 1.559059587039614281e-01 1.756834556086102062e-01 1.549440340614594291e-01 1.496649397583747765e-01 1.619455987851654011e-01 1.530386893351314004e-01 1.492414144744328153e-01 1.506608051406069793e-01 1.528953551262806076e-01 1.486384163548147841e-01 1.396279613396183839e-01 1.416307617187223533e-01 1.422613581352190348e-01 1.449812423232438863e-01 1.546119255158507899e-01 1.375686683214496497e-01 1.665910287111888322e-01 1.386860331849023298e-01 1.447244438435726643e-01 1.209060310709692693e-01 1.527001801108142098e-01 1.529274871332128583e-01 1.308988477547595175e-01 1.402382501278319205e-01 1.737942373819619524e-01 1.614983575947869510e-01 1.594882271213322877e-01 1.622091093158134212e-01 1.566495306092000328e-01 1.518395495206690815e-01 1.579998702447993619e-01 1.591976795753092255e-01 1.476519326546187338e-01 1.571963749918265651e-01 1.636486928524998885e-01
1.257582161541308252e-01 1.041225937133813395e-01 1.000000000000000000e+00 3.797583504262926901e-01 1.917645797348015435e-01 1.468623822009529900e-01 3.939328470891773071e-01 3.242835506858622874e-01 2.959305027826152346e-01 2.115886407671553615e-01 3.393340796393646275e-01 3.881597136998057307e-01 2.640796157498456198e-01 2.930104267348402347e-01 3.490938018176285573e-01 3.801725893128708456e-01 3.492573775139128367e-01 3.636815772858348339e-01 3.510935152110093993e-01 3.628309697843356552e-01 3.506536094864447506e-01 3.884694555597554833e-01 3.527564049719885131e-01 3.437340039850870776e-01 3.730540413935291011e-01 4.479106593834922823e-01 3.988736283923273174e-01 4.156480624998944440e-01 3.995519257690501314e-01 3.792317531247667572e-01 3.781086906040478923e-01 3.713011073135119022e-01 3.870721486703239123e-01 3.937617752453514419e-01 3.150076927059620724e-01 3.824304511661619776e-01 3.702455760399386842e-01 3.921666170171994592e-01 3.802563872487279006e-01 4.244340192101410114e-01 3.628347977146685888e-01 3.632119327315723734e-01 3.665903468041727398e-01 3.640356146744523902e-01 3.940157754726634765e-01 3.617845028112918193e-01 3.000096991446968842e-01 2.856288391428669637e-01 3.191001899916133255e-01 4.080183307142458693e-01 3.703408414079136235e-01 3.786867713661937196e-01 3.608976741706472757e-01 3.010298726275188463e-01 3.434390927260435045e-01 3.638370338648810876e-01 3.474846972896342145e-01 3.134484838365141357e-01 3.272526986926077019e-01 2.938345513297500600e-01 3.223527177598277116e-01 2.964827193468696498e-01 3.303181567112615236e-01 3.291239636460709939e-01 3.282622534121693025e-01 3.339478809728930742e-01 2.977128858396778655e-01 3.191829566135099827e-01 3.305986314587417430e-01 3.500979787042797220e-01 3.274520420290165101e-01 3.394032408320800109e-01 3.345900437945477646e-01 3.484372114723896519e-01 3.705832820085837587e-01 3.384220448831133932e-01 3.585587517202402097e-01 3.511401790745583562e-01 3.614529047677503826e-01 3.248348909303049314e-01 3.190287862466168467e-01 3.252654598424811194e-01 3.437943746876876983e-01 3.297865323485670297e-01 3.521660527120522577e-01 3.262704491439089027e-01 3.290881855368613107e-01 3.393593337355064188e-01 3.269066160388822140e-01 3.467311610741334871e-01 3.680395117487611500e-01 3.304374076633355140e-01 3.345892709048963742e-01 3.363659805540148429e-01 2.896460322215683725e-01 2.931232058187999701e-01 3.456972602799505134e-01 3.354049763594245115e-01 3.108677180855461408e-01 3.339390427810532969e-01 3.320034515280659293e-01 3.176477001973181391e-01 3.231179766560738909e-01 3.145839320533955208e-01 3.389737797080106807e-01 3.214850438154501777e-01 3.017470293650172386e-01 2.988771355823841014e-01 3.147291453794009986e-01 3.009228826994465589e-01 3.131352774019549035e-01 2.860731869814902018e-01 2.908230361355262916e-01 3.047684081528964639e-01 2.978036540132284471e-01 3.054876786054263604e-01
7.278336225269249615e-02 1.113058726899358725e-01 3.797583504262926901e-01 1.000000000000000000e+00 2.826207208258222914e-01 2.933993907777848187e-01 5.638894607104872891e-01 5.139626253517518562e-01 4.007227990256723715e-01 3.937527059241570093e-01 4.888336081960984458e-01 5.634136831622529318e-01 4.175671569718185094e-01 4.501853192514524427e-01 5.593226216451274713e-01 5.611204311517310472e-01 4.944320685437899043e-01 5.111325839607512300e-01 4.857874712201181722e-01 4.933041878806053160e-01 4.970918123379536313e-01 5.205427903624387787e-01 4.905590183448043651e-01 4.771491377285707602e-01 5.069518836665054540e-01 5.977884584389254741e-01 5.448816646631959859e-01 5.408985729015705068e-01 4.927733643144468489e-01 4.967070707562852849e-01 5.145637391820915285e-01 5.588590764208157813e-01 5.160222851139212308e-01 5.509316620946819176e-01 4.647269155868042345e-01 5.517205172889718678e-01 5.001894148612811009e-01 5.787845994969106345e-01 5.605769292224506151e-01 6.045444381291142921e-01 5.367577714128121125e-01 5.399604603555744342e-01 5.732091236108264320e-01 5.572495856196737485e-01 5.692181990190712249e-01 5.400950379343454344e-01 4.925634530797867172e-01 4.743750368340931556e-01 5.147529284736965804e-01 5.891383461328562055e-01 5.713626102782126681e-01 5.808418808778846865e-01 5.631642873067391752e-01 4.916479010929095672e-01 5.368812310406215760e-01 5.520923577090299794e-01 5.387497087425578979e-01 5.120607731031658894e-01 5.183311186307968388e-01 4.806161292917867089e-01 5.288297999665566573e-01 4.956642198300484914e-01 5.281926793940316944e-01 5.293072042464695981e-01 5.040924722207678066e-01 5.234943922182982989e-01 4.797871073249920237e-01 5.071493471927597252e-01 5.144305956568119287e-01 5.392615287626700837e-01 5.156727891935398711e-01 5.112798635945389192e-01 5.176769425554160753e-01 5.221573648179804739e-01 5.498542712245227948e-01 5.062994980911762477e-01 5.343394738176565628e-01 5.064907069795693273e-01 5.333056109730131000e-01 4.903592162331987803e-01 4.947457603770490930e-01 4.950453082171616948e-01 5.265604191356265673e-01 4.987123999330645985e-01 5.357862295798428987e-01 5.050548980037379287e-01 5.030466933610606706e-01 5.281726578102380332e-01 5.158203249800534795e-01 5.385980414084514667e-01 5.519007171447014581e-01 5.230395552765954026e-01 5.265717200342302506e-01 5.229727222485363036e-01 4.816568121975235983e-01 4.826169919397064745e-01 5.544738907450853516e-01 5.303306506763657557e-01 5.113122338793807398e-01 5.326050840030996936e-01 5.373176450885894795e-01 5.170469994744626430e-01 5.218137209474452698e-01 5.194273044085615521e-01 5.405310264199718606e-01 5.228718727362983154e-01 4.957329922440534831e-01 4.856530859557054991e-01 5.071588178128269009e-01 4.951732975339490639e-01 5.095875872143132979e-01 4.810093607809537430e-01 4.896751424255084140e-01 5.036487427164287878e-01 4.806016778431490555e-01 4.952743446653021797e-01
3.504656453968971880e-02 4.889116921101994973e-02 1.917645797348015435e-01 2.826207208258222914e-01 1.000000000000000000e+00 2.031297126759254168e-01 4.061235034612080130e-01 3.951971156769898408e-01 3.847663074946046646e-01 3.121228083709524648e-01 3.769162229687331722e-01 4.113068227414863887e-01 3.955220653735114222e-01 3.440281619615027653e-01 4.351089633682256874e-01 4.367081654803353641e-01 3.793279093845137173e-01 3.271078243081788628e-01 3.481304798770474274e-01 2.583886503718173522e-01 3.002320119137956156e-01 3.568938661256005340e-01 3.780519788420244609e-01 3.172630241363115222e-01 3.489041937090643364e-01 4.318601306561813957e-01 4.131094001450788533e-01 4.210936757014679399e-01 3.855818281416867332e-01 4.037566540970954354e-01 4.145318020477927190e-01 4.043962319988244070e-01 3.809293057989833753e-01 3.899451645565195079e-01 3.993685878395138444e-01 3.964784045933270606e-01 3.947586039707032812e-01 4.219153310069603258e-01 4.199758337376187090e-01 4.196436518498113388e-01 4.337278657777871027e-01 4.327647242422388296e-01 4.181931894999274535e-01 4.395780937034436953e-01 4.302314601794072768e-01 4.247406915249402615e-01 4.108838790816166098e-01 4.031645182144665274e-01 4.174742052649749735e-01 4.167431706998753205e-01 4.320810979469699165e-01 4.148120762705027609e-01 4.159512525554052154e-01 4.031374468183034354e-01 4.081120067252489436e-01 4.341068972043392038e-01 4.028959390447081068e-01 4.147434411083376071e-01 4.140648290162664003e-01 4.047449483063096376e-01 4.167139421819621714e-01 3.983683499180179499e-01 4.012590955506380452e-01 4.205581542929427985e-01 4.128846919876379418e-01 4.117345355259220407e-01 4.106243570254060615e-01 4.115037090246004836e-01 4.110597933726250486e-01 3.953937527231912719e-01 4.021937251929667001e-01 4.210468569058056776e-01 4.001199734902419203e-01 4.150601477634314196e-01 4.402692872180431483e-01 4.256811724548819065e-01 4.304394850339368639e-01 4.165918073174680325e-01 4.227582495677908447e-01 4.203215430687556875e-01 4.205714313502610935e-01 4.229826865840294325e-01 4.264924952792710222e-01 4.105476538081964666e-01 4.163812103645324059e-01 4.094199149472263488e-01 4.160847810519501810e-01 4.253425489240008073e-01 4.212401093982608979e-01 4.349400260024557929e-01 4.291529360171960072e-01 4.272306755682593882e-01 4.283455596134181365e-01 4.293961506039947751e-01 4.152139168977028727e-01 4.134247580192620397e-01 4.276488594005828370e-01 4.183740965315382865e-01 4.182441318330087920e-01 4.279514926918666640e-01 4.292785049653100593e-01 4.188681485150331785e-01 4.217979641356550680e-01 4.298997994654226718e-01 4.268474144751012167e-01 4.130461108922581226e-01 4.130617878465909776e-01 4.135758312669839953e-01 4.155327443040771063e-01 4.174040688699376944e-01 4.191064552935219734e-01 4.119893008180098848e-01 4.072497736642804456e-01 4.147210132413854944e-01 4.102253018587417865e-01 4.153659507879043367e-01
-8.372330840230592444e-03 8.873056192684616872e-02 1.468623822009529900e-01 2.933993907777848187e-01 2.031297126759254168e-01 1.000000000000000000e+00 4.198754189378299806e-01 3.735942502884916361e-01 3.989787137867916167e-01 3.788573977799264969e-01 4.390785357363231056e-01 4.722600313956197282e-01 4.124160480045286903e-01 4.218394239543100666e-01 4.826924372200500635e-01 4.626573425823778951e-01 4.366990623310220698e-01 4.378962978056831767e-01 4.130849905956970880e-01 3.869079378395623992e-01 4.373434760859439274e-01 4.164872697539273028e-01 4.455988281988106370e-01 4.045144909059160132e-01 4.229617097470744214e-01 4.600072834895190255e-01 4.723498104274466702e-01 4.668562044923126875e-01 4.563104082759312230e-01 4.548705627103240001e-01 4.786528710469478698e-01 4.971224545999629041e-01 4.622860897764682342e-01 4.764626340396366788e-01 4.720373177258944120e-01 4.770626393925938569e-01 4.719714232305048940e-01 4.821604071841716355e-01 5.039264497083850713e-01 4.777840857539716324e-01 4.925979893297542933e-01 4.933534779900659029e-01 4.984092614602604332e-01 4.998083173021738435e-01 4.906852821048462987e-01 5.003455044282250075e-01 4.912645175011692844e-01 4.946714019275054164e-01 4.972989124885150991e-01 4.839933298249778915e-01 4.975039737203022505e-01 4.956303397893727647e-01 5.033896020609172073e-01 4.949961735947689401e-01 4.901869962902555833e-01 4.970991458955917319e-01 4.875348220580651426e-01 4.915398338808286138e-01 4.902435491756796382e-01 4.949091040076615267e-01 5.065004464339800672e-01 4.917125132886949190e-01 4.909866411986829604e-01 5.007201531791108939e-01 4.918259971331838676e-01 4.994390646671215683e-01 4.937183559625327733e-01 5.018104939726334424e-01 5.033144319252151888e-01 5.046491366206105056e-01 5.003564114623021419e-01 4.932932320679075944e-01 4.957129952314547894e-01 4.919865618747901181e-01 5.032998015922222068e-01 4.878046104690774709e-01 5.091508558404717055e-01 5.035195508704286560e-01 4.996901040287231588e-01 4.805807568193585788e-01 4.914959827829449290e-01 4.908808071613762758e-01 4.999798431521039754e-01 4.929573431449820742e-01 5.019368051599630842e-01 4.952178085034653066e-01 4.909499919409185398e-01 4.970000765883081928e-01 5.003104019175995676e-01 4.977083214246677545e-01 5.049031284545993925e-01 5.038464731998091306e-01 4.999131924150150286e-01 5.041881450236094242e-01 4.969396453447192941e-01 4.946468292832503777e-01 5.001360041097120401e-01 4.959539759721140473e-01 4.991645895190151561e-01 4.990895396370390591e-01 5.037559249644228965e-01 4.977407810457718518e-01 4.972022828216475787e-01 5.018960012100702750e-01 5.065488155029695960e-01 4.944856312502802775e-01 4.965213802120518882e-01 4.947975637790229531e-01 4.970986493819910534e-01 4.955370578887576261e-01 4.912218198445228445e-01 4.980082352428145676e-01 4.906940827264090199e-01 4.982153482907987763e-01 4.940622726969283174e-01 4.922547470560677541e-01
8.723921957700253582e-02 1.679695740013240901e-01 3.939328470891773071e-01 5.638894607104872891e-01 4.061235034612080130e-01 4.198754189378299806e-01 1.000000000000000000e+00 6.471942173235695206e-01 5.692640197223286513e-01 5.256905085998123672e-01 6.280940515174247007e-01 7.121508864827105212e-01 5.789188040671705560e-01 5.840979636617903425e-01 7.787562005992798575e-01 7.401514558090028784e-01 6.525481428199283451e-01 6.402714628767833815e-01 6.313981177869917305e-01 5.957868449605580041e-01 5.825786035199757018e-01 6.405910202212418136e-01 6.776452365559636482e-01 6.079516603949883802e-01 6.491915223797434242e-01 7.859465058180449271e-01 7.294856749693163778e-01 7.540541083039279391e-01 7.090363305926267179e-01 6.855736641853071855e-01 7.126184614501386294e-01 7.300808808122110083e-01 7.082779994509132981e-01 7.197314621525752187e-01 6.408122656628385538e-01 7.146121269670140386e-01 6.970325550847830121e-01 7.488114499043007077e-01 7.408471271610068687e-01 7.711116364258064904e-01 7.224572579560865071e-01 7.337984429674988540e-01 7.391563748281675394e-01 7.322965710714776089e-01 7.452550765473815453e-01 7.390579306632860668e-01 6.595238493217493447e-01 6.456174371947723811e-01 6.817119228244917783e-01 7.494080062136192488e-01 7.341144117519547985e-01 7.296475612759355522e-01 7.194784871994839293e-01 6.610239841791519799e-01 7.004897602418584945e-01 7.240260325386224105e-01 6.942643585037445719e-01 6.713527948847441973e-01 6.817323888770279172e-01 6.513536971546841636e-01 6.913992795766256139e-01 6.548091095045236454e-01 6.864281039871953372e-01 6.935981993248223620e-01 6.715932420632406696e-01 6.838970582807102350e-01 6.485843804665663015e-01 6.796644867395665868e-01 6.899019731639058906e-01 6.992139626879610992e-01 6.714101032912750400e-01 6.790178120565265596e-01 6.866191969311492560e-01 6.922981543635750024e-01 7.389491906020032586e-01 6.877936571898461970e-01 7.280820753537282641e-01 7.025062132380839319e-01 7.256396309171981862e-01 6.615325366426910714e-01 6.800431293676076905e-01 6.833049030251157063e-01 7.006048873996816306e-01 6.750772780982082777e-01 7.065660342104426173e-01 6.779750561015056576e-01 6.826079147423859128e-01 7.035819386719861512e-01 6.936693685586154956e-01 7.152965020240739102e-01 7.389347528608339877e-01 7.029444649879528217e-01 7.042461150991733421e-01 7.111903731343094393e-01 6.538876561845969881e-01 6.538194705903851434e-01 7.176086007617470397e-01 6.905350239242603605e-01 6.774466179721985171e-01 7.040740394365880839e-01 7.064603036724939056e-01 6.802004721749382865e-01 6.893862134191443003e-01 6.904744147298886858e-01 7.055887054064561292e-01 6.804631491086449158e-01 6.630633337967943852e-01 6.591096847090506250e-01 6.769285889935851008e-01 6.628080775088517340e-01 6.752161080531914328e-01 6.517941800276924047e-01 6.512133062119144222e-01 6.685598368068795816e-01 6.481495057241470903e-01 6.600631787181490129e-01
2.564047591786770830e-02 1.162870205888579950e-01 3.242835506858622874e-01 5.139626253517518562e-01 3.951971156769898408e-01 3.735942502884916361e-01 6.471942173235695206e-01 1.000000000000000000e+00 5.653635658310577350e-01 5.558322649989805297e-01 6.346983006833208929e-01 7.077427328710329535e-01 6.083568048506644566e-01 6.080778759851998005e-01 7.371592562288683537e-01 7.347476570547776253e-01 6.143747343170894437e-01 6.006939020291101050e-01 6.114928776876720207e-01 5.478653530995043486e-01 5.574586895229814987e-01 6.155507999913133466e-01 6.470758617695997472e-01 5.738748255799492881e-01 6.175160359384173070e-01 7.070762249188193849e-01 6.754567119749355086e-01 6.714214787871689571e-01 6.306608468038062965e-01 6.644944452928936984e-01 6.785239354388280519e-01 7.182359902632540205e-01 6.742065858145324109e-01 6.886271945767045155e-01 6.615776753537541133e-01 6.866161602712760326e-01 6.618405660860379180e-01 7.440820525872335889e-01 7.314942802983229742e-01 7.390365904986033740e-01 7.212649157721182647e-01 7.322132797170695095e-01 7.424840744680274440e-01 7.424488808631677372e-01 7.326950273937420377e-01 7.220333429225322952e-01 7.006889424418237811e-01 6.824531406422014168e-01 7.087507282347166315e-01 7.351114320382944323e-01 7.461128947977764270e-01 7.375173029830537352e-01 7.266340120037225736e-01 6.834304246790570136e-01 7.190263608484693814e-01 7.405491177407491632e-01 7.009804717409560126e-01 7.089901614362018600e-01 7.103098148910416132e-01 6.781873929788010402e-01 7.205634701468058845e-01 6.880310360470771602e-01 7.094720687958563365e-01 7.129363508256354454e-01 6.855299450155034613e-01 7.023608114313386608e-01 6.879242569941881325e-01 7.066538989412431970e-01 7.087068754085169564e-01 7.073374339882111395e-01 6.969373834724716943e-01 7.031638157857071914e-01 6.992882850776822590e-01 7.072702493046865158e-01 7.318257272292363336e-01 7.029458974974824859e-01 7.180890443310183890e-01 6.995388374827923306e-01 7.159713661094463388e-01 6.937835314510948370e-01 6.942492008390404035e-01 6.991645277982116991e-01 7.159410806689533446e-01 7.012931674342838262e-01 7.232634363684192769e-01 7.007377003100996316e-01 6.925497190457522434e-01 7.257670568172516212e-01 7.149901204606569083e-01 7.334247168824855612e-01 7.331137834233556472e-01 7.232597356829146840e-01 7.234203534721368456e-01 7.219919724443466524e-01 6.970664225171302464e-01 6.961415326079121169e-01 7.442030104516936806e-01 7.120716505227135951e-01 7.165239294374081691e-01 7.293742094504699347e-01 7.385652661497414950e-01 7.186689964458078395e-01 7.214225521528903062e-01 7.259452330553866073e-01 7.309550886195678165e-01 7.127647324069247281e-01 6.996170005847588413e-01 6.978600445959073362e-01 7.107796396993074639e-01 7.039072807854034330e-01 7.163342405950102743e-01 6.908494332619424805e-01 6.986061798521143729e-01 7.052191693906882941e-01 6.850511479682884763e-01 6.963272827747902793e-01
2.052168401056849723e-01 2.110214526164767290e-01 2.959305027826152346e-01 4.007227990256723715e-01 3.847663074946046646e-01 3.989787137867916167e-01 5.692640197223286513e-01 5.653635658310577350e-01 1.000000000000000000e+00 7.046031689808176512e-01 7.063519340045434358e-01 7.384654970657921202e-01 6.918627734419423581e-01 6.685198207660699721e-01 7.586114892173134727e-01 7.408011627950228384e-01 7.828361119003820479e-01 6.199495304271354090e-01 6.430538803378476054e-01 5.634910389444848233e-01 5.699988556943446083e-01 6.501356087661241956e-01 7.747051880856262729e-01 6.032161743987546343e-01 6.444243381730737630e-01 7.427252975188161077e-01 7.688307020680527071e-01 7.573326071679831184e-01 7.091621702103332314e-01 8.203213462396752309e-01 8.104994961406399856e-01 7.846084717704019384e-01 7.334714697524654659e-01 7.686555197756838043e-01 8.125913504731645531e-01 7.090422322998228832e-01 7.728933691566308717e-01 7.649372484626538737e-01 7.901404003065560788e-01 7.028995816354771664e-01 8.015966199028887740e-01 7.766189929497816502e-01 7.152554685052766592e-01 7.967399696619295035e-01 7.740361553853647436e-01 7.929181996938610144e-01 8.069448469230142695e-01 8.282015519569936313e-01 8.261274123344245490e-01 7.651640664338629216e-01 7.910978170250977382e-01 7.219149495223980972e-01 7.749203421880241915e-01 8.363092658071031860e-01 8.131671795404655789e-01 7.996108872738112439e-01 8.212214362530610989e-01 8.084671819420540251e-01 8.219446140167836479e-01 8.393208039104141927e-01 8.133423873425532635e-01 8.290130975746045072e-01 8.184947770445812898e-01 8.181789355692405952e-01 8.404225315233894156e-01 8.334079518866787106e-01 8.297851508515410313e-01 8.040854939043737826e-01 8.167287017583615416e-01 7.913174007533144705e-01 7.812203472107082103e-01 8.172884468407328740e-01 7.850776117723158309e-01 7.953600876306512468e-01 8.223435725141345909e-01 8.255134164612556447e-01 8.149365408248052667e-01 8.070390370197456642e-01 8.200256727923417310e-01 8.363832251386705829e-01 8.318079004358384099e-01 8.298838138239447160e-01 8.302681803484990297e-01 8.213370724683138890e-01 7.988357363853603177e-01 8.191630425945252147e-01 8.102315291084974946e-01 8.096360381077736257e-01 8.166781268910012770e-01 8.082046685432150435e-01 7.916533819092381741e-01 8.054948613394238288e-01 8.096771639112492203e-01 8.081984570622662289e-01 8.154039309322173024e-01 8.217842842417852900e-01 7.895612593158450876e-01 8.234601541236563627e-01 8.108233321483426792e-01 8.063997236580163763e-01 7.908284404614241980e-01 8.163045487913667131e-01 8.117936520089950037e-01 8.072853025643657032e-01 8.026171522610228148e-01 8.207494355898738991e-01 8.267243391833422050e-01 8.245708849641593119e-01 8.199924910002313050e-01 8.237751634834195036e-01 8.113525654496187567e-01 8.267390411576917009e-01 8.214980412287762324e-01 8.232589099807970934e-01 8.323990078478757937e-01 8.321155896921418327e-01
8.833003149134255327e-02 1.949495252361042874e-01 2.115886407671553615e-01 3.937527059241570093e-01 3.121228083709524648e-01 3.788573977799264969e-01 5.256905085998123672e-01 5.558322649989805297e-01 7.046031689808176512e-01 1.000000000000000000e+00 6.456812109399117094e-01 7.058291547079702521e-01 6.720057033416753089e-01 6.621835491632445114e-01 7.396640833865937292e-01 7.037327906260776311e-01 6.988844655962650476e-01 5.645605783224380003e-01 5.853995715911741726e-01 4.856828968328049667e-01 5.262464862839794089e-01 5.889696099282019093e-01 6.945001758435637162e-01 5.521671489011324985e-01 5.889663067843859956e-01 6.582364731404418690e-01 6.910197940362240443e-01 6.729744752628421534e-01 6.074275203128584044e-01 7.416820157649929302e-01 7.471805291042628028e-01 7.496383653604903330e-01 6.843602276414900709e-01 7.155080765043517754e-01 7.633196588940863725e-01 6.807360488190913328e-01 7.214278632683088777e-01 7.334969753405126136e-01 7.558841418816539814e-01 6.757827530072224587e-01 7.752802428070291185e-01 7.508442557002265039e-01 7.125114929251903373e-01 7.644041577888213146e-01 7.406053049875610528e-01 7.596136303829225112e-01 7.971159686654191168e-01 8.125288093002535073e-01 7.989584492689884021e-01 7.111260607150257096e-01 7.569619512463982014e-01 6.994203121571384019e-01 7.453375307366008062e-01 8.084841530760938921e-01 7.827571194912017472e-01 7.733376234802350480e-01 7.628185582932557329e-01 7.915703788255683548e-01 7.968506017371838057e-01 8.081032195231964144e-01 7.918005100754609282e-01 8.004856476906903051e-01 7.816642629425978317e-01 7.819782185089666493e-01 7.921346742293587928e-01 7.901774804166691313e-01 8.087809823636299411e-01 7.818510039350432539e-01 7.936320596031934960e-01 7.557228910511121223e-01 7.583957067579188971e-01 7.835456813712079471e-01 7.595985205129670570e-01 7.614088866801898003e-01 7.795598245065921139e-01 7.924125869710555436e-01 7.757112913146231303e-01 7.604793090295645097e-01 7.750560752361622674e-01 8.000281943723733802e-01 7.946339734669940480e-01 7.961622717050853559e-01 7.972920748870815366e-01 7.946997125358085112e-01 7.790886973837662932e-01 7.948362225254127500e-01 7.891039709176832506e-01 7.922852678801844961e-01 7.964917976299837887e-01 7.846420931336082205e-01 7.709769590080118862e-01 7.909277910805201373e-01 7.898896551933081156e-01 7.874881442254939579e-01 8.037899281052174327e-01 8.094883028009148829e-01 7.715120470233531869e-01 7.802993272374798561e-01 7.948027876198195951e-01 7.894461232313533250e-01 7.779358722105773616e-01 7.964900794806462070e-01 7.928307653532999932e-01 7.929786594238675823e-01 7.839226518076611860e-01 7.934339401901148170e-01 8.063327029147685510e-01 8.090067132494668245e-01 8.048285230795253486e-01 8.058458498795875169e-01 8.009947615183274916e-01 8.097436459530727992e-01 8.046581423407077605e-01 7.974327024912566397e-01 8.039186250519820831e-01 8.059032291755346966e-01
5.699119020345129460e-02 1.195519295366726242e-01 3.393340796393646275e-01 4.888336081960984458e-01 3.769162229687331722e-01 4.390785357363231056e-01 6.280940515174247007e-01 6.346983006833208929e-01 7.063519340045434358e-01 6.456812109399117094e-01 1.000000000000000000e+00 7.993665333958179797e-01 6.893628676771008656e-01 7.017256742922231005e-01 7.934387862556647741e-01 7.909688398661232078e-01 7.346878476070862751e-01 6.875397498679535202e-01 6.941792739001598767e-01 6.099063826535618960e-01 6.307994608801122949e-01 6.927464738454680582e-01 7.711794713219960462e-01 6.628635817014610909e-01 7.115727346456474089e-01 7.969185006899723867e-01 8.043991474942927544e-01 8.070751785041822002e-01 7.489051587657407083e-01 8.146917478019769510e-01 8.477343580019470748e-01 8.269565969893158952e-01 7.888734264224090964e-01 8.010984217181151834e-01 8.039291809866370153e-01 7.854888603838630079e-01 8.205771349300989836e-01 8.306118893746196052e-01 8.400931542575749145e-01 8.080508965906638696e-01 8.416846257450573132e-01 8.313685655791156481e-01 8.158099966117415835e-01 8.458038759912643867e-01 8.346541933481004261e-01 8.428557785929814417e-01 8.271087504076971575e-01 8.186250889579129719e-01 8.328092935002984198e-01 8.190644345552148264e-01 8.373947438036892787e-01 8.047675346358523774e-01 8.264176602237695013e-01 8.208854540445477133e-01 8.274400727613356876e-01 8.399397860562711760e-01 8.146551188729026505e-01 8.295963798328375161e-01 8.329205920659978890e-01 8.212284145083786902e-01 8.400236677521261131e-01 8.219161861363798449e-01 8.250983148483942431e-01 8.339549919607783801e-01 8.233175551616317422e-01 8.288906777109117385e-01 8.245261045875087458e-01 8.317825221595870344e-01 8.371478378405750043e-01 8.261567450210346442e-01 8.159582310306149333e-01 8.368417042485152280e-01 8.165426877503618730e-01 8.314173888699705195e-01 8.529744311182418937e-01 8.431450492152940956e-01 8.460757024614146138e-01 8.377819080212294267e-01 8.453035924428485837e-01 8.366332540141288021e-01 8.428072720482285840e-01 8.451256870357162221e-01 8.378357602712820373e-01 8.368666692810797780e-01 8.380324672448704604e-01 8.301826541143518812e-01 8.360353034174332620e-01 8.403227260674899224e-01 8.424055001100152484e-01 8.416720249656600705e-01 8.473244610379314645e-01 8.424515719985697926e-01 8.435223328988389335e-01 8.450615627142145092e-01 8.265876600343436964e-01 8.281532391356064560e-01 8.364070596631262289e-01 8.276274341751042041e-01 8.375806957930350682e-01 8.371654927949223612e-01 8.395937036124538899e-01 8.311423807836044730e-01 8.362790540050065724e-01 8.395890617351393637e-01 8.396794572075746421e-01 8.251243110967099170e-01 8.292830773368180530e-01 8.255693500536507301e-01 8.341022429181113029e-01 8.313569589066194254e-01 8.310099391933829516e-01 8.254182967026035822e-01 8.243229789686409292e-01 8.297681386230933986e-01 8.252479797630412062e-01 8.265060968038725475e-01
6.396216159853360117e-02 1.627192743309010814e-01 3.881597136998057307e-01 5.634136831622529318e-01 4.113068227414863887e-01 4.722600313956197282e-01 7.121508864827105212e-01 7.077427328710329535e-01 7.384654970657921202e-01 7.058291547079702521e-01 7.993665333958179797e-01 1.000000000000000000e+00 7.455762789094778631e-01 7.587058069487705447e-01 8.722671163038909770e-01 8.640197298311840246e-01 7.924501837946608118e-01 7.330449530120436430e-01 7.419915965355567966e-01 6.623964012538541279e-01 6.934409154929462860e-01 7.509258756990645489e-01 8.134653730926530990e-01 7.047423417511570198e-01 7.553977911660089140e-01 8.583894545177561675e-01 8.561784756832002685e-01 8.456570271673911066e-01 7.880393521241187971e-01 8.554515980766244088e-01 8.740467464262237085e-01 8.861349005599473694e-01 8.396537612446365317e-01 8.594570644203884946e-01 8.454682274875515713e-01 8.426565796866288816e-01 8.523798114700800177e-01 8.987276684586777975e-01 8.995769649113328770e-01 8.784557944901801863e-01 8.985616287384069478e-01 8.868196854532917062e-01 8.786811045076219351e-01 9.042764482059454378e-01 8.955643057329024659e-01 8.968604841583341925e-01 8.799297012997040479e-01 8.723143308435957755e-01 8.906880231348682786e-01 8.888702400438271978e-01 9.044654400082782209e-01 8.707720476037906776e-01 8.874233503141716328e-01 8.751412617911660252e-01 8.917773219995267509e-01 9.041651720320400543e-01 8.744189136794824346e-01 8.844818390341495640e-01 8.916021716751618698e-01 8.707684100508833458e-01 8.952613273592152643e-01 8.748153068029580481e-01 8.826312490238528152e-01 8.894836119664035756e-01 8.741687960983750560e-01 8.855551520358965201e-01 8.759606665657291291e-01 8.818492948303269241e-01 8.905278530758570232e-01 8.830443034377356559e-01 8.710015537601537572e-01 8.876613051013291233e-01 8.693036900728935423e-01 8.808889574813437706e-01 9.112465282291990487e-01 8.910132567272130988e-01 8.992595595483029447e-01 8.808532039959995341e-01 8.998992072429489175e-01 8.825616529045795522e-01 8.862166951185911357e-01 8.890850850618314816e-01 8.973929675632908998e-01 8.868025574517667264e-01 8.973476808507259150e-01 8.849118786228260536e-01 8.832376534429231540e-01 8.994853747713900116e-01 8.964963230619991119e-01 9.022440050112623400e-01 9.070250993348660806e-01 8.994060366480344237e-01 8.990584153638392362e-01 9.011239379313008557e-01 8.787613582789873812e-01 8.796419025065095321e-01 9.008245131437941922e-01 8.858012119949102425e-01 8.909422695580070384e-01 9.001804431885632729e-01 8.987339887098235724e-01 8.919610168444694898e-01 8.940002600806572497e-01 8.975296013966626019e-01 8.996822533065733651e-01 8.847619570661029442e-01 8.821784741844909128e-01 8.806238725395103550e-01 8.913532288743590826e-01 8.857238118446765229e-01 8.897801685894417556e-01 8.771269828414545167e-01 8.780279390498421099e-01 8.841858609251274093e-01 8.749518657148970258e-01 8.791556221964185180e-01
5.786018167120796085e-02 1.322670260581528534e-01 2.640796157498456198e-01 4.175671569718185094e-01 3.955220653735114222e-01 4.124160480045286903e-01 5.789188040671705560e-01 6.083568048506644566e-01 6.918627734419423581e-01 6.720057033416753089e-01 6.893628676771008656e-01 7.455762789094778631e-01 1.000000000000000000e+00 6.791082853349431625e-01 7.716643562629436071e-01 7.541488633043680334e-01 7.037352317932472623e-01 6.150644038698420690e-01 6.325294379509882603e-01 5.444160747630276687e-01 5.688345606431498558e-01 6.314630564304035687e-01 7.270597672290300961e-01 5.913385265899431253e-01 6.301272651927207757e-01 7.104835468337392657e-01 7.186938071606777667e-01 7.187730053179447465e-01 6.510611054039516787e-01 7.589914707095022361e-01 7.701090371927764577e-01 7.816118146363464358e-01 7.299506728565905433e-01 7.462203076934316170e-01 7.753054727529862244e-01 7.183841383176688966e-01 7.453028960458475405e-01 7.736823421270093704e-01 7.915703227362587135e-01 7.377088123574081502e-01 8.059798661769014272e-01 7.947434709320025936e-01 7.596787432926368488e-01 8.053654154989249303e-01 7.808284115062140707e-01 7.869740922058330312e-01 8.125674824105706406e-01 8.123397420100397781e-01 8.097556153308488325e-01 7.507887993323740794e-01 7.950631573120390261e-01 7.512753306953340315e-01 7.828281497058707794e-01 8.044102208755916639e-01 7.929819422954731412e-01 8.067077649231837455e-01 7.737753500948446606e-01 8.104776129766488868e-01 8.077735009734895444e-01 8.131800365446997247e-01 8.085884827631708571e-01 8.022521114585189350e-01 7.883708269635195665e-01 7.983305350207802187e-01 8.010045524331625977e-01 8.035885554079564841e-01 8.198879477180972541e-01 8.004759676819835912e-01 8.102351149382513995e-01 7.896879630280624340e-01 7.839329700108718102e-01 8.059948499897001684e-01 7.824554771985698931e-01 7.919758692085676621e-01 8.096705270575682567e-01 8.106729570925181871e-01 8.015883829909796754e-01 7.841063129015466426e-01 8.007947122951234453e-01 8.150084773402890281e-01 8.113979938461413077e-01 8.151517691320875336e-01 8.184024573884169929e-01 8.085191169922870680e-01 8.026618554016752283e-01 8.109293040188089163e-01 8.062196913640978790e-01 8.135030232601516698e-01 8.190178636378024901e-01 8.135774707067244815e-01 8.027556336821028982e-01 8.160333639841765851e-01 8.171155508938324763e-01 8.146545803997020663e-01 8.161678046067086800e-01 8.181602615790988242e-01 8.061381771255798911e-01 8.036507868042621627e-01 8.142882476185521190e-01 8.132053775116114824e-01 8.146496602067433423e-01 8.133964099863636443e-01 8.168150087478698307e-01 8.190650057878375856e-01 8.157557788470031213e-01 8.060513155846878997e-01 8.151809596199210972e-01 8.171067832465798153e-01 8.147679327101099434e-01 8.186773809657168499e-01 8.148612854086014767e-01 8.190163636110213696e-01 8.124007605587256764e-01 8.160024494641595627e-01 8.159547765949729525e-01 8.177716373941048555e-01
