1.000000000000000000e+00 1.158959144938257746e-01 1.008655546151511900e-01 1.481466869866876201e-01 5.539920155297390486e-02 1.406349880608858890e-02 7.873602349137058531e-02 8.449178450845278021e-02 1.221572188219073735e-01 4.606588704719498384e-02 7.399728377042251448e-02 7.792674037982241786e-02 5.298518028951820086e-02 -5.451986927056403460e-04 3.825170996117646660e-02 4.420036832068292842e-02 1.001416306324645761e-01 1.035873496542533828e-01 7.657903845932703679e-02 1.146701950762013117e-01 7.139605773944306122e-02 7.540357037201091128e-02 1.141282945631551804e-01 7.938134688937885375e-02 2.305674896757310341e-02 1.012651228890299043e-01 7.054640118393244730e-02 6.801319927802122745e-02 1.478556036287157205e-01 7.639833797180735353e-02 6.308189277209216850e-02 4.771376182326576842e-02 8.489819938057627247e-03 3.407330807681109575e-02 2.678730113885674155e-02 1.330177006270202508e-02 2.273651120742932810e-02 2.056316754456079948e-02 3.255978936255028711e-02 -1.146538952718932506e-03 2.141418256993858280e-02 3.351113290369060142e-03 -4.859158731890624093e-04 3.715310393637780151e-02 1.466210680119047621e-02 2.963937179212790610e-02 2.251216419450912873e-02 2.392597689760219207e-02 3.771474776617912694e-02 2.593529954158319689e-02 2.056383013985392874e-02 7.389772606057306084e-03 4.601741588235899044e-02 3.817303625511700438e-02 3.907384525931700131e-02 3.643938698549264305e-02 6.128250526936102754e-02 1.808820796790616345e-02 2.780857007106383658e-02 4.935721419468651339e-02 1.359524773231217051e-02 4.862375257270673545e-02 3.839438805864419518e-02 2.794173456010762627e-02 3.655326494472792287e-02 5.454411991660813863e-02 2.196965112731521369e-02 2.472164249014386153e-02 4.814663751780759449e-02 5.506838375370377847e-02 2.614512864694908817e-02 2.588490963603229042e-02 4.393562965674240040e-02 2.779321948688276769e-02 4.313951211849401113e-02 3.343257057895912543e-02 3.425538993311287583e-02 8.149132089270416657e-02 4.333186138399901938e-02 2.712764901194124681e-02 1.414378171144416337e-02 2.421912043567630429e-02 3.439228638516136222e-02 1.269631922840998815e-02 2.533409463992531210e-02 2.225285596856474077e-02 9.823077305967754108e-03 3.049226796217788943e-02 1.430883797969888585e-02 3.682963538360627120e-02 1.056661764049899449e-02 1.231756645984884678e-02 4.305797217683185810e-03 1.467652452941271141e-02 1.279102379866399984e-02 1.527996094235084708e-02 2.101678247709076047e-02 5.355049491153959090e-02 1.542003647533397338e-02 1.547404983732946805e-02 5.062592126250836481e-03 2.457241438206028347e-02 2.411070471093202869e-02 1.346371707590543476e-02 2.322082439897747708e-02 3.918737759934240450e-02 3.031552149456992126e-02 2.099883070185879982e-02 2.281629320106037459e-02 2.260289862155863763e-02 2.312304758211748343e-02 2.317678217343498506e-02 2.815078053583871046e-02 2.589758226872114488e-02 2.547437487477170054e-02 3.454748153554813850e-02
1.158959144938257746e-01 1.000000000000000000e+00 3.518405196038219135e-02 9.139997986472715719e-02 5.687958999395013177e-02 8.874775818968812235e-02 1.039403349429568052e-01 1.178224125519482524e-01 1.434706177623805978e-01 1.704457080612457598e-01 1.260701094362731978e-01 1.510665225386734478e-01 1.322652972911035896e-01 9.932345376476074683e-02 1.297335460371317473e-01 1.456817214699233087e-01 1.497846988574137173e-01 1.164080106708984541e-01 1.234895433015383570e-01 1.231607627221382728e-01 8.905354618134521394e-02 1.089045907393088458e-01 1.366155508139057229e-01 1.245955207318600044e-01 1.054437036277764694e-01 1.484000947062836251e-01 1.337190007743983000e-01 1.445463698070081071e-01 1.487042903271887928e-01 1.283576889065277116e-01 1.309330316858029475e-01 1.543968619410115983e-01 1.162574723760432666e-01 1.234551699739858538e-01 1.208842742351701333e-01 1.295005193588436299e-01 1.210028653446279939e-01 1.493340008278555564e-01 1.302064820360638309e-01 1.432567433042804261e-01 1.442195947713715842e-01 1.401929480307315123e-01 1.384004622100171999e-01 1.514760202380350529e-01 1.437872874963401493e-01 1.513159762200338987e-01 1.572119385251484480e-01 1.647570010351446790e-01 1.577285127014975696e-01 1.233267803760407372e-01 1.396301535991427145e-01 1.212339233398397331e-01 1.500253847200028745e-01 1.681805808451465323e-01 1.724662767552317955e-01 1.727688601632688392e-01 1.635070273553196063e-01 1.569371135133403039e-01 1.629380553892005590e-01 1.543936260967613550e-01 1.476442414629396960e-01 1.615331006425534677e-01 1.513997958575444835e-01 1.429411517477011950e-01 1.503501885747251243e-01 1.551741961290279692e-01 1.552796085401866866e-01 1.470170899907114193e-01 1.578011804599825374e-01 1.572688771638901251e-01 1.379129727100316116e-01 1.466111524580330783e-01 1.533096179529662151e-01 1.429171427475327549e-01 1.548234886721673864e-01 1.495007582719025674e-01 1.561520162821105340e-01 1.605022251835439284e-01 1.555044357061151072e-01 1.460443416005512696e-01 1.487187477899747090e-01 1.461047872838530659e-01 1.492021026046156107e-01 1.404254794932279504e-01 1.418523353700899270e-01 1.412317678208001581e-01 1.445094887421480567e-01 1.570336867237035472e-01 1.448759743086385499e-01 1.628298903606519021e-01 1.471672680608211159e-01 1.536681599397806963e-01 1.448928840225085779e-01 1.513982532051047214e-01 1.562902314346834021e-01 1.610236894249778561e-01 1.382188267146507721e-01 1.376113654633398520e-01 1.446729922842680538e-01 1.480927439894038078e-01 1.444435214500257858e-01 1.408044367369527261e-01 1.470634383019127356e-01 1.446148787703978311e-01 1.419767823301344711e-01 1.588018030773886702e-01 1.544495129892106688e-01 1.618517430434369686e-01 1.612149340870716041e-01 1.593987496480331334e-01 1.636423048715327788e-01 1.562353145129611875e-01 1.559888491583111825e-01 1.458690161854797607e-01 1.492766770982938418e-01 1.513257740638735138e-01
1.008655546151511900e-01 3.518405196038219135e-02 1.000000000000000000e+00 3.428952033147073530e-01 1.737321179602419052e-01 1.256671755227216636e-01 3.133422223524413575e-01 2.899768276077659412e-01 2.586831478929995654e-01 2.176542057562340926e-01 3.182352134766552876e-01 3.360615189105846667e-01 2.564762499911050209e-01 1.763090081701136624e-01 3.001664224829185268e-01 2.852652747046365289e-01 2.678827162219942770e-01 3.414288399273924246e-01 3.390876539213551477e-01 2.686176098567668591e-01 3.618807248706106816e-01 3.468213748720485046e-01 3.536824711338212857e-01 3.621516420313266593e-01 3.437192868049374628e-01 3.390623094770939816e-01 3.281770332721329897e-01 3.487105972416619237e-01 3.391380672248869299e-01 3.423442275614796415e-01 3.309647802905018033e-01 3.256334750583315119e-01 3.515773905269194977e-01 3.469921320826767630e-01 3.582112871445788382e-01 3.221957887498810291e-01 3.449199828196995998e-01 3.170488556658980217e-01 3.410730177075301239e-01 3.308530370475387672e-01 2.944234481485252242e-01 3.177846758272037664e-01 3.167204907235120492e-01 3.041804890035441633e-01 3.133305444143811846e-01 3.152555555077751759e-01 2.649559116150175808e-01 2.679271559872178909e-01 2.703728741535353919e-01 2.966079780523867004e-01 2.929052419715536537e-01 2.826449711016510991e-01 2.669780989591253317e-01 2.615409637735032766e-01 2.689109435044308993e-01 2.780445236021447108e-01 2.523670198701310485e-01 2.721649934827144457e-01 2.729764749639306820e-01 2.660077346438409207e-01 2.786220798460836701e-01 2.598490576039053646e-01 2.550478302153589283e-01 2.789034147804957398e-01 2.609354131760853734e-01 2.504271504101360790e-01 2.764683227118956421e-01 2.916853376195679415e-01 2.974198162710589011e-01 2.876821836940051114e-01 3.184596307108027435e-01 2.956667897077941420e-01 3.034118742587548767e-01 3.171379300762868225e-01 3.035762748219463236e-01 3.055066413104720602e-01 3.112018061653529233e-01 3.100572823245880683e-01 3.104131007787644947e-01 3.100277533251712958e-01 3.061809624602130908e-01 2.927348123519647460e-01 2.939583940448159960e-01 3.186439828848380840e-01 2.975776881824016007e-01 3.065175189724544946e-01 3.100698984399008484e-01 2.991869449151986493e-01 3.049660690342154146e-01 2.963883439070880699e-01 3.102952704404494666e-01 2.952280960586902703e-01 2.936078962014039284e-01 3.032567255244754123e-01 2.714126209079819052e-01 2.700296163220993750e-01 2.934122353762086410e-01 2.725217393302322155e-01 2.846838175580859720e-01 2.898197555941776082e-01 2.955917509336547511e-01 2.833255874840250876e-01 2.776713359702896455e-01 2.866631420838325339e-01 2.820360159609863193e-01 2.690549009680320847e-01 2.689505854221083125e-01 2.760642411163623522e-01 2.791129208293500197e-01 2.723901908588614584e-01 2.805982982077312449e-01 2.690052876259715342e-01 2.733768003876662633e-01 2.763108512055443833e-01 2.705433717349300937e-01 2.642060928370441597e-01
1.481466869866876201e-01 9.139997986472715719e-02 3.428952033147073530e-01 1.000000000000000000e+00 3.072170114077868441e-01 2.720360397765854144e-01 4.968876161946593761e-01 4.802210232134407342e-01 4.668266620824291224e-01 4.275949447617527488e-01 5.267077860179840698e-01 5.618817712716794865e-01 4.442534089642973805e-01 3.169625916393276621e-01 4.967527888322055274e-01 5.117579719353000378e-01 4.794529545611203036e-01 5.523563652332584839e-01 5.198839263028618429e-01 4.528666679710919851e-01 5.491447792594514876e-01 5.625107291986395364e-01 5.633120539436351493e-01 5.571091561971200923e-01 5.312964004042788346e-01 5.570842860773674854e-01 5.487344894857004718e-01 5.669164516641479468e-01 5.657570804171515588e-01 5.553708798037989558e-01 5.503318773340778458e-01 5.356544657584080271e-01 5.319538863601729339e-01 5.335804914889571426e-01 5.462729568538596814e-01 5.259305896165304972e-01 5.540256153263969363e-01 5.264172782718100629e-01 5.447499495655683255e-01 5.240894003824865255e-01 5.024013986749801264e-01 5.201708534514469795e-01 5.232529174000188910e-01 5.345254183498464595e-01 5.226847126066516136e-01 5.202718906730166015e-01 4.700827737564713948e-01 4.752085640900990393e-01 4.735679601628074997e-01 4.815350766333234001e-01 4.974659933641542575e-01 4.844512179216829417e-01 4.838102670026585006e-01 4.755823969456409728e-01 4.814839648168932063e-01 5.000380139176348049e-01 4.712960474597113758e-01 4.829526022978629651e-01 4.819281538343682669e-01 4.816703531959990459e-01 4.859014790173800113e-01 4.905833620153794983e-01 4.741734675263366006e-01 4.946378423267170921e-01 4.731849946847333510e-01 4.734538093547468462e-01 4.756348393064619429e-01 4.992007538471042172e-01 5.186414842161077843e-01 5.060770867489063907e-01 5.213648080576495092e-01 4.983552302503156395e-01 5.137899209843037607e-01 5.138587910025542715e-01 5.165031190423523544e-01 5.198242389430310917e-01 5.239905735750824967e-01 5.370063381619669673e-01 5.225233488502905033e-01 5.193400014359758066e-01 5.129376478495640823e-01 5.005875548594209690e-01 5.034995080084245789e-01 5.242153251586223472e-01 5.023548154324928294e-01 5.103641025548325549e-01 5.120249153112804708e-01 5.049986310140948120e-01 5.113421326480707130e-01 5.066582606422341817e-01 5.196782187139100673e-01 4.973909891940296313e-01 4.921858075093397122e-01 5.030895447676169141e-01 4.672959551114516108e-01 4.704060626466519679e-01 4.793699127293787332e-01 4.684976428513870639e-01 4.766479629580827604e-01 4.878571545155387379e-01 4.953652973859492548e-01 4.716492453307050692e-01 4.787330825318251160e-01 4.912575234954540404e-01 4.852706841264988746e-01 4.750536969548935229e-01 4.705792149785182343e-01 4.796311545973355739e-01 4.820339236009486550e-01 4.764733571313037874e-01 4.810190587591673950e-01 4.699497654373232525e-01 4.801980721043544453e-01 4.814480796865642231e-01 4.734309626506790769e-01 4.717198914862179571e-01
5.539920155297390486e-02 5.687958999395013177e-02 1.737321179602419052e-01 3.072170114077868441e-01 1.000000000000000000e+00 1.967647147870054958e-01 3.709967402104625833e-01 4.020277331940558252e-01 3.889999670562890310e-01 3.468849198682135149e-01 3.827847522975998396e-01 4.253023333598390798e-01 4.361488561376845041e-01 2.897387775471553795e-01 4.217399560098442080e-01 4.340547198043286925e-01 4.029987651594081899e-01 4.430606022957401802e-01 4.352947045057148356e-01 3.599086102925236341e-01 4.410771351503477988e-01 4.487287589302752511e-01 4.367962368586741362e-01 4.362177833703487217e-01 4.409365950113464661e-01 4.230197498427599734e-01 4.133736584814307058e-01 4.100721437613752407e-01 3.915563730591460900e-01 4.094258525419548489e-01 4.372438009676799520e-01 4.340767009597144011e-01 3.953496540708282270e-01 4.324827328112413327e-01 4.073297922215950440e-01 4.527013738865874881e-01 4.334370358060195549e-01 4.268367925509979344e-01 4.467298408732052195e-01 4.334774443524319065e-01 4.276221484032989850e-01 4.332399560532928517e-01 4.527454448219395688e-01 4.454497858326224025e-01 4.421248488955706324e-01 4.342760451741454197e-01 4.177909045160451695e-01 4.247845673223726859e-01 4.202796431898494500e-01 4.174290589902586168e-01 4.328332501356889073e-01 4.365826580302203386e-01 4.316272653250255442e-01 4.203203684353331582e-01 4.218205395318062600e-01 4.306306916755111014e-01 4.194024601846068623e-01 4.322585811980014792e-01 4.191590562997686287e-01 4.325741519403231150e-01 4.359194547655286245e-01 4.243099222854566088e-01 4.128159443072732526e-01 4.413913712531857825e-01 4.305290004916008106e-01 4.263594106395859895e-01 4.222658909717150189e-01 4.320657371600495344e-01 4.322327438929702281e-01 4.371650394117728156e-01 4.500029065490581126e-01 4.394887519670163667e-01 4.332264209553882139e-01 4.465051765688081153e-01 4.297387741297643005e-01 4.283957128244453294e-01 4.270145828699269397e-01 4.264109442659294036e-01 4.279836607919219049e-01 4.208059490410906434e-01 4.288688920780179825e-01 4.290393140811393780e-01 4.378013226363631216e-01 4.252435420113269138e-01 4.219543127753064282e-01 4.318193853085002809e-01 4.365324905190959281e-01 4.310235741789784081e-01 4.357741606819379165e-01 4.348480604142155870e-01 4.279536761573115022e-01 4.275091381054585415e-01 4.339230026083418235e-01 4.338686463659379711e-01 4.217181487596780021e-01 4.205816366016705832e-01 4.204303974218959739e-01 4.186668252688956482e-01 4.268837227538983536e-01 4.293721129681610793e-01 4.367596397392060070e-01 4.234175235158340045e-01 4.292538192739683844e-01 4.352532629709027767e-01 4.340999404689954710e-01 4.191332541755268815e-01 4.200333264916658593e-01 4.264161949749495917e-01 4.244673462847132761e-01 4.253698966149014882e-01 4.230431578683864213e-01 4.283929605165047727e-01 4.252769973205774989e-01 4.297271602736450480e-01 4.261345451636792125e-01 4.261191156955294046e-01
1.406349880608858890e-02 8.874775818968812235e-02 1.256671755227216636e-01 2.720360397765854144e-01 1.967647147870054958e-01 1.000000000000000000e+00 3.806048605949758357e-01 3.204156105892418949e-01 4.064266540454755106e-01 3.703903309565356183e-01 3.758122747161045663e-01 4.226922037376389385e-01 3.977788402345690533e-01 2.891303869533300985e-01 4.350397641753526723e-01 4.360442488218006507e-01 4.328532591239793170e-01 3.970851281919730580e-01 4.101769445409358394e-01 3.343067688353767997e-01 3.774866043204204713e-01 4.192852896424889564e-01 4.117855404680675901e-01 4.089376190607726391e-01 4.054486777980421119e-01 4.501328975633703267e-01 4.360204689117795906e-01 4.361112956107009997e-01 4.271294350850142196e-01 4.330340906456747740e-01 4.559044347002550457e-01 4.549874632318589018e-01 4.290269541782278373e-01 4.357717789292909205e-01 4.355611037652346584e-01 4.415954831145784132e-01 4.339018220091808709e-01 4.574069124384519403e-01 4.561221958178374170e-01 4.337274753633915125e-01 4.655308679183136622e-01 4.591990614808333371e-01 4.464829906065216902e-01 4.674682505884074080e-01 4.588941210258311032e-01 4.706430715857094493e-01 4.688935897133356678e-01 4.713250325598696833e-01 4.622711134900298058e-01 4.410444445085587306e-01 4.630541776319580527e-01 4.418089291367856553e-01 4.557899385269382209e-01 4.643762130055077986e-01 4.613583896084909042e-01 4.627422791904511890e-01 4.529491159710003489e-01 4.683552036631692395e-01 4.598684116191392723e-01 4.688903684409310157e-01 4.644410604282424027e-01 4.676536047710279087e-01 4.583377233927381500e-01 4.664402126675111226e-01 4.649921308078854287e-01 4.613758333082735863e-01 4.686929219258056944e-01 4.696415329618889856e-01 4.712810924693821013e-01 4.610782029480914868e-01 4.599087401217547000e-01 4.681483266386371467e-01 4.675231457925684841e-01 4.623568016886018817e-01 4.738030966031626656e-01 4.746609410863498191e-01 4.791525057055284198e-01 4.722951923777194416e-01 4.730010591711141243e-01 4.677214929626498097e-01 4.681250619953835068e-01 4.744897434765426025e-01 4.664207421772768036e-01 4.717783036118207152e-01 4.655306428614818248e-01 4.666717937905242586e-01 4.690558767386591721e-01 4.689708410816310624e-01 4.729277913739664552e-01 4.670329663206364001e-01 4.631916951225846235e-01 4.690146596607534524e-01 4.712044742765677530e-01 4.751748094712380799e-01 4.696865863029065502e-01 4.714365224172212265e-01 4.545179728867743685e-01 4.523567012831360978e-01 4.643469452893075333e-01 4.613677654392964733e-01 4.646051828417363527e-01 4.587023646854254677e-01 4.627787970907801807e-01 4.689379230449853275e-01 4.641959690314805265e-01 4.578176923763416228e-01 4.682986951398830922e-01 4.707314590595081949e-01 4.710311071049482767e-01 4.699826277776499306e-01 4.681496762326576300e-01 4.731494403089966383e-01 4.699395704515056948e-01 4.695174696485265309e-01 4.670835334729815380e-01 4.673976233563240656e-01
7.873602349137058531e-02 1.039403349429568052e-01 3.133422223524413575e-01 4.968876161946593761e-01 3.709967402104625833e-01 3.806048605949758357e-01 1.000000000000000000e+00 6.261727766031215392e-01 6.236099373408138247e-01 5.554824313013130288e-01 6.700240703979242207e-01 7.130290667505467805e-01 6.032613765214321910e-01 4.734771790183179840e-01 7.651055001564625035e-01 7.091781609556497834e-01 6.485380903028098443e-01 7.028735562503558576e-01 6.807560851473465346e-01 5.693868465516149779e-01 6.990914056363645157e-01 7.180925026572043679e-01 7.289292180423606604e-01 7.179306245669064834e-01 7.088581123711218401e-01 7.444130717718789869e-01 7.209918319472877757e-01 7.527655073698300559e-01 6.954235675686800677e-01 7.375734591363010129e-01 7.545598140515955565e-01 7.313883441595623314e-01 7.131691241541245896e-01 7.164546688091200100e-01 7.316226227846708285e-01 7.135461110008730623e-01 7.443515729520606694e-01 7.227032372308689334e-01 7.495519293898613711e-01 7.201395045180182253e-01 7.205349653704292701e-01 7.287201165400826186e-01 7.252121377949819481e-01 7.354940375974504674e-01 7.257937987503331190e-01 7.409883195170274828e-01 6.937825279974315640e-01 6.988923813996364975e-01 6.979724643339433321e-01 6.813655768896708098e-01 7.104214604984988579e-01 6.838824916205957782e-01 6.855614544106195529e-01 6.925449446760051364e-01 6.979936524862113689e-01 7.105132050893763207e-01 6.758980628837777394e-01 6.994171144698326792e-01 6.991826206167907065e-01 7.034992078025624762e-01 7.083601776903464264e-01 6.933926828565941669e-01 6.767315357681331633e-01 7.093541537263318153e-01 6.965137037887794147e-01 6.851795624098974136e-01 7.025931524649045024e-01 7.176090073735615915e-01 7.286802979238715672e-01 7.125066174443958067e-01 7.293537866205562770e-01 7.202296252811694055e-01 7.246089084418557702e-01 7.296509825017004625e-01 7.317112739257981557e-01 7.333997533592855333e-01 7.379342531918384740e-01 7.282713031365216638e-01 7.411062447088913041e-01 7.378244803121919437e-01 7.340922773728950634e-01 7.286039445995750041e-01 7.221625387579140298e-01 7.416182538728707252e-01 7.183319625859234669e-01 7.244199493240289778e-01 7.292837907069612546e-01 7.247425623802322692e-01 7.323726302081586814e-01 7.265381908281751677e-01 7.364978620058811876e-01 7.205780570389499484e-01 7.198377408434073477e-01 7.327120147759343949e-01 6.983349948302491894e-01 6.981464658209177720e-01 7.018591848653371601e-01 6.901128753879162137e-01 7.056414060288711543e-01 7.115832243168679350e-01 7.179550261747656981e-01 6.970179551759712044e-01 6.997706611514126207e-01 7.129751915963981057e-01 7.074310804480579140e-01 6.882619242455648711e-01 6.989685177127946680e-01 7.052129759202104831e-01 7.055791919631225761e-01 6.971522779012712112e-01 7.015280896092042084e-01 6.972929286863436271e-01 6.993285170533091177e-01 7.038453532000767954e-01 6.989968904922305715e-01 6.975519445055700096e-01
8.449178450845278021e-02 1.178224125519482524e-01 2.899768276077659412e-01 4.802210232134407342e-01 4.020277331940558252e-01 3.204156105892418949e-01 6.261727766031215392e-01 1.000000000000000000e+00 5.929410432362608452e-01 5.294557300844566772e-01 6.424087629122404719e-01 6.842656785474481307e-01 5.996855405841754472e-01 4.396280831317509463e-01 6.872033258368377417e-01 7.050337371002228792e-01 6.324743215055461665e-01 6.962524264918866779e-01 6.590671257618401224e-01 5.990770475997438949e-01 7.061113129797864651e-01 6.910692486379833577e-01 6.712418254401746331e-01 6.937340294214222602e-01 6.707005898814993872e-01 6.867282048582962206e-01 6.320674676054618413e-01 6.668352377912631912e-01 6.386394074882171257e-01 6.354972316976470470e-01 6.657783460436029754e-01 7.094808388460820403e-01 6.653596645166806045e-01 6.859712984567737371e-01 6.784968594302122069e-01 6.951135154276572026e-01 6.718788661064681866e-01 7.017622792059315939e-01 7.131519825201430018e-01 6.721589622987669266e-01 6.766053296866576527e-01 6.891233197961562640e-01 7.060287745214202104e-01 7.010238784035167647e-01 6.924365877324391017e-01 7.000601149266191259e-01 6.680607129136580946e-01 6.716426591609878649e-01 6.751888926545376313e-01 6.777474695463314713e-01 7.005366311154794801e-01 6.566009285875320511e-01 6.649145927656224808e-01 6.595592699003847148e-01 6.678746847458760794e-01 6.803113170403869425e-01 6.646427315879209763e-01 6.738310996445745493e-01 6.828059858458200848e-01 6.674648301803915995e-01 6.897141264311417164e-01 6.725165755860998962e-01 6.774154014417100855e-01 6.941786935107467915e-01 6.609214721822367355e-01 6.564799942853827286e-01 6.713009660914009968e-01 6.893187046008486529e-01 6.991315861609646021e-01 6.982706626506567371e-01 7.026509352322938273e-01 6.866449095537745517e-01 6.932582521100228989e-01 6.956848671739486178e-01 6.905253506232176264e-01 6.812247602045999884e-01 6.917284068799646191e-01 6.842089748341281252e-01 6.919974140492428649e-01 6.829577581948307330e-01 6.860481111808955923e-01 6.804277475616419268e-01 6.932211347547928559e-01 6.977943113940128228e-01 6.940207499144993575e-01 6.970041260340549272e-01 6.884631988421181514e-01 6.980366640182552596e-01 6.938611711255828762e-01 6.923261786639021143e-01 6.925981124681476198e-01 6.853863974213489918e-01 6.816270096266996426e-01 6.912448933330520573e-01 6.694120021268405996e-01 6.695644871918712271e-01 6.868332817030333715e-01 6.708925029581775945e-01 6.845885357264600568e-01 6.919828791183281202e-01 6.953218495259576581e-01 6.867999023157355110e-01 6.679993091985739762e-01 6.879091946628691501e-01 6.757135051860988506e-01 6.762412451172411521e-01 6.732216928376492104e-01 6.744535618539245769e-01 6.781863545950428396e-01 6.727335626492930709e-01 6.854194652385889874e-01 6.685452911805201959e-01 6.789876685576496929e-01 6.831353270176095949e-01 6.698879422155807895e-01 6.670668594385105177e-01
1.221572188219073735e-01 1.434706177623805978e-01 2.586831478929995654e-01 4.668266620824291224e-01 3.889999670562890310e-01 4.064266540454755106e-01 6.236099373408138247e-01 5.929410432362608452e-01 1.000000000000000000e+00 7.073296492074767627e-01 7.249829121125813680e-01 7.683962339307984779e-01 6.999827388618640178e-01 5.424218675548789781e-01 7.878109208859768176e-01 7.737649377087244540e-01 7.933188062464353596e-01 7.310040906676020800e-01 7.505298628191731103e-01 6.619075204541643442e-01 7.107050533701717576e-01 7.572391990386847516e-01 7.354153606760668316e-01 7.360185171489275202e-01 7.321967330680103636e-01 8.148518643740029210e-01 7.573232585678342232e-01 7.680255687137232945e-01 7.680294566773165910e-01 7.597247420613011393e-01 8.112639493240412225e-01 8.163115128813410726e-01 7.166723738959205336e-01 7.697612223081534699e-01 7.426591801185891129e-01 7.709860935315230313e-01 7.704080790605931650e-01 7.875673438165645690e-01 8.076475643024318973e-01 7.412082683140108763e-01 8.234008306776080532e-01 7.973615939833132993e-01 7.908673348834817096e-01 8.273089376430252662e-01 8.111240155901745519e-01 8.199815831217153184e-01 8.385256627844793753e-01 8.517062023179153840e-01 8.423390257725286157e-01 7.982445035675439504e-01 8.200290989768187488e-01 8.023306543043291494e-01 8.299003270575303626e-01 8.540518798014085089e-01 8.436151456564550122e-01 8.382197372666990720e-01 8.495202580678191673e-01 8.388241302249073161e-01 8.343810146727745902e-01 8.582794834080840207e-01 8.397805739316662743e-01 8.535757304701573345e-01 8.339348226062260894e-01 8.338276981581541625e-01 8.475526243154306583e-01 8.577981067590794151e-01 8.377781567807025542e-01 8.382039216171131013e-01 8.481470104939889953e-01 8.459018587378264176e-01 8.267587110476004586e-01 8.409290770687090077e-01 8.359202531492497812e-01 8.250500035597481130e-01 8.446949149964301240e-01 8.370531149629829581e-01 8.311927041406695915e-01 8.435047883719346551e-01 8.365400645630782783e-01 8.306369876498224114e-01 8.330802544544776422e-01 8.440094737893536481e-01 8.392125169240536309e-01 8.210492857974580616e-01 8.299987745166480524e-01 8.328846462943149120e-01 8.250837964568368266e-01 8.336076953818368773e-01 8.317393599176309271e-01 8.387427239142358770e-01 8.112495015672418486e-01 8.267491450618412729e-01 8.326040744335905242e-01 8.329166738890186883e-01 8.389095079316317705e-01 8.433405507325298922e-01 8.201182753899544098e-01 8.464606762829327558e-01 8.351504168732993838e-01 8.246735656156769512e-01 8.267209740121477246e-01 8.353566010759470029e-01 8.441379708129816972e-01 8.389747386037152976e-01 8.440725374189681496e-01 8.479020728922044281e-01 8.461296372538100741e-01 8.424139716871142936e-01 8.429357887056168064e-01 8.461564945471155008e-01 8.401101555263355003e-01 8.498449682177340314e-01 8.529582136240226875e-01 8.473965145619533068e-01 8.464730148033791091e-01 8.564345095411686204e-01
4.606588704719498384e-02 1.704457080612457598e-01 2.176542057562340926e-01 4.275949447617527488e-01 3.468849198682135149e-01 3.703903309565356183e-01 5.554824313013130288e-01 5.294557300844566772e-01 7.073296492074767627e-01 1.000000000000000000e+00 6.499786591457578089e-01 7.013860701993741564e-01 6.335350787972545694e-01 5.316168360179680530e-01 7.159635682483604935e-01 6.967640040310221217e-01 7.069019462188346203e-01 6.548461820043898207e-01 6.723644074905889001e-01 5.762098629385069559e-01 6.287765601190995479e-01 6.935847915372200800e-01 6.755014894842885642e-01 6.851510937354581277e-01 6.834565239200566245e-01 7.400839795499528639e-01 6.890215591896371450e-01 7.058379842587308994e-01 6.785662672057903855e-01 6.733232528988016830e-01 7.337515583251845719e-01 7.593486078036999487e-01 6.751131633801892296e-01 7.217866377907240505e-01 6.969123180533731698e-01 7.257604716888208518e-01 7.197869844735400591e-01 7.461275207482817029e-01 7.469625781632730499e-01 7.138819842209219724e-01 7.743625868482904018e-01 7.559199592404325374e-01 7.432232341036280054e-01 7.643480345152164901e-01 7.566052986907634281e-01 7.594786830582147541e-01 7.826892734183145128e-01 7.916667163660456863e-01 7.800887315323487003e-01 7.337159142803696410e-01 7.658739367344464810e-01 7.403645339613322829e-01 7.551834778296484529e-01 7.873921827541636720e-01 7.846232175524066044e-01 7.846866268296851521e-01 7.688432350288159078e-01 7.808263227594857137e-01 7.787142923786005699e-01 7.877348577432016219e-01 7.808565019474420499e-01 7.816886560633452552e-01 7.634507745893902575e-01 7.678808519759396933e-01 7.758411709738329831e-01 7.771308857567166273e-01 7.844024785108101305e-01 7.811727210498580209e-01 7.829379639846321126e-01 7.717364024972772629e-01 7.687397425824424868e-01 7.826252017093469071e-01 7.790093321225055600e-01 7.704189897422727418e-01 7.826947691624709380e-01 7.742083355610067663e-01 7.746856541522336714e-01 7.678714767163092869e-01 7.730571365088767521e-01 7.663836037601190476e-01 7.755319947811281089e-01 7.798680397378304763e-01 7.808958642322566535e-01 7.672833739146922571e-01 7.698582926469063059e-01 7.754358768159971271e-01 7.757336180619495147e-01 7.777559145662237272e-01 7.770167959238728494e-01 7.819153885155177841e-01 7.639657902561252101e-01 7.792087257820876633e-01 7.786383392790259261e-01 7.789317588924596913e-01 7.859225924984005740e-01 7.875842828808592433e-01 7.633196204839763910e-01 7.653789141313541711e-01 7.782275777362011038e-01 7.743551551286554924e-01 7.743406518417403905e-01 7.696458404197349390e-01 7.793645725990172579e-01 7.816951160061617054e-01 7.783442721197324499e-01 7.752265664512756338e-01 7.843569596014845491e-01 7.874962328916801368e-01 7.865496726597059896e-01 7.862591251313145735e-01 7.822995414445160778e-01 7.884329138259452696e-01 7.859617403640863920e-01 7.823075846452195448e-01 7.818172768502220649e-01 7.836027366348506940e-01
7.399728377042251448e-02 1.260701094362731978e-01 3.182352134766552876e-01 5.267077860179840698e-01 3.827847522975998396e-01 3.758122747161045663e-01 6.700240703979242207e-01 6.424087629122404719e-01 7.249829121125813680e-01 6.499786591457578089e-01 1.000000000000000000e+00 8.090244555236699719e-01 6.923932570882103121e-01 5.477942264662836180e-01 7.843466315486649076e-01 7.716533310796204193e-01 7.339868361139018083e-01 7.623473212606516336e-01 7.668476272775600622e-01 6.478524069849971312e-01 7.601463473416707473e-01 7.995310553373825568e-01 7.815182917231920934e-01 7.968521865339462940e-01 7.891688220219432726e-01 8.280358933334963645e-01 7.901805031082600461e-01 8.137191290651670794e-01 7.697880450770736571e-01 7.852725945852448985e-01 8.205807955348011218e-01 8.248480732582075259e-01 7.850956305495223608e-01 8.069897931892288101e-01 7.965900488983821415e-01 8.101611700340949351e-01 8.160145422025968376e-01 8.231969179111682244e-01 8.366689955300026238e-01 8.068090998952427428e-01 8.187932803981746721e-01 8.239133551992171567e-01 8.171287128596373961e-01 8.313743324961451187e-01 8.235321242396487218e-01 8.265938672014964128e-01 8.109342715215718256e-01 8.059459321452228098e-01 8.070750724627246964e-01 7.976252308569344862e-01 8.216026490099096469e-01 7.947136433030645986e-01 7.948529580084460200e-01 7.959300916128951853e-01 8.005540713167011990e-01 8.151555771671231687e-01 7.788178800917135991e-01 8.044106813571789694e-01 8.122956671311261090e-01 8.082514010261889759e-01 8.168692449226624408e-01 7.985089458683937158e-01 7.871003597973249555e-01 8.181476898495991801e-01 8.013833981237082904e-01 7.906659778573076336e-01 8.153097744487105558e-01 8.286911711738209618e-01 8.350021235434539335e-01 8.230854061990411363e-01 8.346130432566241097e-01 8.291203765102058698e-01 8.318401593735225141e-01 8.380751095248744065e-01 8.389736187822225411e-01 8.324905034013051486e-01 8.365150552505820070e-01 8.308391977340473522e-01 8.390756563834855797e-01 8.279173905483769857e-01 8.326759067304081441e-01 8.289203688152206873e-01 8.310792104385357204e-01 8.349442825350547048e-01 8.281624784959776830e-01 8.333957987581145366e-01 8.322506164489086311e-01 8.342494928121888531e-01 8.346570773831214485e-01 8.344584861615003124e-01 8.362617926294255710e-01 8.309800401619390486e-01 8.262570129437495359e-01 8.304719546988865719e-01 8.144604608327811190e-01 8.155083273267360600e-01 8.214734605809393964e-01 8.040988830409513399e-01 8.224456684533956174e-01 8.289853976483757547e-01 8.290638915482729798e-01 8.164072826982214925e-01 8.139801506310984092e-01 8.258039421445256822e-01 8.199988861281205521e-01 8.026767413002440232e-01 8.137152717541524805e-01 8.184452730464021331e-01 8.195012622047133100e-01 8.165110300549419664e-01 8.190996907425956985e-01 8.113310422430228819e-01 8.146131052698932784e-01 8.176035231689227079e-01 8.126614537894173429e-01 8.103332424179108262e-01
7.792674037982241786e-02 1.510665225386734478e-01 3.360615189105846667e-01 5.618817712716794865e-01 4.253023333598390798e-01 4.226922037376389385e-01 7.130290667505467805e-01 6.842656785474481307e-01 7.683962339307984779e-01 7.013860701993741564e-01 8.090244555236699719e-01 1.000000000000000000e+00 7.391827448566365977e-01 5.935061209372455293e-01 8.462498468029083787e-01 8.368134078873072923e-01 7.880695402856889853e-01 8.192574857035079816e-01 8.219106154896488325e-01 6.858515684156666348e-01 8.086043859985828641e-01 8.506097570700158483e-01 8.307257286552708342e-01 8.413221215634800743e-01 8.391396147424075025e-01 8.764044135728757956e-01 8.430604811438288104e-01 8.708733338454736073e-01 8.313462389925468932e-01 8.478884363549362702e-01 8.725325641614440908e-01 8.815273201729415531e-01 8.410469735350463161e-01 8.519421536616028634e-01 8.634928279035823939e-01 8.600604254509552904e-01 8.679608196664991837e-01 8.780435138185410660e-01 8.962674198757188959e-01 8.558348724629829540e-01 8.757234647911145142e-01 8.815648402735845046e-01 8.761521515468744248e-01 8.966898266109128990e-01 8.813557093748317639e-01 8.875748001694485634e-01 8.651694543370656021e-01 8.674476036140795765e-01 8.604749755547306256e-01 8.374014139852342664e-01 8.720695688774020571e-01 8.419843738786538800e-01 8.504638271082395340e-01 8.565926899081759416e-01 8.582244883011433956e-01 8.731652371825203707e-01 8.376573677353532643e-01 8.659222317891740461e-01 8.657367831995360641e-01 8.707090541319385535e-01 8.745315238297044491e-01 8.652477611148964298e-01 8.462386024167177778e-01 8.716658673859569717e-01 8.613891422650061802e-01 8.513994582068858952e-01 8.719190521985140663e-01 8.855357750160508523e-01 8.905164367625322264e-01 8.799353932867519656e-01 8.945829969960155115e-01 8.857924519915960637e-01 8.851890872966943213e-01 8.912236038807787031e-01 8.929334390624519280e-01 8.945550910949412460e-01 8.958205949562216830e-01 8.922476747657125395e-01 8.961242644160140047e-01 8.902569500779183853e-01 8.932450451193275631e-01 8.874536383122895167e-01 8.833818810270888111e-01 8.970961226395706145e-01 8.772692372222837820e-01 8.845695844635341754e-01 8.905462426629535688e-01 8.862256362442062496e-01 8.945284476948622832e-01 8.862680262683897414e-01 8.908377950340112816e-01 8.843131102590816583e-01 8.820572052406524532e-01 8.919812049910645912e-01 8.698252646736150950e-01 8.719147773751040331e-01 8.618570996644785431e-01 8.470497708324264963e-01 8.709178255987826134e-01 8.762451610530502810e-01 8.817820045700249798e-01 8.607029365229771356e-01 8.688867891802308785e-01 8.819813496176753809e-01 8.724720584632760234e-01 8.543176078524330475e-01 8.659191332685067799e-01 8.769485150085438718e-01 8.741269933900187583e-01 8.719961854498172737e-01 8.720290064496394322e-01 8.704866418059217237e-01 8.712536713206020522e-01 8.719893692518368988e-01 8.682395152387707427e-01 8.661727088041487610e-01
5.298518028951820086e-02 1.322652972911035896e-01 2.564762499911050209e-01 4.442534089642973805e-01 4.361488561376845041e-01 3.977788402345690533e-01 6.032613765214321910e-01 5.996855405841754472e-01 6.999827388618640178e-01 6.335350787972545694e-01 6.923932570882103121e-01 7.391827448566365977e-01 1.000000000000000000e+00 5.165075543439043848e-01 7.637028858490321204e-01 7.550243990513842984e-01 7.294937498335729575e-01 7.206157093697590499e-01 7.189563597345187684e-01 6.230002966390471020e-01 7.120587534633594506e-01 7.528878379465788750e-01 7.194555589192905831e-01 7.376653428720968408e-01 7.401966691137878973e-01 7.628597310424495292e-01 7.243422369306004027e-01 7.343859026963114323e-01 7.070717036804828881e-01 7.102398908253674259e-01 7.647477292174639230e-01 7.822284728845053658e-01 7.085742054402991430e-01 7.502336963229775391e-01 7.326059093243015852e-01 7.672187404094948926e-01 7.488617232144243463e-01 7.812649120264151259e-01 7.836323607674298142e-01 7.420589737686698051e-01 7.869707801943034431e-01 7.803579878541876402e-01 7.786529893004890956e-01 8.017937039755003159e-01 7.888076627154079201e-01 7.929481356481949961e-01 7.965491308092091938e-01 7.980332865417386623e-01 7.882778171811630763e-01 7.602252957504613828e-01 7.878015991275366670e-01 7.688268004497722519e-01 7.798593145748661248e-01 7.957816244156332708e-01 7.873937525768964774e-01 7.982559226524751361e-01 7.728830423103392189e-01 7.976193929644270764e-01 7.922246011718732106e-01 8.012836060592625209e-01 7.997747743194786318e-01 7.916358098627793716e-01 7.720233470101515172e-01 7.899296318928229477e-01 7.920154691331084962e-01 7.887417881253122598e-01 7.981544274947826034e-01 8.040048962893348028e-01 8.026478168596656859e-01 8.016909052662862800e-01 8.070732836623153439e-01 8.063276716567165936e-01 7.975719239305649744e-01 8.064468354666275429e-01 7.996272700631907870e-01 7.952238786864885833e-01 7.949719662911518547e-01 7.894331842890555118e-01 7.979629258817843018e-01 7.833417699938490797e-01 7.919959477947327020e-01 8.014296034463748164e-01 7.992794450269189444e-01 7.922813798881631620e-01 7.919684011358646414e-01 7.964071905307393839e-01 7.966627358760588473e-01 8.000306227045023144e-01 7.995069792887656845e-01 8.016199051543884124e-01 7.875246286663336592e-01 7.955667674124259348e-01 7.991382482540164700e-01 8.048749188016607325e-01 7.993308923682790335e-01 7.992710758055867615e-01 7.801027400459620287e-01 7.804632323352410639e-01 7.945047010333642357e-01 7.938628947956271054e-01 7.959980367032102322e-01 7.874707403588888655e-01 7.953517666029116251e-01 8.020132959879078260e-01 7.992639305649124060e-01 7.844097869656972977e-01 7.952543415521682313e-01 8.012890943713875114e-01 7.998507688810496674e-01 8.001632567390078998e-01 7.984610695585235840e-01 8.016335342322237212e-01 7.983484964272118400e-01 7.989608204293672244e-01 7.987963828116981801e-01 7.984409799159835064e-01
