1.000000000000000000e+00 8.808630005338931312e-02 1.009895358508831748e-01 8.200616928690461493e-02 7.406141438647619035e-02 1.121071962285213018e-02 8.483525825025910183e-02 4.606381614214791198e-02 1.003186571671290245e-01 4.233473130596590583e-02 4.895466525416779235e-02 2.218933439923792550e-02 7.752400772393384064e-03 3.567496955843429442e-03 5.020267199471888098e-02 5.847328451378128178e-02 7.309762217924514749e-02 1.114802405792464229e-01 1.258227379987361949e-01 -2.649349838666695180e-03 8.703424092543445012e-02 1.630979377793878582e-01 1.623269383817661782e-01 1.632045447616922162e-01 1.639430418528940447e-01 1.154630292728981850e-01 1.053940452784746934e-01 1.190386321194970426e-01 1.514823147561527583e-01 1.084195834701887073e-01 8.505704159464531899e-02 7.869876219929985983e-02 1.148326855532977031e-01 9.447154256220280377e-02 1.072872054560381483e-01 9.781868531766990671e-02 1.079366973497591226e-01 9.119239772375825615e-02 7.911291106663871642e-02 6.909833046264962642e-02 5.975866394755257466e-02 5.164222827478383987e-02 5.421368670433699549e-02 5.026094467896363022e-02 6.511937854890652300e-02 6.072115627964907308e-02 7.935938973723992082e-03 1.712233931221340821e-02 2.109854759323200740e-02 6.818719822021679366e-02 5.342191524439789119e-02 2.310628381376499466e-02 2.023292906946469460e-02 3.991911847314451312e-02 4.744144588935620549e-02 7.052142504659308919e-02 4.414160184212298499e-02 1.680031264933939603e-02 3.296056291623655071e-02 1.542782912874179381e-02 2.235720602007328431e-02 2.469193150523541630e-02 3.465399335421779498e-02 3.624032727125053865e-02 2.987958111115193716e-02 2.559497860036423836e-02 1.731465030832469304e-02 5.270775117390403414e-02 5.020568213294741844e-02 2.337004325505591742e-02 4.893135617074701599e-02 5.181463972867433876e-02 6.608102760650592933e-02 6.911645524327644785e-02 4.642739431378004739e-02 4.307313657804103663e-02 4.706962464035305271e-02 6.276013585448489418e-02 5.101922970116785916e-02 5.059432492843025930e-02 4.296925378585948752e-02 3.051385001097664876e-02 5.377000382825607161e-02 4.325831638241092042e-02 4.266584867737176212e-02 5.672181537072964325e-02 4.070336312860598632e-02 3.231253291064325323e-02 2.982503130298118713e-02 3.736836837398282984e-02 4.722333928110931250e-02 2.396726018737641364e-02 2.582855517823316044e-02 1.946204821346160518e-02 8.947967283568574251e-03 1.135443494539663256e-02 3.344539405010097527e-02 4.359516185043672137e-02 1.809735119649042226e-02 1.895909066867478357e-02 2.043397564847818440e-02 1.840074295953428307e-02 1.515587116924737958e-02 1.024501639427826544e-02 1.877377225985075657e-02 1.987314394395047271e-02 1.742985122956252492e-02 2.054416033838120034e-02 2.340116152077513501e-02 1.630664254043107109e-02 1.093346392455967278e-02 1.021518814399640339e-02 8.502673782018473070e-03 1.371567677470360985e-02 1.715276712992778660e-02 1.523456631055514383e-02
8.808630005338931312e-02 1.000000000000000000e+00 9.979435360845170799e-02 1.182986281771364889e-01 1.110426563704110386e-01 9.665385999037495734e-02 1.731872956349288506e-01 1.362230669333080180e-01 1.902075054834990731e-01 1.764345943764215607e-01 1.908227942080410189e-01 1.633449320639425995e-01 1.827917056420315101e-01 1.316345332424350978e-01 1.701501116963655968e-01 1.782047142699902942e-01 2.022550697460767655e-01 1.809567000899198475e-01 1.949372403638388873e-01 6.461253425635951619e-02 1.390248756031326471e-01 1.766322738890834243e-01 2.126114413509422041e-01 1.855213660815316079e-01 1.731170075986532830e-01 2.291742564350815747e-01 2.066075006256136160e-01 2.177154405704382067e-01 2.494992556592773025e-01 2.441905198886569206e-01 2.376027013054898829e-01 2.107410975044290702e-01 2.132462002505103871e-01 2.094426797804365692e-01 2.271452786233845167e-01 1.816391209127868611e-01 2.144611309894733642e-01 2.149727749710340086e-01 2.136202095923051270e-01 1.914843196456215146e-01 1.889735149674226788e-01 1.918883511577278711e-01 1.706257904184536045e-01 1.897425198292787829e-01 2.007259830133623080e-01 2.095483141327867116e-01 1.788193112764958903e-01 1.864601395073232915e-01 1.854082485312366635e-01 1.933376881190524421e-01 1.904966125930129262e-01 1.509752832137250256e-01 1.743800094653872035e-01 1.961073052057294708e-01 2.057550676076750629e-01 2.077893499832572932e-01 1.908475343166702587e-01 1.801881602046629116e-01 1.858571100734153492e-01 1.795795606421445034e-01 1.734551608042420312e-01 1.839828105235872813e-01 1.889625004509622730e-01 1.855080129755149743e-01 1.879731788081294153e-01 1.866101433642878837e-01 1.835280659699703720e-01 1.914348396803101093e-01 1.948355678272100655e-01 1.611984422458408450e-01 1.791076928555034031e-01 1.903486449727912755e-01 1.890026426322436170e-01 1.804426507050426731e-01 1.942599961861079527e-01 1.988971555793724588e-01 1.947381674191013823e-01 2.146528896390409724e-01 1.989733744735427134e-01 2.076434053942833591e-01 2.009808802719972032e-01 1.994555613718326237e-01 1.968190961573868802e-01 1.958645244395493257e-01 1.854552290352776966e-01 1.944889341776960545e-01 1.918070714520273001e-01 1.879903663808802083e-01 1.908986963728693809e-01 1.957133710488201395e-01 1.863448901911337330e-01 1.821916897619268172e-01 1.836656319256637637e-01 1.853071946786896684e-01 1.808352430203560568e-01 1.829813107647666193e-01 1.673789555938831330e-01 1.756023704453358592e-01 1.764086516442717190e-01 1.775527453298589020e-01 1.670064033954850868e-01 1.745785992366934991e-01 1.689930278888087389e-01 1.716508316223661068e-01 1.739985675485877514e-01 1.748131412815379093e-01 1.766187745814538912e-01 1.888265158982847525e-01 1.892205125030575474e-01 1.817160762510502403e-01 1.764061477195657812e-01 1.785137165936889481e-01 1.760510170056756862e-01 1.772610568582216883e-01 1.814233498291802638e-01 1.809210042076788982e-01
1.009895358508831748e-01 9.979435360845170799e-02 1.000000000000000000e+00 3.403064512842059464e-01 2.185009300067160543e-01 2.491126573493203933e-01 3.716741122587535195e-01 3.447278237360569264e-01 3.819221644129419668e-01 3.489443439707229921e-01 3.829671812983359569e-01 3.773567393297372896e-01 3.637399614236805911e-01 3.183436079450729372e-01 4.028524288858885138e-01 4.093573941699319430e-01 3.745770667512403063e-01 3.845052919208561404e-01 3.893992009098473650e-01 3.059556536305981789e-01 3.462267777258936086e-01 3.906792746594366372e-01 3.890140175531179301e-01 3.771755259458998144e-01 3.924802626135285299e-01 4.249371747535479193e-01 3.893680527426288673e-01 4.058044700498885660e-01 3.952105165062946845e-01 3.975746488560492065e-01 3.967374931445200037e-01 4.114826534004706882e-01 4.199842235444044558e-01 4.124928565977527550e-01 4.102639615331362677e-01 4.225396221465836932e-01 4.071278473287440192e-01 4.172379141802340374e-01 4.152098280336658509e-01 4.032534863558548399e-01 4.203411793943163111e-01 4.072591166149064357e-01 4.145030059641100495e-01 4.132190847435808223e-01 4.084941594798878195e-01 4.009333628348842327e-01 3.946006221342060472e-01 3.967234232426208318e-01 4.033182443563438357e-01 4.241308468668404941e-01 4.139677320291453855e-01 4.009610716600769953e-01 4.030843730359052191e-01 4.108776034946596822e-01 4.100513980357400334e-01 4.109739925184001663e-01 4.146036108000146214e-01 3.950453531730314660e-01 4.148082161556543301e-01 3.962925903105455894e-01 4.074378476345943412e-01 4.081612183430086138e-01 4.088895716556479321e-01 4.113479316448062639e-01 3.958470718794897536e-01 4.029722603251473800e-01 4.009594424524134948e-01 4.120762023477324565e-01 4.114623110223069591e-01 3.963746342177310589e-01 4.093913361260390071e-01 4.136372923141477531e-01 4.124534882629338206e-01 4.145251203699056308e-01 4.101979198360968248e-01 4.075035463161858496e-01 4.095004012492654000e-01 4.148356111873184315e-01 4.092785931505196761e-01 4.084843141160169888e-01 4.006469712224363100e-01 3.974461101024370224e-01 4.091169722570174860e-01 4.064883588764893196e-01 4.136305446290358678e-01 4.159872947140821342e-01 4.067847015712964254e-01 4.089352401942377702e-01 4.027521386424846583e-01 4.047801157176148523e-01 4.127629526695847373e-01 4.036645712825922550e-01 4.027168394930764062e-01 4.023823992473604116e-01 3.967520480365057667e-01 3.980394891600685936e-01 4.162211454437996228e-01 4.180424624846058590e-01 4.061126215208138435e-01 4.059333229933622667e-01 4.095893897168942366e-01 4.069622676839266262e-01 4.007839323460352654e-01 4.004802311196830056e-01 4.061169299293267421e-01 4.072569359494817576e-01 4.088006582146218038e-01 4.011805939987604930e-01 4.036658751393444322e-01 3.991714486151594077e-01 4.027169326145452199e-01 3.971885990103584119e-01 4.016943877546134689e-01 4.035117465231789491e-01 3.950645461815999737e-01 3.988599076481457728e-01
8.200616928690461493e-02 1.182986281771364889e-01 3.403064512842059464e-01 1.000000000000000000e+00 3.968173817713877005e-01 4.285239898599545461e-01 6.121606030945021537e-01 5.776871941387761167e-01 5.876488306842422293e-01 5.292887471747949046e-01 6.123468009370538478e-01 6.426529875051244511e-01 5.811256369986167458e-01 4.944656970048296185e-01 6.393189168708435233e-01 6.381383214292626338e-01 5.972127588879152515e-01 6.111043947201643123e-01 6.217953964932014799e-01 5.448429348135003236e-01 5.962458914967302404e-01 6.070947911212770665e-01 6.007389029014090776e-01 6.017693661321648069e-01 5.958350197129672621e-01 6.266598065972851517e-01 6.122034491340757612e-01 6.310582835799570800e-01 5.489741513384144289e-01 5.923137164967879897e-01 6.019283441821196012e-01 6.466096772067322362e-01 6.131315781472261861e-01 6.287185021338999036e-01 6.112225977519601949e-01 6.268436601680712483e-01 6.204012096888765759e-01 6.409325849412729204e-01 6.347627222618906773e-01 6.358084420132547043e-01 6.512548809963192298e-01 6.460468955849941741e-01 6.502025719310347007e-01 6.544397209879799782e-01 6.480413478699094121e-01 6.376234602252588424e-01 6.352057209338762833e-01 6.323574409216364822e-01 6.428145934665666639e-01 6.498293869817151069e-01 6.492559727924629431e-01 6.574038208682861928e-01 6.533650642225165006e-01 6.338416700078719490e-01 6.317301036264493241e-01 6.405896438023023221e-01 6.403517454502876127e-01 6.340208609584953026e-01 6.434010962278491341e-01 6.391836683433953503e-01 6.521048026480422699e-01 6.402439186529740311e-01 6.386587928993066043e-01 6.404922054001761511e-01 6.258540153840134179e-01 6.319792262490714352e-01 6.345046359351153020e-01 6.497500614668837438e-01 6.476172218876591336e-01 6.595463654863811254e-01 6.527266255214326796e-01 6.472426772914465776e-01 6.530488884911296310e-01 6.549294307581646768e-01 6.440119181787231639e-01 6.373192039700196210e-01 6.477836739317637260e-01 6.219834711446008413e-01 6.374917687376367992e-01 6.264090047367028014e-01 6.347874762630436596e-01 6.238009457306403771e-01 6.423526707379993983e-01 6.378174595971193295e-01 6.519061645672994398e-01 6.462418169533522549e-01 6.407451909437886783e-01 6.488879784938730300e-01 6.327764798687526282e-01 6.400063428769295903e-01 6.563805780028968417e-01 6.497685695150011709e-01 6.448948922572856901e-01 6.396422951057816331e-01 6.366127900953499896e-01 6.368762959791288703e-01 6.669685093966031264e-01 6.522019248791154356e-01 6.515961744791975985e-01 6.502696882564135139e-01 6.549830652265210551e-01 6.485033076881664416e-01 6.513455059355752752e-01 6.455981487914878025e-01 6.480253636799290229e-01 6.438456083858389301e-01 6.446100206182872050e-01 6.352832075039838156e-01 6.382758479431773768e-01 6.424284753658949798e-01 6.458900372564735370e-01 6.374294734712807609e-01 6.414462086398163843e-01 6.393147712631276347e-01 6.353816350718568540e-01 6.362245909946974143e-01
7.406141438647619035e-02 1.110426563704110386e-01 2.185009300067160543e-01 3.968173817713877005e-01 1.000000000000000000e+00 3.309623711083450326e-01 5.177608493330768669e-01 4.868642588716207698e-01 5.094759854080379569e-01 4.741196387208534424e-01 5.163908505740996135e-01 5.294268329097144843e-01 4.835953319267181638e-01 4.306177536171792442e-01 5.464629903933604371e-01 5.427545977978387448e-01 5.053189994379634342e-01 4.961568634519979426e-01 5.132941351723574464e-01 4.005391073411044833e-01 4.945108178201068072e-01 5.016867908148479049e-01 4.955370613782096312e-01 4.733210504842145228e-01 4.924320173832534842e-01 5.374766056756431487e-01 5.355095904206829127e-01 5.392409689611342705e-01 4.890794030764031297e-01 5.094956668404009292e-01 5.347658140153869200e-01 5.379315267892604835e-01 5.244288395056041496e-01 5.196912297293099225e-01 5.337237270095336328e-01 5.380640773680772648e-01 5.416325527360172920e-01 5.378321261807668119e-01 5.490732071273387582e-01 5.350745091086122063e-01 5.528459277668128502e-01 5.585119263646711740e-01 5.528743238902597001e-01 5.569902082856796888e-01 5.477924283960015073e-01 5.482466701136258225e-01 5.466818916890471280e-01 5.491174748842911901e-01 5.432179436097128722e-01 5.373950710750263760e-01 5.431171191884134331e-01 5.491826824146139874e-01 5.503479279039829031e-01 5.485013337477812057e-01 5.407021652811992984e-01 5.468734380842704690e-01 5.410373749505549279e-01 5.485400647491966986e-01 5.457613057811077084e-01 5.493647489128673511e-01 5.537592741582927358e-01 5.490756777914183040e-01 5.462498281188228333e-01 5.441454483966239319e-01 5.431645465572775278e-01 5.452770776710293976e-01 5.486894683264375017e-01 5.546062439836160207e-01 5.462782766263655221e-01 5.453502345835936627e-01 5.516757634635258700e-01 5.531405065672704291e-01 5.458058744049778532e-01 5.458788987055097630e-01 5.563510708409507011e-01 5.507922650453266344e-01 5.521054461064714980e-01 5.391804826906996251e-01 5.476749656707714520e-01 5.448437072411271842e-01 5.482453180181653396e-01 5.464143399405446688e-01 5.498163189572057297e-01 5.463193035034716871e-01 5.465412987868584205e-01 5.486705416491485243e-01 5.544533127808458639e-01 5.526614533263597417e-01 5.500070024239822608e-01 5.507686894504413289e-01 5.546154495480235536e-01 5.560695007536603507e-01 5.545406741356349034e-01 5.516157576303005738e-01 5.465290657919437134e-01 5.497091830903265697e-01 5.461382037463108352e-01 5.465258484962900454e-01 5.515037511957574523e-01 5.511733631265641753e-01 5.548796828272349879e-01 5.511300559104855834e-01 5.516987679998629490e-01 5.529226449294916135e-01 5.524483969247127035e-01 5.479403268783121783e-01 5.483364782504461798e-01 5.493465807670594447e-01 5.506766964576064183e-01 5.505226968060790149e-01 5.507302114121906955e-01 5.501849400998525264e-01 5.505695756149699971e-01 5.492777363858185602e-01 5.490608260584258771e-01 5.480892626322118044e-01
1.121071962285213018e-02 9.665385999037495734e-02 2.491126573493203933e-01 4.285239898599545461e-01 3.309623711083450326e-01 1.000000000000000000e+00 5.531681091059968969e-01 5.241006415535067742e-01 5.441144449067419897e-01 4.994859928366146562e-01 5.677751971935788289e-01 5.784940876970593449e-01 5.273213066164943452e-01 4.856390833958157405e-01 5.935606368809219768e-01 5.833106171411441832e-01 5.467175382669891004e-01 5.426819188824465456e-01 5.589023124730415626e-01 4.612346605017589862e-01 5.239381274017418377e-01 5.338748041273448930e-01 5.351789826794355331e-01 5.363706195400418375e-01 5.373405723296169612e-01 5.736665876947841802e-01 5.663010806008128561e-01 5.726616333415039950e-01 5.313292253195435189e-01 5.693345408334018476e-01 5.784790444718810321e-01 5.872001514776304942e-01 5.569726675421892148e-01 5.785204629693537770e-01 5.775136257098145709e-01 5.569809020603669891e-01 5.770496748064529724e-01 5.821094124865439090e-01 5.863962861735644294e-01 5.656799708812145777e-01 6.011323786043620832e-01 6.042997746716876062e-01 5.900705210847678739e-01 6.053695239115909343e-01 5.976438047867884684e-01 5.955522559369829105e-01 6.048351495954672474e-01 6.039362559396584951e-01 5.974116335593474547e-01 5.941646754489215976e-01 5.995303182959714761e-01 6.030604998777334691e-01 6.046734767423047607e-01 5.975025079374557402e-01 5.925812564728524245e-01 5.953420694195910023e-01 5.852494121803591964e-01 5.980189472244596960e-01 5.932561994283793716e-01 6.065293730222501845e-01 6.108010685205008672e-01 6.003919837696937156e-01 5.940787316597497814e-01 5.956231528566221511e-01 6.001825274692035306e-01 5.985711703077103429e-01 6.054524867095198992e-01 6.069239926516526440e-01 6.069164635615904579e-01 6.085939163180665856e-01 6.101117471157413430e-01 6.097828872960950886e-01 6.062882409162063668e-01 6.092113869726687447e-01 6.077319797568001558e-01 6.050704429569764287e-01 6.081090243701113840e-01 5.963427421881434265e-01 6.046051176579527731e-01 6.008765240474140956e-01 6.065742584527390457e-01 6.026640399730111008e-01 6.022496756956439157e-01 6.036223972493501844e-01 6.091875543866670517e-01 6.064279635590030804e-01 6.043160401068110588e-01 6.097598773003427564e-01 6.028218816368343669e-01 6.003345078888729924e-01 6.069818148348193887e-01 6.084061244218706976e-01 6.102847643787980836e-01 6.093906450922762508e-01 6.079050479064586066e-01 6.058182464269263878e-01 5.991045766570100017e-01 6.013531576520154687e-01 6.085725721845817171e-01 6.103370685853037880e-01 6.090592774027892009e-01 6.060811752289435583e-01 6.135334392367917111e-01 6.107260539290390033e-01 6.095356508810154672e-01 6.001582574339641152e-01 6.062674373705284614e-01 6.055156715677156853e-01 6.027325802366633178e-01 6.058368708077990217e-01 6.040434738753051036e-01 6.066541295164014080e-01 6.044147401837214328e-01 6.067738481381831361e-01 6.078643836150734447e-01 6.075866864106338472e-01
8.483525825025910183e-02 1.731872956349288506e-01 3.716741122587535195e-01 6.121606030945021537e-01 5.177608493330768669e-01 5.531681091059968969e-01 1.000000000000000000e+00 7.470724718687170585e-01 7.829161091518418436e-01 6.961046187479259517e-01 7.927737912436835233e-01 8.128808402719741588e-01 7.526528869959826507e-01 6.587942562247436351e-01 8.536724510407341926e-01 8.385695477574700574e-01 7.916386348317131505e-01 8.029870622063121077e-01 7.852829129763815308e-01 6.752736814970800028e-01 7.689967379850977114e-01 7.636455870836333926e-01 7.760597577151583382e-01 7.495176293368847054e-01 7.493295750510897690e-01 8.297672908841230432e-01 8.117119296123522787e-01 8.314816146606909264e-01 7.430879701676281757e-01 7.877250662677808268e-01 8.149484957584175460e-01 8.607152498429296861e-01 8.232417672277578813e-01 8.377987339435245540e-01 8.237841603219290265e-01 8.298294665039129825e-01 8.325461822537765233e-01 8.545548177460550177e-01 8.568803384254837230e-01 8.395583725305416634e-01 8.514534834427754939e-01 8.562136208666619730e-01 8.570939614782814298e-01 8.601984080273481492e-01 8.547164424362988511e-01 8.548254126598034963e-01 8.379943241333343007e-01 8.405787197522135434e-01 8.420653066297768552e-01 8.490624561506558976e-01 8.537775355241364883e-01 8.422312002423583133e-01 8.450833396868143721e-01 8.398775396918900515e-01 8.439228837268237804e-01 8.535732500872588169e-01 8.409316815259600952e-01 8.383990874973211715e-01 8.441339763185558009e-01 8.447248598593595226e-01 8.509398247774662138e-01 8.421665010554351127e-01 8.416793600601043535e-01 8.394519951374573852e-01 8.361186736862031843e-01 8.378483414762165626e-01 8.393966587649914768e-01 8.503389213257237511e-01 8.532258676999981972e-01 8.534992547414596009e-01 8.433552879663405166e-01 8.438046025285341756e-01 8.429125649888757899e-01 8.367310007034743924e-01 8.478101181763596506e-01 8.487563955501922219e-01 8.525575090441438464e-01 8.231914146281377187e-01 8.392102506445299204e-01 8.307119420449197156e-01 8.440019766887093544e-01 8.315128688821755709e-01 8.526040070933225135e-01 8.466952815220509798e-01 8.554023278607982839e-01 8.538917401481271874e-01 8.477979680719992528e-01 8.561028216840188554e-01 8.452168812227852657e-01 8.530023451026608194e-01 8.613065277302660583e-01 8.539674238214588486e-01 8.499339047365681576e-01 8.462293981620470085e-01 8.386477883028790048e-01 8.398420271752307098e-01 8.508101968549948158e-01 8.481630548804505176e-01 8.479686435210705975e-01 8.515457971970825657e-01 8.526495961122417810e-01 8.466054439804657772e-01 8.451695823486056192e-01 8.473094276376349487e-01 8.468040023505979397e-01 8.428524714099401294e-01 8.412183946288547265e-01 8.430043272752876238e-01 8.455700800414619467e-01 8.436611100908631977e-01 8.471211203660715672e-01 8.409149432845983707e-01 8.424960570148826156e-01 8.399528183234842293e-01 8.413351217288912443e-01 8.404647694904990862e-01
4.606381614214791198e-02 1.362230669333080180e-01 3.447278237360569264e-01 5.776871941387761167e-01 4.868642588716207698e-01 5.241006415535067742e-01 7.470724718687170585e-01 1.000000000000000000e+00 7.519242561347172504e-01 6.785580719247703563e-01 7.702074315068083710e-01 8.004999241375957419e-01 7.206479566812780124e-01 6.482079980435218047e-01 8.139524002792721813e-01 8.027769124530419464e-01 7.602407685701501050e-01 7.646568675619548339e-01 7.600789419994185003e-01 6.517627740451023000e-01 7.388646534349266881e-01 7.342457137662554700e-01 7.419542253399858955e-01 7.194752294206379073e-01 7.200069551920549316e-01 7.850052479925248017e-01 7.734977614624725106e-01 7.762064679529910860e-01 6.890345806338104007e-01 7.452804483671039426e-01 7.660017226762942943e-01 8.241522025847360933e-01 7.722535520780018370e-01 8.039613665932128228e-01 7.737825907257858127e-01 7.984630216472997644e-01 7.842244836342048275e-01 8.171665790573743315e-01 8.147089350373321048e-01 8.080669013595079830e-01 8.168063738008557451e-01 8.216375359785877963e-01 8.324990454897366332e-01 8.246906642429340240e-01 8.170037377432051162e-01 8.075622255403031025e-01 8.147796053063764976e-01 8.158934764798023709e-01 8.208115391444934517e-01 8.209922933826440117e-01 8.274094855772748947e-01 8.289850997053821446e-01 8.258870541338868554e-01 8.079918169126210081e-01 8.084391168068710831e-01 8.209423690696882048e-01 8.230152576009150955e-01 8.154816623469950398e-01 8.240383451356730893e-01 8.191526856594529837e-01 8.293872460939789582e-01 8.207815043273311018e-01 8.210494614903527388e-01 8.207162130025035252e-01 8.117928169633155111e-01 8.139028666090123432e-01 8.153640144856072469e-01 8.252605157286051485e-01 8.251560740880838907e-01 8.318370325760171546e-01 8.214240446867389078e-01 8.209637294835695487e-01 8.185617267767668626e-01 8.140121653561914750e-01 8.174077208607276601e-01 8.149593975655723410e-01 8.188678266480066137e-01 7.901680455886669341e-01 8.074045296448306708e-01 7.992320733871703942e-01 8.105410270616895119e-01 8.033573548899131112e-01 8.246977817994832760e-01 8.128524045602707471e-01 8.275529418424197869e-01 8.224317623399470811e-01 8.172327370142760117e-01 8.300658303628739576e-01 8.196747394485941474e-01 8.239638858014973755e-01 8.289425975290275472e-01 8.266098511435109319e-01 8.239653493419126784e-01 8.202079424764232574e-01 8.163398378545945189e-01 8.183185455974300027e-01 8.330015450508373442e-01 8.217442454301489008e-01 8.273737650213540684e-01 8.278227045215795776e-01 8.318286469136628725e-01 8.256360992312189451e-01 8.237797015482891672e-01 8.261839973745132015e-01 8.272610777140293470e-01 8.222719055772833574e-01 8.205800071710565025e-01 8.174479395974266760e-01 8.206293295740897387e-01 8.211880356354740451e-01 8.282614297671496706e-01 8.184475231278286467e-01 8.229647468720792114e-01 8.199704875004080185e-01 8.196247545468656748e-01 8.178558077698846462e-01
1.003186571671290245e-01 1.902075054834990731e-01 3.819221644129419668e-01 5.876488306842422293e-01 5.094759854080379569e-01 5.441144449067419897e-01 7.829161091518418436e-01 7.519242561347172504e-01 1.000000000000000000e+00 7.640578807435055575e-01 8.357309351145995047e-01 8.443497023380803768e-01 7.919416221694280944e-01 6.813063655138653640e-01 8.684633731417538138e-01 8.621944158712558925e-01 8.414200753120670839e-01 7.930712563864471543e-01 8.237846868186651239e-01 6.034599521993828652e-01 7.548055382915913603e-01 8.156460163772748517e-01 8.076326038809265029e-01 7.631693146164589825e-01 7.838841968660120729e-01 8.828082422859423462e-01 8.666851463674121181e-01 8.654063437723327201e-01 8.183554726017050474e-01 8.520454418910837768e-01 8.793497871980552327e-01 8.774457752628298524e-01 8.481332983789637847e-01 8.596234417435715258e-01 8.657098246049861334e-01 8.469889041489094827e-01 8.791062903467693479e-01 8.792237260669341081e-01 8.853858803215063356e-01 8.459141639625239462e-01 8.854026789484327198e-01 8.867436938575704586e-01 8.695188356093056514e-01 8.940759484541042079e-01 8.911796782224747915e-01 8.917887301879664497e-01 8.874183430142499329e-01 8.921131979257309608e-01 8.897355824493853316e-01 8.829541784138791316e-01 8.907262314839294870e-01 8.567734016128393248e-01 8.761953035701753878e-01 8.970068158528744506e-01 8.988800292291687644e-01 8.926274174560231423e-01 8.931857626163208774e-01 8.863740454720492323e-01 8.932903200589711323e-01 8.927036259702100240e-01 8.904846596572485451e-01 8.963614741997413260e-01 8.950764547299363549e-01 8.957568337908863310e-01 8.918992952197590807e-01 8.954133288669120505e-01 8.893489450214724368e-01 8.945610721016549194e-01 8.872816557672665860e-01 8.699835470149824834e-01 8.893491787178667840e-01 8.955181723062950461e-01 8.806635156740085790e-01 8.799943015905791199e-01 8.950481953404652025e-01 8.971537225453209974e-01 8.935235298131313231e-01 8.856721103649782822e-01 8.898426741055247557e-01 8.885621109590347011e-01 8.925707504473262555e-01 8.916251786726253625e-01 8.923909803247292993e-01 8.923745867338670479e-01 8.900388390894307111e-01 8.938568333178064096e-01 8.919389759770316450e-01 8.907656785879465300e-01 8.917113692691748250e-01 8.900602101384949005e-01 8.874597094637287631e-01 8.899246922981616237e-01 8.902964588148487568e-01 8.903717463134696031e-01 8.881009364210655788e-01 8.888755553386029629e-01 8.722460259060038634e-01 8.911694105211839245e-01 8.874841443937405705e-01 8.858552099997037965e-01 8.800902672243953173e-01 8.887813225356238078e-01 8.856664593367301608e-01 8.876546959418362137e-01 8.860004631190959712e-01 8.893439960339366568e-01 8.905913543002411670e-01 8.931229913159136613e-01 8.921060392790315374e-01 8.911610693789102644e-01 8.874965632089040213e-01 8.913586028348469137e-01 8.887044296111735742e-01 8.893091143565883261e-01 8.913571241761889530e-01 8.919298674001902016e-01
4.233473130596590583e-02 1.764345943764215607e-01 3.489443439707229921e-01 5.292887471747949046e-01 4.741196387208534424e-01 4.994859928366146562e-01 6.961046187479259517e-01 6.785580719247703563e-01 7.640578807435055575e-01 1.000000000000000000e+00 7.743554782622608101e-01 7.847674433891499435e-01 7.422191742569338446e-01 6.382622840959670807e-01 8.053259856844652287e-01 7.987480964882562873e-01 7.595156431211308456e-01 6.992657182858247333e-01 7.527116401505583587e-01 5.149503488209397073e-01 6.422562785321764833e-01 7.087049458323205764e-01 7.281226527241263513e-01 6.888518863774394374e-01 7.039447830850859011e-01 8.035259036985559211e-01 7.855802790781600820e-01 7.969429710412188061e-01 7.611359143266893668e-01 7.998562904172883403e-01 8.180360033236250272e-01 8.033617155579564351e-01 7.809897106967442770e-01 7.918055964446673034e-01 7.971567613751565640e-01 7.753694499191413625e-01 7.971735105186987802e-01 8.116959715877561932e-01 8.196403832785578158e-01 7.818962193042203745e-01 8.276902864671163984e-01 8.254939465166645229e-01 8.039892315959706881e-01 8.275963030067698956e-01 8.249310256890647342e-01 8.212246969593620660e-01 8.316197997060071900e-01 8.373408997472296944e-01 8.296614914446064359e-01 8.167952881889346539e-01 8.235569769836165177e-01 8.005434465259717580e-01 8.177888096820309372e-01 8.388032939532034105e-01 8.309528766259878241e-01 8.309588854969249816e-01 8.212925088793657791e-01 8.304306570026865897e-01 8.327678573812620222e-01 8.335473648631811505e-01 8.293901879072858030e-01 8.360945525326548555e-01 8.273297515801094626e-01 8.309192047203013409e-01 8.289414833113831760e-01 8.296189574307968329e-01 8.369857290009357076e-01 8.342300548952807926e-01 8.301021288927330488e-01 7.999294721506445827e-01 8.233927567015063564e-01 8.333511815310854498e-01 8.199313753379917635e-01 8.187335541301333786e-01 8.383021297656807480e-01 8.353915980448107792e-01 8.336880172631674357e-01 8.343115770531490671e-01 8.388606952904897884e-01 8.395881443944254174e-01 8.371040437490759878e-01 8.408697983213880844e-01 8.321000290977326186e-01 8.354701106516444487e-01 8.305360900148526238e-01 8.332043273459129873e-01 8.355221540699085958e-01 8.366632280265970945e-01 8.390646712057407974e-01 8.336538952262642077e-01 8.277681330189761155e-01 8.359185271459773636e-01 8.352998381562595220e-01 8.398228475158546757e-01 8.375699600891375329e-01 8.394521584446663631e-01 8.139918271562487373e-01 8.238490437412844258e-01 8.346436590000101408e-01 8.331008723047325093e-01 8.304015377498428219e-01 8.331311080283541060e-01 8.289000772269309314e-01 8.350431575982802945e-01 8.341624303072830982e-01 8.298736063509289940e-01 8.367810918806789511e-01 8.388788694252407030e-01 8.375551044598319450e-01 8.365841940435102542e-01 8.336223691279096570e-01 8.381969465767421523e-01 8.366688267336689355e-01 8.368523084039699578e-01 8.328008761870875354e-01 8.338299649952468640e-01
4.895466525416779235e-02 1.908227942080410189e-01 3.829671812983359569e-01 6.123468009370538478e-01 5.163908505740996135e-01 5.677751971935788289e-01 7.927737912436835233e-01 7.702074315068083710e-01 8.357309351145995047e-01 7.743554782622608101e-01 1.000000000000000000e+00 8.887732679182580586e-01 8.112393608908174958e-01 7.049274638593927556e-01 8.871728296604752817e-01 8.825925638150263763e-01 8.457190899481813462e-01 7.985721694433647322e-01 8.349169087028111003e-01 6.206461529996629700e-01 7.646954074610965435e-01 8.114278915324713015e-01 8.129006643972634949e-01 7.658392280752546188e-01 7.870599886353707442e-01 8.817927039897205388e-01 8.689083935474800624e-01 8.722727056264899526e-01 8.081617089327849390e-01 8.588734056898746916e-01 8.841248434236926856e-01 8.933162998836967628e-01 8.539621934007878279e-01 8.739124128500376232e-01 8.727440566820160450e-01 8.663178442574993587e-01 8.838401814400309586e-01 8.937298428753339685e-01 9.013021082798439165e-01 8.679336036950873190e-01 9.070177033337256667e-01 9.071975937208645036e-01 8.911328576003175739e-01 9.127868189144595634e-01 9.120771706449786187e-01 9.060192694412738668e-01 9.138516690473060811e-01 9.166509769686473907e-01 9.135941526987672034e-01 9.017807681359374383e-01 9.109259698095548696e-01 8.873640647173586249e-01 9.022145864031880791e-01 9.150851620097701922e-01 9.114892518007553512e-01 9.130964393458678163e-01 9.098180022097344111e-01 9.138079388698775452e-01 9.129265159077003533e-01 9.168510663274711536e-01 9.160418055886043742e-01 9.175490539682418234e-01 9.121253714361556852e-01 9.170017531510643582e-01 9.137230036496084562e-01 9.147304908053477401e-01 9.157403157372496771e-01 9.182214022422421351e-01 9.133120401163226099e-01 8.965816653836351513e-01 9.142878238837887084e-01 9.189810807144427329e-01 9.019803120492133619e-01 9.022562707813585048e-01 9.193325942596124456e-01 9.187154163221332714e-01 9.151962332719871807e-01 9.032639327167446552e-01 9.115816631408913961e-01 9.110624001754874524e-01 9.151344661629976507e-01 9.152681075293218615e-01 9.170991799221945850e-01 9.149045849144221698e-01 9.139880738835323148e-01 9.154455251710785779e-01 9.178542328856998944e-01 9.183851583010100850e-01 9.177345454421883542e-01 9.144698943752398446e-01 9.150615271895389258e-01 9.181872779387936223e-01 9.189181985998147173e-01 9.176016945177835060e-01 9.170865255553799500e-01 9.174517007464674245e-01 9.020104509408471971e-01 9.118563973851372406e-01 9.171982988748023091e-01 9.150412743178973907e-01 9.118462015443331570e-01 9.169780241921077213e-01 9.150966206975963413e-01 9.168455224509252099e-01 9.162296586460694225e-01 9.150141245214942209e-01 9.175678324177758416e-01 9.183502708030900630e-01 9.180520108525141998e-01 9.172156292795654586e-01 9.172328056740974844e-01 9.179961303748006562e-01 9.174408036935471911e-01 9.173825191577399396e-01 9.176695040020584893e-01 9.185408986017240540e-01
2.218933439923792550e-02 1.633449320639425995e-01 3.773567393297372896e-01 6.426529875051244511e-01 5.294268329097144843e-01 5.784940876970593449e-01 8.128808402719741588e-01 8.004999241375957419e-01 8.443497023380803768e-01 7.847674433891499435e-01 8.887732679182580586e-01 1.000000000000000000e+00 8.320199749516112853e-01 7.318867894578725553e-01 9.196152786323423811e-01 9.117234801800127020e-01 8.536199671994894045e-01 8.164680170307280216e-01 8.455254608937222693e-01 6.564792544292487042e-01 7.801983976428711332e-01 8.117308274193741902e-01 8.130592313496585177e-01 7.773962660780149303e-01 7.957373663827932431e-01 8.898039671220404623e-01 8.803380394885378379e-01 8.856838133432057836e-01 8.029887046702067765e-01 8.611303450610249266e-01 8.951132208716672256e-01 9.140819166089662051e-01 8.704345774275520364e-01 8.926732810290066711e-01 8.836880986529317417e-01 8.897755600150514255e-01 8.977557490741575608e-01 9.174754285763554451e-01 9.197244659698707858e-01 8.983459261813906416e-01 9.366507685514293691e-01 9.330927843577428993e-01 9.194536956756137469e-01 9.372277601848481021e-01 9.311701938847426474e-01 9.274592106389139001e-01 9.433363831096328589e-01 9.438073111465556941e-01 9.420637203109513136e-01 9.243464140761938896e-01 9.367234868381930646e-01 9.236010209133942439e-01 9.308483600229190413e-01 9.385124708799923443e-01 9.290660904000033193e-01 9.309111489840807829e-01 9.301862898230861543e-01 9.403689625496747251e-01 9.429515376955386330e-01 9.437836771631373800e-01 9.446535518881196136e-01 9.432142698404181180e-01 9.349746259504815304e-01 9.410951426251611407e-01 9.356886603640246491e-01 9.388464334317044857e-01 9.434435080572058929e-01 9.422277488545760527e-01 9.381787112874051537e-01 9.283744192597108702e-01 9.388243874544394130e-01 9.413858830582634285e-01 9.311020720474477708e-01 9.281724951011662839e-01 9.438532307301140678e-01 9.395464194591520712e-01 9.407597780734144877e-01 9.220125882906126114e-01 9.367155206355678443e-01 9.297993313032590912e-01 9.378637226605053279e-01 9.390053888162811502e-01 9.410208542702354073e-01 9.377077869582639558e-01 9.417345166640996856e-01 9.402791846892536443e-01 9.443629616790749637e-01 9.464284618569120955e-01 9.446154719485034823e-01 9.403135171127661174e-01 9.430982851966528413e-01 9.489845841176308694e-01 9.477870656557514373e-01 9.470156531048933291e-01 9.465934471288499630e-01 9.464171272206834962e-01 9.346970144817177140e-01 9.365555904438491730e-01 9.477940676758781491e-01 9.474896237807461929e-01 9.453753826355592027e-01 9.462485851797410863e-01 9.460201265212559996e-01 9.476871686491477043e-01 9.473017308735003361e-01 9.410443487382962324e-01 9.463270100390721584e-01 9.445825241277193696e-01 9.456520225547772052e-01 9.460125092230377009e-01 9.466719352589184622e-01 9.466081809222227639e-01 9.464558271697274261e-01 9.458552202766076222e-01 9.423324089475980658e-01 9.449296855819201424e-01
7.752400772393384064e-03 1.827917056420315101e-01 3.637399614236805911e-01 5.811256369986167458e-01 4.835953319267181638e-01 5.273213066164943452e-01 7.526528869959826507e-01 7.206479566812780124e-01 7.919416221694280944e-01 7.422191742569338446e-01 8.112393608908174958e-01 8.320199749516112853e-01 1.000000000000000000e+00 6.829003374291677808e-01 8.527610746992823065e-01 8.551704651291456294e-01 7.995698545690745895e-01 7.484130873674327278e-01 7.819226274375244978e-01 5.942072944323577577e-01 7.091542142830906670e-01 7.421976084392252204e-01 7.597251000783092900e-01 7.199251120656634528e-01 7.355882044950826648e-01 8.325943939176068120e-01 8.215789245540366936e-01 8.287130050476537724e-01 7.631808349918629553e-01 8.137132486286337008e-01 8.457992488390679853e-01 8.474967193098175144e-01 8.115869293753698033e-01 8.331961754748861138e-01 8.313270901760224652e-01 8.260549851728231641e-01 8.442146646832210388e-01 8.468636368417843396e-01 8.585266614088955528e-01 8.312075793903253018e-01 8.668292281679722544e-01 8.674830136069239250e-01 8.514969386619564151e-01 8.718546916020011306e-01 8.645779422024613137e-01 8.640171487403605077e-01 8.758736743733055441e-01 8.797112776254046862e-01 8.752204252901535364e-01 8.527208371361580941e-01 8.643015766021576729e-01 8.531537460059996913e-01 8.707049835158947593e-01 8.770165512927746709e-01 8.694112395952798833e-01 8.701967621622828108e-01 8.625602228686507500e-01 8.752497962171376100e-01 8.713861461334030389e-01 8.799499575632574455e-01 8.783430816507359351e-01 8.791473812497653251e-01 8.705489557930254918e-01 8.750083721779498003e-01 8.720561998919288405e-01 8.753232283966941862e-01 8.788809560008974398e-01 8.753409508505531900e-01 8.724294389679365658e-01 8.577897240114534805e-01 8.680982777433683406e-01 8.751993477684710809e-01 8.629195991386964248e-01 8.597419368192302791e-01 8.790855749935637675e-01 8.770078427582510550e-01 8.765713982073934929e-01 8.632475338328978731e-01 8.724432471827090474e-01 8.717006356266864264e-01 8.755918541469157601e-01 8.779540227310193012e-01 8.736679639117599372e-01 8.772748127493883441e-01 8.738509492783068655e-01 8.762778404554427691e-01 8.808176842869804846e-01 8.782645583445093385e-01 8.813417748157594822e-01 8.770509467719195262e-01 8.758796109373504502e-01 8.818369055846371207e-01 8.802168019525629106e-01 8.817006484613850725e-01 8.815514187576420913e-01 8.823007335955793673e-01 8.595502537731323223e-01 8.657754654680754891e-01 8.787669588212000393e-01 8.773373234162041845e-01 8.782358494013087213e-01 8.788474434357345100e-01 8.793807237960031831e-01 8.815940209946975248e-01 8.807659605166586747e-01 8.731819611323725638e-01 8.773272004770030774e-01 8.808495419810198346e-01 8.809025999764503734e-01 8.796281078028210798e-01 8.781681134466576832e-01 8.814651086486969822e-01 8.808595948414875698e-01 8.799844812348762702e-01 8.765106030083396060e-01 8.784799376961922590e-01
