1.000000000000000000e+00 1.350402244769943229e-02 5.636540451353568709e-02 7.367220694347625942e-02 -1.326112172123170485e-03 -2.480528992458061466e-02 2.843906803598985136e-02 -1.655989047128505814e-03 1.321857106342079202e-01 3.383132364544058635e-02 2.588093792398320214e-02 1.382141184931199619e-02 1.079080808749126666e-02 8.200684512090387207e-03 1.478593361120057736e-02 8.611756235335060392e-03 9.678442452662475159e-02 8.512010743869208307e-02 6.829105010019832778e-02 5.951089465769943826e-02 1.063060001624714646e-01 8.158437782014583972e-02 7.338328615663995691e-02 7.672323983146281390e-02 6.887760436749158777e-02 8.436734997996733765e-02 9.244472190127507594e-02 6.073162840732865275e-02 8.275257010096988275e-02 1.116276157656004714e-01 6.769127405640636141e-02 5.058592580148010831e-02 8.231145138886365731e-02 6.009330250272577889e-02 8.707293700230869793e-02 5.357966893481268256e-02 6.510402665897253860e-02 1.024390263416636790e-02 2.990806808556654289e-02 -2.875316779064532660e-03 2.164984833643521928e-02 -2.787102228253885913e-03 2.761599972598497831e-03 6.014037591701480202e-03 2.940538048861721446e-02 1.401084751188857482e-02 6.372772533412513450e-03 2.253594350761917858e-02 1.406876576868696001e-02 1.897555828033038738e-02 2.409571533431361257e-03 3.260995956707708754e-02 2.624164970406353201e-02 3.043922734473371999e-02 2.194601033661451248e-02 8.303956674273110794e-03 4.615773275494454431e-02 -7.139169652708469635e-04 -2.088636665946509130e-05 2.804210487128980592e-02 1.053117619041304444e-03 1.218071617709163765e-02 1.143585641555092168e-03 2.620975829739401186e-02 6.125488953999711633e-02 4.077843168263602103e-02 2.098792123792086323e-02 2.208839776578909800e-02 3.159723097900950239e-02 2.104214340293383140e-02 2.726184640301083928e-02 2.800240516315544159e-02 3.215820385778853790e-02 2.242366109915107028e-02 2.635519305595503126e-02 2.773069963849826916e-02 2.170604174050379948e-02 4.117311117743181065e-02 1.862203495682725196e-02 3.582813346754787354e-02 2.861527998486717433e-02 2.079913952822862178e-02 3.197568244766446632e-02 4.111966447583967343e-02 2.542720204758291969e-02 2.469721250376777019e-02 2.123047830554426751e-02 3.918054532761483175e-03 1.097595167819558765e-02 7.570546860779352356e-03 8.436143732290410716e-03 3.240278740822786227e-04 1.239931103905823374e-02 -8.892483911605916910e-04 3.259213303013698722e-03 6.652369409990968249e-03 -2.830499442084469231e-05 3.244412143018398503e-02 4.658532051065584871e-03 7.739473831822265767e-03 -7.390809295946400119e-04 1.084115934845720011e-02 1.201623138413961470e-02 6.812344609137498379e-04 1.604438188241865196e-02 2.045541635059064042e-02 1.575382455173751639e-02 1.465195665838054349e-02 8.282334108146756010e-03 8.191829646153387171e-03 -8.740440965992031519e-03 1.052351621818726178e-02 4.553799596660330386e-03 1.857176307444590585e-02 3.416844569916375335e-02 2.052714189246470852e-02
1.350402244769943229e-02 1.000000000000000000e+00 7.719060283714046511e-02 6.472541544500255706e-02 6.925291275240127997e-02 7.168672414907466262e-02 1.163628825101821057e-01 1.136971933637085236e-01 1.607728429630355393e-01 1.652072945662362569e-01 1.166805611403003151e-01 1.293095768584134886e-01 1.396424587257503735e-01 1.181810450716182098e-01 1.411771780668667209e-01 1.484975784684683386e-01 1.595431323092611209e-01 1.128236742095241468e-01 1.278548334822657007e-01 1.136234618524816359e-01 8.221789326821436761e-02 1.080406298598999421e-01 1.268446835422153696e-01 1.065179061538865796e-01 1.227240206418176299e-01 1.440793660838051715e-01 1.168149194751322978e-01 1.126739659152568296e-01 1.032740681437267632e-01 1.240951432522242048e-01 1.352190523860436755e-01 1.409298753820449890e-01 9.766580491704149325e-02 1.256868024142893947e-01 1.103909445830020680e-01 1.196506835469466762e-01 1.305378306478976458e-01 1.329512579686767393e-01 1.346621418918257929e-01 1.207193125069522532e-01 1.413339960078638102e-01 1.300312670795668590e-01 1.211122742568238875e-01 1.399997471767991941e-01 1.361165752085685410e-01 1.399482273741899097e-01 1.535573090215483771e-01 1.548915772126998880e-01 1.450901887171062721e-01 1.172264297697368091e-01 1.417083990315423370e-01 1.246743686448153338e-01 1.280612489603217830e-01 1.514666613080148105e-01 1.412678851641165079e-01 1.416823897321546344e-01 1.326629604848560684e-01 1.517177108621971804e-01 1.507213849721271426e-01 1.555894661536690038e-01 1.452770437858670327e-01 1.502351015501817988e-01 1.423967717668154775e-01 1.439837112656333074e-01 1.475810629281318342e-01 1.481090504199398250e-01 1.542615332290641350e-01 1.495542979740458744e-01 1.534930081617829345e-01 1.519269190273835890e-01 1.346593990949189745e-01 1.479827474965668688e-01 1.437787799085196438e-01 1.471763972749579041e-01 1.544786846152740867e-01 1.456640298778196785e-01 1.411439213333817999e-01 1.351221724835200977e-01 1.447048619996105234e-01 1.549407131841270546e-01 1.502772441250776192e-01 1.458621152343118621e-01 1.483339986862365623e-01 1.466097727936614692e-01 1.420188434599808647e-01 1.481068065159660552e-01 1.412636694069066279e-01 1.470082143411702569e-01 1.505425319125678618e-01 1.509040260268020850e-01 1.399511542310140078e-01 1.459893991225728882e-01 1.459759957572888400e-01 1.487368674095024268e-01 1.537495086761405116e-01 1.539596099933384088e-01 1.301112247257913968e-01 1.436331235325982725e-01 1.483124867049623319e-01 1.466088709326445749e-01 1.384105868940033734e-01 1.436053922141450057e-01 1.495034473779553730e-01 1.454944564485886327e-01 1.391484897784512620e-01 1.423912358801802391e-01 1.554588775113261712e-01 1.557706553288092099e-01 1.530696490983184943e-01 1.518902782272413821e-01 1.468318933498917733e-01 1.539622216282477141e-01 1.484953459211642568e-01 1.469774645588557138e-01 1.494458125742907373e-01 1.530745158471953082e-01
5.636540451353568709e-02 7.719060283714046511e-02 1.000000000000000000e+00 3.014806416465187766e-01 2.059990724461495670e-01 2.267192257650105514e-01 3.335048609818197507e-01 3.194788946008048636e-01 3.683569055073322995e-01 3.176996526956419875e-01 3.638307375387626608e-01 3.894966097933889593e-01 3.186987693372929087e-01 3.260041155661540513e-01 3.849366957993833327e-01 3.652851103272173328e-01 3.595014186957297131e-01 3.071353381693884277e-01 3.448221624961592680e-01 3.171798555343413595e-01 3.141495975773297977e-01 3.602429470255735233e-01 3.545427951042129933e-01 3.209355014756000157e-01 3.293963799609411214e-01 3.929771782483684195e-01 3.723788648202739360e-01 3.762819130385552935e-01 3.649481304308269114e-01 3.762538201060455223e-01 3.869887953573718509e-01 3.791796161405781573e-01 3.632928011779401611e-01 3.630056026191720853e-01 3.713082580176746417e-01 3.720355615004090066e-01 3.729871122875842993e-01 3.759055504692744298e-01 3.812079671800223113e-01 3.662011755952134240e-01 3.869650463085672065e-01 3.805358565481517519e-01 3.791223194725836798e-01 3.842473437919893819e-01 3.892353702375742075e-01 3.787405747141736612e-01 3.876567077428972885e-01 3.862542482472900440e-01 3.806202655722602524e-01 3.662993910913636131e-01 3.786579053732389566e-01 3.757870019196422606e-01 3.756383880260722452e-01 3.860416101424482549e-01 3.855540491049351259e-01 3.907432735748899155e-01 3.857694271315267875e-01 3.895015924630487736e-01 3.774930977654377129e-01 3.848136248358405842e-01 3.816805208368790892e-01 3.808474138234102524e-01 3.850918720504427628e-01 3.813222274886137741e-01 3.888146841989319480e-01 3.835245907414486788e-01 3.832230387030648999e-01 3.861633354974329801e-01 3.874128935120794703e-01 3.855307848814245042e-01 3.855386390614427006e-01 3.873731773530433853e-01 3.796243031516338129e-01 3.807827330347582362e-01 3.923875245301367554e-01 3.897347279624292504e-01 3.896541708013349092e-01 3.903049954613986294e-01 3.808305015014177286e-01 3.894849576725914475e-01 3.830490932331241383e-01 3.801157060394732556e-01 3.896235232203844601e-01 3.911245971025275603e-01 3.863973946118048342e-01 3.865103405190321584e-01 3.829290668629277139e-01 3.832032396224798743e-01 3.812483964954564986e-01 3.892652077337287464e-01 3.823872941238278811e-01 3.856491939161599269e-01 3.862839601137237344e-01 3.830718518333507960e-01 3.804780332400833354e-01 3.848653427239344671e-01 3.901653303857633981e-01 3.864354968122475364e-01 3.864782723304877599e-01 3.849556327676287859e-01 3.853508643703467129e-01 3.863139944159628136e-01 3.797085366157125219e-01 3.871048469681562798e-01 3.901703368162020014e-01 3.902591814486203181e-01 3.836697155405395798e-01 3.871008143480554331e-01 3.886898119378962568e-01 3.848935996899333079e-01 3.845059641195464617e-01 3.870498802560727314e-01 3.865604692036180290e-01 3.876793799570026344e-01 3.867023882272765944e-01 3.879086322659749397e-01
7.367220694347625942e-02 6.472541544500255706e-02 3.014806416465187766e-01 1.000000000000000000e+00 3.224576174863562628e-01 3.864500064219643094e-01 5.616907573756957373e-01 5.232502729668681019e-01 5.696175517588338844e-01 5.094317882596646196e-01 5.844347595853757182e-01 6.282697173895338549e-01 5.373786237842224089e-01 5.105970270801444277e-01 6.156157310943609628e-01 5.851142063722688524e-01 5.496152212346138155e-01 4.493796077194978644e-01 5.474451790570854515e-01 4.832988409984209088e-01 5.009331576852577017e-01 5.915475353831374239e-01 5.533522319819677016e-01 4.693638617867215146e-01 5.208744308965894687e-01 6.049725945954973483e-01 6.203906517882230576e-01 6.168509993237017985e-01 5.828241118203579818e-01 5.733488492683745941e-01 6.189620220213264412e-01 5.909459530692345863e-01 6.053682700608388201e-01 5.784100252545777421e-01 5.877828892147197726e-01 6.060063036251600588e-01 6.043122560145133271e-01 6.012940529730792516e-01 6.056548048953538377e-01 6.174546455976512860e-01 6.232496399044106239e-01 6.252106166338443627e-01 6.280428942162757933e-01 6.277943178999787488e-01 6.267957937340510322e-01 6.173414256056392047e-01 6.108036473721082382e-01 6.125709037437662152e-01 6.118290321594311854e-01 6.062748476756980587e-01 6.154828453001264243e-01 6.266613196951108522e-01 6.210900182141335657e-01 6.080447607952107481e-01 5.999080968139722803e-01 6.214410324120162032e-01 6.213005238030591126e-01 6.134894736562718220e-01 6.058149865304807147e-01 6.135455779686341815e-01 6.116495529398632280e-01 6.132871970460138655e-01 6.101712089037466535e-01 6.155130814920748428e-01 6.175237931834216543e-01 6.142215423498519344e-01 6.106724097566244014e-01 6.022354889511137843e-01 6.050670988396780192e-01 6.086170193857831645e-01 6.276561283943570269e-01 6.184658150933668441e-01 5.862955826043194651e-01 5.949527360086460659e-01 6.177896186198770234e-01 6.226068197359385659e-01 6.244628299097562119e-01 6.164502585463806916e-01 6.098253866559265601e-01 6.016208934971940536e-01 6.140505587803712917e-01 6.171421909597658573e-01 6.231231032615714982e-01 6.071861643961485866e-01 6.168784459102945039e-01 6.073167931006380194e-01 6.217309401919470790e-01 6.141903881220942552e-01 6.078732075673404234e-01 6.196201386206622308e-01 6.258624748267923588e-01 6.218516425844549111e-01 6.262997261427496465e-01 6.173383772522913482e-01 6.102943420643279770e-01 6.126338660732220109e-01 6.340426773555415396e-01 6.228019244441909130e-01 6.184313814533949349e-01 6.233526244016167617e-01 6.246033410590179358e-01 6.202723466501213201e-01 6.228154387744113674e-01 6.202501442928056719e-01 6.279942889828590280e-01 6.295466220692605974e-01 6.139582115858894795e-01 6.124837552776843941e-01 6.131379451987019058e-01 6.164766986641876390e-01 6.139580773091375399e-01 6.175591644369287092e-01 6.166881027634479873e-01 6.206950947980506283e-01 6.196310770568509430e-01 6.192099466158992316e-01
-1.326112172123170485e-03 6.925291275240127997e-02 2.059990724461495670e-01 3.224576174863562628e-01 1.000000000000000000e+00 2.885751917154116830e-01 4.220691083844403391e-01 4.278468956060704209e-01 4.388658329388565593e-01 4.185913736928694173e-01 4.654527414050002587e-01 4.699803278972443654e-01 4.486654071317903725e-01 4.041335538287499918e-01 4.791385841721208516e-01 4.825158078761954128e-01 4.329674680828171640e-01 3.057639509141920620e-01 3.725370857364576627e-01 3.474326721626067038e-01 3.034181585704142647e-01 3.819311161377692554e-01 3.842414589990580942e-01 3.115793590506658606e-01 3.419175491865182326e-01 4.453299765600122195e-01 4.299587887947506903e-01 4.391838698746424741e-01 4.248310355152249418e-01 4.317893339166269939e-01 4.592332398435277629e-01 4.488237007585656468e-01 4.188824804845922567e-01 4.239739948382425516e-01 4.498092036948287409e-01 4.373487605411128243e-01 4.372295160665060632e-01 4.656278502375589268e-01 4.698643517100652978e-01 4.373723774089493532e-01 4.756228964039740936e-01 4.733018182604709634e-01 4.738382040187446020e-01 4.918819973495844877e-01 4.773312671084686265e-01 4.748042186633195660e-01 4.958133279956288830e-01 4.948296804452123610e-01 4.924555111399629981e-01 4.735498249543088622e-01 4.764351094434948197e-01 4.966685323308508426e-01 4.935183670244686627e-01 4.919829345436814716e-01 4.866980141854430619e-01 4.786184479471271569e-01 4.948375785297303153e-01 4.962335543053779663e-01 4.865423831260979326e-01 5.055362120211215338e-01 4.990102854001608468e-01 4.972428873803606542e-01 4.907363559941658737e-01 4.921844360651226324e-01 4.936426623139770764e-01 4.970397299664560120e-01 4.953016114278731008e-01 4.711093471239630737e-01 4.745600130501803071e-01 4.753191166134018708e-01 4.651824777249816689e-01 4.804816068195255085e-01 4.575206824837390052e-01 4.565406560407687664e-01 4.903404637834093971e-01 4.887047076652104027e-01 4.779464457308646996e-01 4.801333107167151670e-01 4.749510528988840630e-01 4.855800680002690384e-01 4.889995568099594347e-01 4.900641081787187048e-01 4.829426814105969856e-01 4.865068439859476235e-01 4.858838924819698923e-01 4.784481375080572585e-01 4.816159442634806997e-01 4.854763183676617522e-01 4.880549999835168684e-01 4.925749029362273546e-01 4.787956615628110590e-01 4.940259653615371449e-01 4.895415698888404554e-01 4.880168109432239665e-01 4.970251709051369815e-01 4.977914206855482693e-01 4.941009124972025601e-01 5.020083805311050806e-01 5.021403658552368032e-01 4.937600050542166330e-01 4.962917919511434794e-01 4.998543818719297649e-01 4.983935195032520027e-01 5.006540288234415659e-01 5.023075863718561296e-01 5.040235793466406600e-01 5.004238863572404439e-01 5.002084628910860031e-01 4.991763912942360770e-01 5.005596152852668235e-01 4.961163066743942140e-01 5.030220401535346886e-01 5.021635953053935619e-01 4.988737498466848663e-01 4.996039514739522014e-01 5.029755220991788400e-01
-2.480528992458061466e-02 7.168672414907466262e-02 2.267192257650105514e-01 3.864500064219643094e-01 2.885751917154116830e-01 1.000000000000000000e+00 4.996780383837801098e-01 4.759907094763990987e-01 4.986695412649261305e-01 4.527181565691894560e-01 5.176073609216462756e-01 5.525760560395163168e-01 4.815159380938116573e-01 4.924447396456881898e-01 5.555874054276974672e-01 5.282844514930247204e-01 4.895423099141608114e-01 3.803947185099852413e-01 4.611920515838704993e-01 3.949439716058576466e-01 3.698278493637735531e-01 4.649650322555842763e-01 4.584334135014940248e-01 3.912932053136881083e-01 4.323768316125071731e-01 5.122532167890631039e-01 5.131356497333100508e-01 5.240667838666205336e-01 5.191259359139783758e-01 4.988335653604676345e-01 5.397247535497395887e-01 5.193210574381204037e-01 4.895284455951680047e-01 5.068236048959575690e-01 5.093650885640744752e-01 5.188177920627879969e-01 5.337921064367622259e-01 5.445071372935739173e-01 5.499755164934955198e-01 5.204888326358053652e-01 5.537875490644036391e-01 5.516126256278606199e-01 5.517785913520324437e-01 5.596867149685168519e-01 5.509481186043417855e-01 5.516514134896417509e-01 5.637728616752589739e-01 5.651377517400895112e-01 5.680029389305821796e-01 5.487615077762795224e-01 5.563234629165195733e-01 5.609988740439314503e-01 5.564011091426975808e-01 5.628606550785494322e-01 5.608454092540556823e-01 5.593941831891412475e-01 5.641925583109262954e-01 5.625209706357724437e-01 5.645885272726803850e-01 5.678337421437933408e-01 5.687052008640803846e-01 5.718810913588234790e-01 5.649984535046305156e-01 5.692047087169470609e-01 5.601550338162788467e-01 5.665308776307221850e-01 5.669916819622123905e-01 5.484681968566517130e-01 5.478915165483753125e-01 5.465072713996342868e-01 5.474781782308832945e-01 5.607079383697940456e-01 5.310720821101895250e-01 5.410517526200098182e-01 5.635822926248270637e-01 5.646035235947927111e-01 5.658902999880215390e-01 5.634189479349068774e-01 5.612737281481758878e-01 5.553898029461747932e-01 5.602381388215197378e-01 5.664298485861288812e-01 5.562959826090593252e-01 5.567471132019444768e-01 5.549243790316473746e-01 5.542158301573932855e-01 5.629802757305479854e-01 5.617088429880034983e-01 5.593164755536268462e-01 5.625409842317623532e-01 5.582679446438556514e-01 5.660559822137446462e-01 5.640473310218639957e-01 5.652849200491567583e-01 5.705787205355830061e-01 5.677631260393771750e-01 5.599147767095805639e-01 5.691113744885656356e-01 5.699918997517094965e-01 5.671628303615888766e-01 5.677724790073661598e-01 5.703117435034916749e-01 5.664163893310069087e-01 5.700825633516545254e-01 5.704421941704710397e-01 5.675182699949181675e-01 5.700627623186025339e-01 5.695044321127460396e-01 5.668858344388736370e-01 5.691307326735958183e-01 5.682000002060145771e-01 5.718367402398095711e-01 5.726719944811532459e-01 5.713539764209285554e-01 5.691332063653674611e-01 5.711623139457131515e-01
2.843906803598985136e-02 1.163628825101821057e-01 3.335048609818197507e-01 5.616907573756957373e-01 4.220691083844403391e-01 4.996780383837801098e-01 1.000000000000000000e+00 6.979049573704380061e-01 7.267416340573709110e-01 6.861430218746898957e-01 7.715971860032604379e-01 8.008937251856607098e-01 7.219561671602879871e-01 6.958245103795184239e-01 8.335227298240710514e-01 7.972785272685141145e-01 7.182077912281321641e-01 6.257739886591033862e-01 7.280673557716879074e-01 5.796095587122499504e-01 5.700701493842988965e-01 7.252899164528918696e-01 7.368580548814179787e-01 6.534969287005775174e-01 7.080456513978405919e-01 7.846092886180567882e-01 7.831478917089675917e-01 8.130368647636515567e-01 7.706565229583920429e-01 7.702426506417077157e-01 8.210604076695240394e-01 8.112720486841936696e-01 7.733402111119980216e-01 7.954852243873650197e-01 7.830710930022466432e-01 7.926638992090223601e-01 8.081049709279942705e-01 8.282530811698674000e-01 8.315817603614855669e-01 8.054517109865415581e-01 8.287625654897111671e-01 8.345481215237608996e-01 8.281688853580423393e-01 8.358093191784629061e-01 8.296166615084222817e-01 8.379988124134030159e-01 8.300696360955661657e-01 8.354779150551168154e-01 8.301401815489891645e-01 8.152329157784403701e-01 8.347899163043973614e-01 8.074441598183318414e-01 8.144455647587175440e-01 8.250832498800805270e-01 8.183509237307103890e-01 8.278592862172560185e-01 8.126671824441947800e-01 8.333382324339313474e-01 8.285213990542422691e-01 8.254903673967424194e-01 8.314952467310660067e-01 8.304756471042988863e-01 8.266710717348042525e-01 8.257966325734559243e-01 8.164210384678030064e-01 8.186281345350615579e-01 8.365704479061457643e-01 8.314562371171886346e-01 8.352316824567107556e-01 8.138730152013244901e-01 8.240548831380575256e-01 8.360240273705249470e-01 8.168558737792918079e-01 8.218856007086541293e-01 8.368812936085595622e-01 8.408483168750644499e-01 8.453759468404105082e-01 8.345746087053041995e-01 8.391051691270348112e-01 8.307154514548940050e-01 8.397790582056454678e-01 8.426269450567246411e-01 8.362093444177641777e-01 8.363346609744647386e-01 8.377433479969971231e-01 8.375079003075428519e-01 8.382471343034295641e-01 8.430125496810481067e-01 8.402359212692492862e-01 8.372072102525645043e-01 8.438533446522950010e-01 8.440977748446221174e-01 8.393889462302340787e-01 8.461213117642744086e-01 8.376408445058871610e-01 8.375149786379795236e-01 8.263768051593161079e-01 8.244686551278608277e-01 8.370411392637105985e-01 8.425624824964219606e-01 8.416065574832913843e-01 8.327283416424519080e-01 8.327358842433767450e-01 8.396009584506564094e-01 8.343509179104002804e-01 8.251723079294147611e-01 8.346568434550970528e-01 8.385018833299041630e-01 8.365015476435363473e-01 8.390048746837657223e-01 8.398512187682437569e-01 8.358144200188698525e-01 8.371035981968967254e-01 8.352561484926736002e-01 8.287405877846880653e-01 8.313713117396894781e-01
-1.655989047128505814e-03 1.136971933637085236e-01 3.194788946008048636e-01 5.232502729668681019e-01 4.278468956060704209e-01 4.759907094763990987e-01 6.979049573704380061e-01 1.000000000000000000e+00 6.932597429381731624e-01 6.551694129811543865e-01 7.365651941860178464e-01 7.651460246492113315e-01 6.931716964066471087e-01 6.565183503550576782e-01 7.804747139169448955e-01 7.716984989765702796e-01 6.980477637225114274e-01 5.659006647366631171e-01 6.654019527820841384e-01 5.819996286999886692e-01 5.420290533476560535e-01 6.667101858948386583e-01 6.781367216524476493e-01 5.904235930169126068e-01 6.372362625152612203e-01 7.418950623985602899e-01 7.248214547572203736e-01 7.477955399584237384e-01 7.247811231862660852e-01 7.232455568257931677e-01 7.664299287822760043e-01 7.569496352772578929e-01 7.193490242015189162e-01 7.279153777675927417e-01 7.373449507568405892e-01 7.278551118016314270e-01 7.422299018607376730e-01 7.785098560865888473e-01 7.750791084552069998e-01 7.402696794802123836e-01 7.824159081715308384e-01 7.813127500609472476e-01 7.724814507692076004e-01 7.888360055102571211e-01 7.740730582012844696e-01 7.822773372273826853e-01 7.931655274048873272e-01 7.920664791221349033e-01 7.932343914309141208e-01 7.710214497607305040e-01 7.849567986731987856e-01 7.782438027999241115e-01 7.766674309599862491e-01 7.918791840065894094e-01 7.902861401752868664e-01 7.880998938342524962e-01 7.865671082554572813e-01 7.985936835012104051e-01 7.932014834120975078e-01 7.923882257339899260e-01 7.955134332020892263e-01 7.941193723698394269e-01 7.964945048371626646e-01 7.903386947372227356e-01 7.818539103776787069e-01 7.885922050517883974e-01 7.929975385875160931e-01 7.790787740153937158e-01 7.833966573333144279e-01 7.786930244001596391e-01 7.695688269483861310e-01 7.858944796149854861e-01 7.611395921875584447e-01 7.636664910046655486e-01 7.917774386211060555e-01 7.921944628160175750e-01 7.918224647080375211e-01 7.890366658320914217e-01 7.862065517197412978e-01 7.876760860345634052e-01 7.897546590842436931e-01 7.938021582260311737e-01 7.881682148043142044e-01 7.887614799061803961e-01 7.913927940370220071e-01 7.839340451924554642e-01 7.827989478661694367e-01 7.944080551181094130e-01 7.901888851197160779e-01 7.936049650745843342e-01 7.869779622464359026e-01 7.938526351228103461e-01 7.930771886715577423e-01 7.944871493856534572e-01 7.948198073636546512e-01 7.967714162560394220e-01 7.885187818648158320e-01 7.940429703219927804e-01 7.989864371729707981e-01 7.942012273406660050e-01 7.932983948896389359e-01 7.971119598137427209e-01 7.911484739288202617e-01 7.973454838097561170e-01 7.948364437284030082e-01 7.973020789796508856e-01 7.955316106075049909e-01 7.966253764007068527e-01 7.970884206419425189e-01 7.996915182774081421e-01 7.999694051218722013e-01 7.967057598149593911e-01 7.989678276711847937e-01 7.960682450794287490e-01 7.898692940362433967e-01 7.965162441414096461e-01
1.321857106342079202e-01 1.607728429630355393e-01 3.683569055073322995e-01 5.696175517588338844e-01 4.388658329388565593e-01 4.986695412649261305e-01 7.267416340573709110e-01 6.932597429381731624e-01 1.000000000000000000e+00 7.246098603757608059e-01 8.003426921562140084e-01 8.268127402316401975e-01 7.516089144216656637e-01 7.261937007984464731e-01 8.419302114867561748e-01 8.238065355967805203e-01 8.086385756004756953e-01 6.401856784738504391e-01 7.362989843696592374e-01 6.500619264101262784e-01 6.294742440624743196e-01 7.527423995492742437e-01 7.321934267873568825e-01 6.473353471924462310e-01 7.050236908788669599e-01 8.248597414681464457e-01 8.153216964916790710e-01 8.169379448388010001e-01 7.994848575154344106e-01 8.217438663486030803e-01 8.504797512699809880e-01 8.256410473603121858e-01 7.972214076985894016e-01 8.052862950353716354e-01 8.174047901938895633e-01 8.135670274825004267e-01 8.261364349938352669e-01 8.352368217637515801e-01 8.496134479761842107e-01 7.810312168345594497e-01 8.500737448139895625e-01 8.296769800260239691e-01 8.316538595575879711e-01 8.547099182745814261e-01 8.462104739206350867e-01 8.415567016034348757e-01 8.599176608146963385e-01 8.717455094426708184e-01 8.651058747123336889e-01 8.352933647261623351e-01 8.498734010637610803e-01 8.516943303994860548e-01 8.552023834808389902e-01 8.758655620114995655e-01 8.625529888862647487e-01 8.520583904579417389e-01 8.757648019249220095e-01 8.594409680271648533e-01 8.588674686125452595e-01 8.750428593241256214e-01 8.644757631570730849e-01 8.700663157238621714e-01 8.569124411532126340e-01 8.701761499242159914e-01 8.780540448195679470e-01 8.812159382275749353e-01 8.662490409242949996e-01 8.491282468700142028e-01 8.536087872523537845e-01 8.533071730326881044e-01 8.436731358884123066e-01 8.595335540812754083e-01 8.300417285626773278e-01 8.348250700872678065e-01 8.659268247529765539e-01 8.684685196826704701e-01 8.558811230381915269e-01 8.609861594892427306e-01 8.501547686310044760e-01 8.686255846979203943e-01 8.673924670491773847e-01 8.662213324786584012e-01 8.594226978493978431e-01 8.674641988746406573e-01 8.538896516911764767e-01 8.550737102852986604e-01 8.540049104266278501e-01 8.524950678786713532e-01 8.584207510945789377e-01 8.593666766744990637e-01 8.443554282885809004e-01 8.533147573809333197e-01 8.596084033397434210e-01 8.545569162554076392e-01 8.616762224669011205e-01 8.651105283258501144e-01 8.352604772675504829e-01 8.655019324839708927e-01 8.608607271572882302e-01 8.577454004058995274e-01 8.519638444506631991e-01 8.588959877911479524e-01 8.641682781290065396e-01 8.602214279244628781e-01 8.639390132813953294e-01 8.642909687115141182e-01 8.667001045376044877e-01 8.685599922241873383e-01 8.648821934082924212e-01 8.648030426133642701e-01 8.544345813840673598e-01 8.675472170721441056e-01 8.637790376142672200e-01 8.680751517634697212e-01 8.741497895487909675e-01 8.715899119214145507e-01
3.383132364544058635e-02 1.652072945662362569e-01 3.176996526956419875e-01 5.094317882596646196e-01 4.185913736928694173e-01 4.527181565691894560e-01 6.861430218746898957e-01 6.551694129811543865e-01 7.246098603757608059e-01 1.000000000000000000e+00 7.582431731247772921e-01 7.720888934596595865e-01 7.004594631314179365e-01 6.931811522523921854e-01 7.989748903606900265e-01 7.800087933267029205e-01 7.180018418256235435e-01 5.876227249826392329e-01 6.819341401361860289e-01 5.731079356483637088e-01 5.368900676786542148e-01 6.686476255077989927e-01 6.860259834589785832e-01 6.039169143220300962e-01 6.520550455073228502e-01 7.656875571162964356e-01 7.534771579145677078e-01 7.717815057384235233e-01 7.329518338254802368e-01 7.511008467676270062e-01 7.854038860361978180e-01 7.805464257470512424e-01 7.452135817228682235e-01 7.503062363203537588e-01 7.575933378232717619e-01 7.559841665553774792e-01 7.768706841934608365e-01 7.972545973370528394e-01 8.022013215809827846e-01 7.601370713246888844e-01 8.065106481634806146e-01 7.963822857648441556e-01 7.873446205210810067e-01 8.083366056538245914e-01 7.986205865038352725e-01 8.006848801078011446e-01 8.206772406649451845e-01 8.236515997254697519e-01 8.160694890494495368e-01 7.797881579706927857e-01 8.093414762875034141e-01 7.782832411815042706e-01 7.972507398310769711e-01 8.170038628273013082e-01 8.058300578012651538e-01 8.041370103879912357e-01 8.022704907028403998e-01 8.142236872939829784e-01 8.175770660287946523e-01 8.193284337507759085e-01 8.177903270472525188e-01 8.205002807240240337e-01 8.124229516112922989e-01 8.115959153495277967e-01 8.038452543217001756e-01 8.097754311765795743e-01 8.173637312397050714e-01 8.027731594226562573e-01 8.068381236189591244e-01 7.943786227215666740e-01 7.883219236056174806e-01 8.096448287429792723e-01 7.853821688596922534e-01 7.896355196335724802e-01 8.189984039835600527e-01 8.160489066664375901e-01 8.145673530359968106e-01 8.094524409032736179e-01 8.130054605323586703e-01 8.158935124310974230e-01 8.175080534684345812e-01 8.173733331409049896e-01 8.119768250630078343e-01 8.158603923155745008e-01 8.053836413110690984e-01 8.064807123750625806e-01 8.109501562778407280e-01 8.158070588866267459e-01 8.175768396473845900e-01 8.161068638864251712e-01 8.089031941523915359e-01 8.180620226419013097e-01 8.161488962560674576e-01 8.181672800426611492e-01 8.208474698710748196e-01 8.218895356382380779e-01 7.961328547576030923e-01 8.044405985062653697e-01 8.165921224692254121e-01 8.167287600779051804e-01 8.133943115471969909e-01 8.114834310041374454e-01 8.158405965907143953e-01 8.161000637836794969e-01 8.115031529045126923e-01 8.113982812293131230e-01 8.195915668727282721e-01 8.227865095769975046e-01 8.210115141273155448e-01 8.220732730254567411e-01 8.186842555533145882e-01 8.208058111827336578e-01 8.201401446747313972e-01 8.172876251217932042e-01 8.143260613123199931e-01 8.179594795059350609e-01
2.588093792398320214e-02 1.166805611403003151e-01 3.638307375387626608e-01 5.844347595853757182e-01 4.654527414050002587e-01 5.176073609216462756e-01 7.715971860032604379e-01 7.365651941860178464e-01 8.003426921562140084e-01 7.582431731247772921e-01 1.000000000000000000e+00 8.700910546590104877e-01 7.858855654183513062e-01 7.627954829088481326e-01 8.850011679157545608e-01 8.551366834065238232e-01 7.964133620115495527e-01 6.759415196146414395e-01 7.836781308730795814e-01 6.538921874834762171e-01 6.468729020738723801e-01 7.940401673628013635e-01 7.812160380930004422e-01 7.019778708391506417e-01 7.594824016017708290e-01 8.481266330185910363e-01 8.358741019596467314e-01 8.596419420117906718e-01 8.127363579960888984e-01 8.447492924486771360e-01 8.724009561199066454e-01 8.602386548972800195e-01 8.289071147421337438e-01 8.412045465438943159e-01 8.507269242748882743e-01 8.513807659929608640e-01 8.580861573145618371e-01 8.784755755927835530e-01 8.895867981301882610e-01 8.509051487666032809e-01 8.958850225080938756e-01 8.881333035468358394e-01 8.834264577578450073e-01 8.996682413205383533e-01 8.919347208161565455e-01 8.914377557463228907e-01 9.002864896105703396e-01 9.034588855380720762e-01 8.965566071199350118e-01 8.667031067331314453e-01 8.919014206436238767e-01 8.786059761078978125e-01 8.884227903864758691e-01 8.982893144321409951e-01 8.886011210411740580e-01 8.941514662149324666e-01 8.878208024082107075e-01 9.000950160591431048e-01 8.955191242574797039e-01 9.005495315232917575e-01 9.009746706568860786e-01 9.005950408562751752e-01 8.947708696154231811e-01 8.968462907316309130e-01 8.884082115747726771e-01 8.946226417887408466e-01 9.024191695452408180e-01 8.951989048612288835e-01 8.949548394324577938e-01 8.876044936313918221e-01 8.924962845336510409e-01 9.037498283988688597e-01 8.770611007701413220e-01 8.867781965150262069e-01 9.030950426152238864e-01 9.049655227280609671e-01 9.000039261002288349e-01 8.945361833922037542e-01 9.011238733569172377e-01 9.023417319495985467e-01 9.036234855331869431e-01 9.039198287492885564e-01 8.998817373849371526e-01 8.994792577391277355e-01 8.942991809193100439e-01 8.955225603865721862e-01 8.991363253547053347e-01 9.018042980926360697e-01 9.029693405223162550e-01 9.042357944831939109e-01 9.005186310855924914e-01 9.037291691456250664e-01 9.055140838068644893e-01 9.043559653300322632e-01 9.029691789005477309e-01 9.050667754347492266e-01 8.877528298116968974e-01 8.917585583135539951e-01 9.017972767850952476e-01 9.018457511164686968e-01 9.027806546863982318e-01 8.986508686821316205e-01 9.036669699747494899e-01 9.038098366222926394e-01 9.033493960363395692e-01 8.995078241650785733e-01 8.994607968733305814e-01 9.050765218993720440e-01 9.059556672822384193e-01 9.050792207751712226e-01 9.035109349487296937e-01 9.047193298443086951e-01 9.041048528332389367e-01 9.032634475994677503e-01 9.004465759379906009e-01 9.040489047409938639e-01
1.382141184931199619e-02 1.293095768584134886e-01 3.894966097933889593e-01 6.282697173895338549e-01 4.699803278972443654e-01 5.525760560395163168e-01 8.008937251856607098e-01 7.651460246492113315e-01 8.268127402316401975e-01 7.720888934596595865e-01 8.700910546590104877e-01 1.000000000000000000e+00 8.125138488251232305e-01 7.893132002264985347e-01 9.178621419238867096e-01 8.874109923712903969e-01 8.344117597921001384e-01 6.741445006000325035e-01 7.949586449220725770e-01 6.831879321250515780e-01 6.694666835467264487e-01 8.165933540633696364e-01 7.857121904321402450e-01 6.956258130087836777e-01 7.567578553411558051e-01 8.627904356865215840e-01 8.635637994529609118e-01 8.861856603145190636e-01 8.458657117295246275e-01 8.533068884124440645e-01 8.982401603469928331e-01 8.833441920465872066e-01 8.578168805128375540e-01 8.624802778925186875e-01 8.715732358025806148e-01 8.820078231322422413e-01 8.919323144478035204e-01 9.125925989779772873e-01 9.183074992941450132e-01 8.815729042932839432e-01 9.229474836362610013e-01 9.217974516115846617e-01 9.217769962806169337e-01 9.356575206621980945e-01 9.213543682902618492e-01 9.236627536188222187e-01 9.325290507921165650e-01 9.363285044101022914e-01 9.302467628480232120e-01 9.070500430702170824e-01 9.270579749394542990e-01 9.186943436655873318e-01 9.224453479104560705e-01 9.283465050615942182e-01 9.158310476578453985e-01 9.247756793518173701e-01 9.245456196130202864e-01 9.311163488560084689e-01 9.267071569081321014e-01 9.342766006975313786e-01 9.357130347688067395e-01 9.337296209319573270e-01 9.296052187324179705e-01 9.339472824258419070e-01 9.260218410146426882e-01 9.298531283628462818e-01 9.359019357527675886e-01 9.209041057460222168e-01 9.207143025668458325e-01 9.210308267209890154e-01 9.247806108872407282e-01 9.313713331798986195e-01 8.966585977325873813e-01 9.065660402000520479e-01 9.310718625861833520e-01 9.343851259683668697e-01 9.320985989618612022e-01 9.262501752134214561e-01 9.272942682789511171e-01 9.258180343117367039e-01 9.332425085789812780e-01 9.365234209561160705e-01 9.327267964513974441e-01 9.312750460806630270e-01 9.300099001780004482e-01 9.266452864618519580e-01 9.333735476384217300e-01 9.345127862272029073e-01 9.348243634042944228e-01 9.337649506661790388e-01 9.329448085258891243e-01 9.365029953374043314e-01 9.379065497548115804e-01 9.375906601738145385e-01 9.366406201739793103e-01 9.384037387214861914e-01 9.259373539090143268e-01 9.311193383597354822e-01 9.366451583803189207e-01 9.377704567900783106e-01 9.374811768843817061e-01 9.356872274272273193e-01 9.367578544294037357e-01 9.393073579092146019e-01 9.402114527165099656e-01 9.347348223227622821e-01 9.356699886691588475e-01 9.374188117421536903e-01 9.363078763643467584e-01 9.384735287504326617e-01 9.365478629407406608e-01 9.387219259325825238e-01 9.383187969083637281e-01 9.392433335856339438e-01 9.372503951357582519e-01 9.392898619981510100e-01
1.079080808749126666e-02 1.396424587257503735e-01 3.186987693372929087e-01 5.373786237842224089e-01 4.486654071317903725e-01 4.815159380938116573e-01 7.219561671602879871e-01 6.931716964066471087e-01 7.516089144216656637e-01 7.004594631314179365e-01 7.858855654183513062e-01 8.125138488251232305e-01 1.000000000000000000e+00 7.252273126179862306e-01 8.360641936249467721e-01 8.230710717718531244e-01 7.619283146177107113e-01 6.174706984129987308e-01 7.079761583872745678e-01 5.981058507990891782e-01 5.693775036883832463e-01 7.087802659303005237e-01 7.202878541232042853e-01 6.356355331509457862e-01 6.781521738246560904e-01 7.875000291478694292e-01 7.654725329858148575e-01 7.980657694259508661e-01 7.466304435929267402e-01 7.736406398080553082e-01 8.155346316390416073e-01 8.103442022337661310e-01 7.651791083102877922e-01 7.874346534755515270e-01 7.855636223091417847e-01 7.935012814454979191e-01 8.002176228762025723e-01 8.249271641577365921e-01 8.334640893557380137e-01 7.858803025138971776e-01 8.387507828900274687e-01 8.342845901530073771e-01 8.310812911078874210e-01 8.485740496186634507e-01 8.364213402760054539e-01 8.383526035552338884e-01 8.533862196981304438e-01 8.552775402345632605e-01 8.458840213829953436e-01 8.126213761290925763e-01 8.370490344660549420e-01 8.305268235352557538e-01 8.355999713059906187e-01 8.495120293256729349e-01 8.334808589734005180e-01 8.334785614846349500e-01 8.397089011157111704e-01 8.467745144707309324e-01 8.428804221064817304e-01 8.570482686916416348e-01 8.534871283971519063e-01 8.494308646888053538e-01 8.435950301207186808e-01 8.487973967415003429e-01 8.487158949791853146e-01 8.473677754844318732e-01 8.553970283609672043e-01 8.386958357517710905e-01 8.447313986452298362e-01 8.325191990789276852e-01 8.263341704187838754e-01 8.440480661364597736e-01 8.211541152595664972e-01 8.232492867249341373e-01 8.497833824169062078e-01 8.493720797800883293e-01 8.426732971760148017e-01 8.333933617197533117e-01 8.458675967990673117e-01 8.463823712231328678e-01 8.495352798250597193e-01 8.536429492329311586e-01 8.493682895622307605e-01 8.472041125328757527e-01 8.477545680832535568e-01 8.471555598199926873e-01 8.466069328081168299e-01 8.536605984655019075e-01 8.535386379000302615e-01 8.534052477108602375e-01 8.448529351370619445e-01 8.523495014102202560e-01 8.542086401504326298e-01 8.534433951283095787e-01 8.574870725345565825e-01 8.576271998411629793e-01 8.423981039185068909e-01 8.472536790687998920e-01 8.558489985876100992e-01 8.525066488058494762e-01 8.533455476534739237e-01 8.529496415166869516e-01 8.554847704711127099e-01 8.577009900471861403e-01 8.566723872333720236e-01 8.537777441776177589e-01 8.555171766851262793e-01 8.569379518975527299e-01 8.557043246010995752e-01 8.569485671813259486e-01 8.543135367324259377e-01 8.598452485508762955e-01 8.575939093674922464e-01 8.574210091978901049e-01 8.543530866787888423e-01 8.579773314292250541e-01
