1.000000000000000000e+00 1.004592946510913520e-01 6.431830523167701708e-02 1.074306632461708017e-01 4.736504353383395177e-02 -1.925570219039606477e-03 1.171624921597415672e-02 5.120517969410899595e-02 1.045750128068015927e-01 1.177157835953397159e-02 3.647203629384512813e-02 2.524986238043489678e-02 3.235628384436856769e-02 -1.794278363652763997e-02 -8.327679440335840431e-04 1.767363159475763418e-02 5.795355418861831975e-02 -1.315085395833310959e-02 -3.780120577739063282e-03 1.071217920290935995e-02 5.687867575627923722e-02 4.649493761996047886e-02 2.364369746810922671e-02 -1.861165651503256593e-02 1.049240515520501356e-02 2.811451457957919384e-02 5.265124294312177426e-03 -1.759788486092525583e-02 5.478760446589309163e-02 4.712195954439490908e-02 4.865804548892602860e-02 -6.890289498825771450e-03 -5.150357243888144948e-02 -6.139522971127954866e-04 -2.583597061367169569e-03 -9.556252124063465553e-03 6.147145372127094456e-03 -1.684790980636102428e-02 -1.058749305052698354e-02 -6.187492214466991380e-02 -9.780513225262759194e-03 -4.055066981514553193e-02 -2.576194402515272902e-02 -9.070662988553104128e-03 -1.188050484401166618e-02 -1.787157548683813296e-02 1.118419291410882241e-02 1.172998744494782933e-02 2.146292045239483678e-02 2.761643570944413012e-02 8.576846759165094453e-04 4.769183557247651944e-02 3.088210444105439489e-02 3.632717370152495351e-02 2.165156465717532619e-02 1.512324422058624641e-02 5.699448879267290935e-02 -2.159565974443353707e-03 -9.442613843822974043e-03 3.361673502453050438e-02 2.630129148936444228e-02 3.079980140049179069e-02 1.681291966386012221e-02 2.568078493225366826e-02 5.184627136372983031e-02 5.720651992225036370e-02 2.294870927136815134e-02 -1.740535809557693103e-03 1.039560284876669440e-02 1.746603757341667201e-02 2.659144772806919157e-03 1.358832216461624588e-02 -3.403414653109305792e-03 4.877559655331192151e-03 1.019388413522891862e-02 8.992247079489142786e-03 -4.007633628000780747e-03 2.614459321917598014e-02 8.392637896264416517e-03 2.095425743908772495e-02 1.465599948771078957e-02 2.331773907455909206e-02 2.739853221741445077e-02 4.484001457861179138e-03 -4.195030196531201669e-03 8.315576483986905978e-03 -4.540287856778110428e-05 -6.689246554051664177e-03 -4.321298802744671409e-03 1.383354384093205165e-02 -2.798149526658674779e-02 -1.189368606951931792e-02 -6.419616392829901805e-03 -8.907678359995927636e-03 2.004500177986981262e-03 4.795607922782938945e-03 4.086150446206800006e-03 5.811426202642339806e-02 1.870392489007067019e-02 6.448993049400296440e-03 -1.467962765256838192e-02 1.972902739632305391e-02 2.330106424694552633e-02 -1.126413121395869422e-03 1.750068357986150555e-02 4.824145611985959647e-02 2.872365103328204661e-02 1.477252628318407798e-02 1.283284640643409143e-02 1.262421738113756430e-02 -1.093658120725687433e-03 2.583790347997726514e-02 1.894969661047292767e-02 2.635916745533384634e-02 3.099278133465246596e-02 4.028355366535422283e-02
1.004592946510913520e-01 1.000000000000000000e+00 7.466400234165611327e-02 1.127284193931884781e-01 8.188532582948894467e-02 7.024867820341827718e-02 1.281629957220134231e-01 9.069103643238296542e-02 1.537720601525754127e-01 1.727803633248242987e-01 1.651813274082513938e-01 1.651332574808772324e-01 1.245197628914608973e-01 1.177975022733034755e-01 1.609928994785817247e-01 1.513376441740480471e-01 1.557860062160442149e-01 1.396296947972523184e-01 1.438128832761295939e-01 1.342828496438662478e-01 1.434920607542251314e-01 1.673423686022746659e-01 1.666542564917956326e-01 1.539026195261465335e-01 1.630195103909551080e-01 1.661452264918586996e-01 1.668661334689219289e-01 1.413203061438272345e-01 1.510824789430184611e-01 1.909466852075999421e-01 1.924531095204163322e-01 1.532773434681419522e-01 1.201244555691275417e-01 1.441928483878782141e-01 1.504455175565532488e-01 1.438430859173575327e-01 1.759687875495876686e-01 1.345983482881381588e-01 1.529570555487791694e-01 1.428037350942344130e-01 1.632905402150627294e-01 1.442188419848283998e-01 1.465826552435335328e-01 1.557773944680440892e-01 1.616017776167842923e-01 1.579541395604654175e-01 1.651674867386494494e-01 1.684159581148327312e-01 1.573373390766471813e-01 1.339609545371675814e-01 1.347984682207421236e-01 1.418360284776885583e-01 1.663382564972537836e-01 1.815242212539383559e-01 1.720708406907913712e-01 1.649760509607315073e-01 1.662575397804852972e-01 1.637772409486875080e-01 1.562576066315009837e-01 1.771693548537914553e-01 1.634300181382063177e-01 1.752328815393120187e-01 1.575013455239600846e-01 1.620550432865885682e-01 1.679583505518764674e-01 1.775696313304051810e-01 1.684721516811943653e-01 1.679436049786448004e-01 1.721953605240053864e-01 1.721868560316281438e-01 1.647684319273695075e-01 1.743267821215915558e-01 1.706328591983637954e-01 1.733692375237690375e-01 1.745271496682888890e-01 1.649615556799078897e-01 1.614965120170828716e-01 1.650994473621382463e-01 1.718563404589897869e-01 1.800099848026807392e-01 1.668717417459802399e-01 1.770554997506144368e-01 1.669932736857113742e-01 1.621387906186828320e-01 1.488007218809078158e-01 1.637675709609113239e-01 1.726641506652229763e-01 1.552507698874271980e-01 1.648110283499850115e-01 1.788021255666618348e-01 1.541089717520652824e-01 1.599917532108967866e-01 1.658717833150945009e-01 1.636188440464670935e-01 1.644532922602629510e-01 1.702974076737200082e-01 1.504119356144479058e-01 1.452429001914843920e-01 1.580249718527422242e-01 1.504347004873817228e-01 1.591567244412130377e-01 1.540762970408682542e-01 1.685817228714328875e-01 1.582192053355562511e-01 1.555745333266159158e-01 1.681000194483683874e-01 1.653343256170634878e-01 1.707864142082200776e-01 1.676996782864328683e-01 1.623574015712215546e-01 1.597649738201455116e-01 1.720580958028153362e-01 1.729804663313403157e-01 1.607462653455307977e-01 1.672409817957412892e-01 1.698787252939987780e-01
6.431830523167701708e-02 7.466400234165611327e-02 1.000000000000000000e+00 2.889740641222373618e-01 1.815049315952680098e-01 2.042987781417015813e-01 3.394669118325958634e-01 3.020531319217775179e-01 3.333023374377205306e-01 2.871349479587211873e-01 3.578513859051669632e-01 3.507958088975557387e-01 3.101406487742623397e-01 2.710764514929871472e-01 3.623285476560135776e-01 3.426718849911943310e-01 3.329577632101221596e-01 3.494454251631479158e-01 3.569454335962395364e-01 3.197592769034841020e-01 3.574211572858597141e-01 3.617122988630720459e-01 3.536688727520513886e-01 3.562637445460715702e-01 3.750811199373708105e-01 3.806654973484415172e-01 3.628909094049719841e-01 3.643153345510449226e-01 3.521121782241938836e-01 3.832873362976519926e-01 3.876548934502102028e-01 3.763041849990735876e-01 3.596230590358356349e-01 3.810913907857415572e-01 3.648555532704390592e-01 3.653537626399087634e-01 3.815110679231861202e-01 3.661941709637869247e-01 3.672718308298086320e-01 3.659750277030665022e-01 3.666198922969842733e-01 3.644488056889351180e-01 3.670797598533437345e-01 3.708034241158747468e-01 3.831444783065653947e-01 3.595687811703414671e-01 3.575013840339361648e-01 3.681279533622028310e-01 3.683038658369924279e-01 3.674942122429476488e-01 3.751544978044030199e-01 3.513329622681592990e-01 3.663976724730602652e-01 3.607960978859496848e-01 3.631627554836523997e-01 3.698981373091139724e-01 3.548791246965349311e-01 3.629288246669197804e-01 3.716482668620382235e-01 3.598433752184717060e-01 3.667147534630311734e-01 3.642491844485530872e-01 3.616764822475531660e-01 3.581591877113037281e-01 3.493863027282923528e-01 3.557633270320266772e-01 3.677546268723469458e-01 3.743196263348926300e-01 3.789603881510866246e-01 3.813598983562355160e-01 3.774764361683978220e-01 3.732827926560609022e-01 3.802366155423819727e-01 3.785202206317316298e-01 3.806949876031965330e-01 3.763391437193319145e-01 3.693021170593719926e-01 3.716320759784199068e-01 3.753271031887878695e-01 3.800528132318216623e-01 3.773403660182338970e-01 3.790136834670966848e-01 3.721856332054634953e-01 3.697746607472884306e-01 3.742284406186116574e-01 3.810022771067602676e-01 3.777295271668456023e-01 3.740087778691681963e-01 3.716747773188496251e-01 3.697377751770645204e-01 3.733466831188013701e-01 3.701140137081556092e-01 3.701242619648487109e-01 3.709667895548112160e-01 3.673089492297919589e-01 3.649417440421316439e-01 3.699827549839109220e-01 3.606572685682945534e-01 3.664990000753732269e-01 3.733570262740764645e-01 3.699727054298443396e-01 3.635583620479722611e-01 3.681981781646498919e-01 3.686100057371632932e-01 3.684761221959125255e-01 3.610594772547911502e-01 3.688222457934385856e-01 3.687149209981890330e-01 3.692595945578776018e-01 3.660396668855746549e-01 3.636100422530010867e-01 3.638574499017135921e-01 3.652920924180708684e-01 3.632218097056260087e-01 3.623764434603352624e-01 3.625880935684675510e-01
1.074306632461708017e-01 1.127284193931884781e-01 2.889740641222373618e-01 1.000000000000000000e+00 3.037144000493167684e-01 3.268390764517005165e-01 5.599204517701878991e-01 5.266892911477256689e-01 5.854627231816195154e-01 5.044482866104692542e-01 5.908427926935113650e-01 6.221498900800167542e-01 5.329923330886709998e-01 4.783925912225641675e-01 6.124944562023122430e-01 6.056934265276456841e-01 5.520340463542207088e-01 5.409228297603865254e-01 5.691519039941052016e-01 4.744469142219205904e-01 5.825081261370068653e-01 6.248434011594287130e-01 5.891463591961478841e-01 5.327960166812638620e-01 5.979656928082256462e-01 6.213673836389161931e-01 6.142001147433076014e-01 6.107082276161860390e-01 5.978169344538978303e-01 6.211736377989329760e-01 6.239871033368904474e-01 6.165813514280167329e-01 5.880020195931616733e-01 6.196731972826209356e-01 6.117421413762879068e-01 6.091860591311677453e-01 6.190442401176468046e-01 6.200749094620809920e-01 6.240710351620086804e-01 5.981414576607440026e-01 6.159764356142635178e-01 6.138561671119878715e-01 6.084241025873642350e-01 6.253514951874283856e-01 6.268865734878210638e-01 6.105938024394396146e-01 6.195030021534820852e-01 6.214969574643722794e-01 6.274830546438980861e-01 6.312284752276577926e-01 6.271324305289676104e-01 6.257744668341158611e-01 6.316221022629117110e-01 6.218932295212487027e-01 6.229517632119587756e-01 6.189034227573492197e-01 6.274594781269606791e-01 6.198722251812832651e-01 6.145694895960425175e-01 6.224699680756108355e-01 6.337928764165875473e-01 6.200829933687552753e-01 6.206666825362968654e-01 6.223303684465141261e-01 6.233886964772076267e-01 6.321303813172558517e-01 6.268496725022777438e-01 6.197803356793216700e-01 6.298302975711592699e-01 6.238484799344224951e-01 6.349132258504753823e-01 6.307220708289104083e-01 6.107625139559230698e-01 6.255267158336149658e-01 6.297749147389540836e-01 6.304675940820635427e-01 6.270908578177892823e-01 6.300590267486818608e-01 6.328811277079244846e-01 6.352796753040262923e-01 6.297073046957242237e-01 6.326740050554864325e-01 6.357726299648284174e-01 6.343784993411728523e-01 6.338340634114026928e-01 6.298232363748432761e-01 6.309092976501601280e-01 6.320906886797660329e-01 6.273450820907163772e-01 6.256502032391273449e-01 6.232032557969338082e-01 6.270412400802966024e-01 6.269980083486683675e-01 6.272834843790007220e-01 6.252932694061166252e-01 6.239596206920721144e-01 6.363756717929476281e-01 6.458957078390148432e-01 6.378402854906854991e-01 6.379548402553857356e-01 6.280884735089150572e-01 6.347245624738812042e-01 6.355949692776328153e-01 6.298940637610317417e-01 6.377724882282603813e-01 6.368501383943132588e-01 6.383238273356458548e-01 6.273940442121426209e-01 6.294005509165799817e-01 6.303400646994646861e-01 6.240365900696690504e-01 6.278838719836932203e-01 6.296531888014972322e-01 6.364075841598817451e-01 6.283540463560189915e-01 6.358886179445173426e-01
4.736504353383395177e-02 8.188532582948894467e-02 1.815049315952680098e-01 3.037144000493167684e-01 1.000000000000000000e+00 2.412604145288922419e-01 4.241965539331063462e-01 4.263538330312325320e-01 4.434759639157608291e-01 3.932287174968628340e-01 4.336344549565308570e-01 4.538450926391734419e-01 4.339112505088045801e-01 3.708328812539564701e-01 4.558289018943643134e-01 4.638543927123636723e-01 3.904967539766249773e-01 4.199920496971984440e-01 4.411783357761214774e-01 3.797481860161198153e-01 4.308184600419431298e-01 4.661302062923292633e-01 4.401164331391200224e-01 4.142988114783440756e-01 4.600032413278428156e-01 4.686276665959540066e-01 4.519955467007838457e-01 4.477166532061800930e-01 4.198625257918508491e-01 4.591416525292897899e-01 4.601149653645308923e-01 4.495526641442340599e-01 4.187561257202973564e-01 4.361743228988372856e-01 4.475735148738845814e-01 4.285446744029068333e-01 4.574115539655747575e-01 4.395272539849241489e-01 4.593825229352928585e-01 4.524707419315225354e-01 4.543035120553919337e-01 4.633797623030436186e-01 4.689526096732571925e-01 4.737202747200487396e-01 4.649817051662409884e-01 4.651046922748029999e-01 4.652514854647418208e-01 4.667239971787022212e-01 4.618560357094911861e-01 4.419884352915007253e-01 4.602428545035088803e-01 4.450273629576717571e-01 4.681279829476578946e-01 4.686709605901617226e-01 4.643961768017572100e-01 4.545727813826375696e-01 4.612973173256429971e-01 4.714139541658385890e-01 4.599683891583637996e-01 4.806953611666012760e-01 4.734301184389914652e-01 4.665547163728261948e-01 4.571446737877842281e-01 4.636705971685076144e-01 4.599523406182817742e-01 4.612067654627049484e-01 4.675696294532813435e-01 4.673676589090212663e-01 4.705581737609705328e-01 4.713715844726303894e-01 4.773006039444144810e-01 4.736307199861873318e-01 4.589795043840734223e-01 4.718496793025657721e-01 4.738858788933040800e-01 4.728015060296775207e-01 4.640309258153435534e-01 4.598531578818345622e-01 4.685765623740270058e-01 4.705208874733783908e-01 4.727227522907337942e-01 4.704234052827237500e-01 4.598277500385117844e-01 4.670217373523619653e-01 4.603350750599513042e-01 4.625395456036200947e-01 4.659505726403424530e-01 4.663856984741548972e-01 4.677305263459635154e-01 4.685415562247770560e-01 4.681210236305387018e-01 4.746181886866125965e-01 4.684073964976384619e-01 4.684798812189410189e-01 4.702405645894310315e-01 4.687297806870449057e-01 4.699313876472208107e-01 4.558483712414914679e-01 4.725244884584539617e-01 4.669347683377420011e-01 4.772012883394087246e-01 4.643390703674768472e-01 4.720754322279321347e-01 4.747505448168317654e-01 4.652354590895406705e-01 4.663496594958767560e-01 4.706649047487325155e-01 4.715494386965873308e-01 4.696600456952078062e-01 4.733699243532191736e-01 4.622959851116591468e-01 4.748323410141426226e-01 4.704605348347241645e-01 4.690539325758888434e-01 4.636941999127657810e-01 4.698755677974630340e-01
-1.925570219039606477e-03 7.024867820341827718e-02 2.042987781417015813e-01 3.268390764517005165e-01 2.412604145288922419e-01 1.000000000000000000e+00 4.458161057057205556e-01 4.106506536133391894e-01 4.823912632599607342e-01 4.470353605978839018e-01 4.688187480076101421e-01 4.972261451172674263e-01 4.557020351507936051e-01 4.024925549196420871e-01 5.162095016466174968e-01 5.017161732616702841e-01 4.498082559711062411e-01 4.374036684976545519e-01 4.616330110787369434e-01 3.780871607346845131e-01 4.373765825394004270e-01 4.783884733559031766e-01 4.490236866099668323e-01 4.233179890405248669e-01 4.696609765905787603e-01 5.026051183708087899e-01 5.026578983425592506e-01 4.938862281932372422e-01 4.715409696555524777e-01 4.976013723814576295e-01 5.096609210154805503e-01 5.033962059373077169e-01 4.812872019299492266e-01 4.947801659717965261e-01 4.995430325005992822e-01 4.919934068702484509e-01 5.116619955752288451e-01 5.116874767105903388e-01 5.126201960221572484e-01 4.954321793761375381e-01 5.147040592481025856e-01 5.240425362844759460e-01 5.015669573610678222e-01 5.272496800413575269e-01 5.142752983214508022e-01 5.166148051078840453e-01 5.304726614437528243e-01 5.287001103660027290e-01 5.212393027183200855e-01 5.118844363705894462e-01 5.162995350123429361e-01 4.936978843012723162e-01 5.196311353977028924e-01 5.270365544328851071e-01 5.247028324009617162e-01 5.214068881343772999e-01 5.193910039069749018e-01 5.278503167567717425e-01 5.267042348680820441e-01 5.248427135440990599e-01 5.285676153754995665e-01 5.223808580393689560e-01 5.271835065201367909e-01 5.198600521545330144e-01 5.087455627759108756e-01 5.190991727377687326e-01 5.248885165287819898e-01 5.231765035933301222e-01 5.192084338450994041e-01 5.103933380840920409e-01 5.198918247369292978e-01 5.229489360531721642e-01 5.027952708811602722e-01 5.167927582398204045e-01 5.223507247176397694e-01 5.231747984926260475e-01 5.154684626165499939e-01 5.226389604055924343e-01 5.193689746762701898e-01 5.230933436796101343e-01 5.214161895092881416e-01 5.261687897063113128e-01 5.208706306560779709e-01 5.218111623164869428e-01 5.203088093114371926e-01 5.179977911408899516e-01 5.241117486543623860e-01 5.248417888812421106e-01 5.269792861314090970e-01 5.195458006739921419e-01 5.190668645064020481e-01 5.284184294870406529e-01 5.262532540490951760e-01 5.257866352917358599e-01 5.276973552561194936e-01 5.285342639979730972e-01 5.237475193094062176e-01 5.167688206135282458e-01 5.273158511058103626e-01 5.213791128096099126e-01 5.253446167113534626e-01 5.261609061856038494e-01 5.295067027954175609e-01 5.298163815932378506e-01 5.252839258897012975e-01 5.220670964702808226e-01 5.283269386740898632e-01 5.290812765813800445e-01 5.265116324880597665e-01 5.276665361899273154e-01 5.260628986360175174e-01 5.282591945303420911e-01 5.289639532459877724e-01 5.259663076359792910e-01 5.213754477991948688e-01 5.259957782047578467e-01
1.171624921597415672e-02 1.281629957220134231e-01 3.394669118325958634e-01 5.599204517701878991e-01 4.241965539331063462e-01 4.458161057057205556e-01 1.000000000000000000e+00 6.776580155169333874e-01 6.991274039759231007e-01 6.537645643012394148e-01 7.310441367094081544e-01 7.726663337512791330e-01 6.844515687178860386e-01 6.250582731130871483e-01 8.258542033410843919e-01 7.854393019266876497e-01 6.623937728404838410e-01 7.226899828422020944e-01 7.646956742664412499e-01 6.583092376227502873e-01 7.658880477452648661e-01 7.895349864541683083e-01 7.533618020466111842e-01 7.183049944804328346e-01 7.853438949452747897e-01 7.933400685097147242e-01 7.858705071643724560e-01 8.212516398966889231e-01 7.874188020594676818e-01 7.970041843893731492e-01 7.971693771487968760e-01 7.839347142523013234e-01 7.856364699127574847e-01 7.855248478222810471e-01 7.894330895378948165e-01 7.741284436920173873e-01 8.002750366792761305e-01 8.003134072993074444e-01 8.088184896568649807e-01 8.105549765555432051e-01 7.929136814572989023e-01 8.067862521759128214e-01 8.190810706570315070e-01 8.085328341037794075e-01 8.080143870652898297e-01 8.112715528939922205e-01 7.863288316366371378e-01 7.869057847505559478e-01 7.834317887322116425e-01 7.704166325522920911e-01 8.026257634385020046e-01 7.529143281585827241e-01 7.802703430624586822e-01 7.795858836205254994e-01 7.861407829866882135e-01 7.824804833744841703e-01 7.644015113638570336e-01 7.956172021206080469e-01 8.033606460806723693e-01 7.819202218940846105e-01 7.901268014069626755e-01 7.844888316643672255e-01 7.784524786587502243e-01 7.738574250458865045e-01 7.553287488402630201e-01 7.707068037433563168e-01 7.861846265794686373e-01 7.975031221144240901e-01 8.007641150957550691e-01 8.072429904732164596e-01 8.147107758808094236e-01 8.019968156172124774e-01 7.909339536950990013e-01 8.108988393502941650e-01 8.005628743479678011e-01 8.102474328357830435e-01 8.212281559074637860e-01 8.129662050269572671e-01 8.186455390666571574e-01 8.037634378856536310e-01 8.066301187061271083e-01 7.978628177740604288e-01 7.992973440341947233e-01 8.101442982054157804e-01 7.992659278415307211e-01 8.006205371674015581e-01 8.081990309926726512e-01 8.086889831692225528e-01 8.079230831835014781e-01 7.999273230720862493e-01 8.187697044729225215e-01 8.126431748672285904e-01 8.045092017419981367e-01 8.095600515997734004e-01 7.919177589458278321e-01 7.912009850782348863e-01 7.985366178254487135e-01 7.653418382056901281e-01 7.880875985397345351e-01 8.005658250057562375e-01 8.106223823697250586e-01 7.812670440055223819e-01 7.926121091589819478e-01 7.993501275459150568e-01 7.932600035757195744e-01 7.761994161527699942e-01 7.907202023577121208e-01 7.927505337448045308e-01 7.955374640482878457e-01 7.932589173851668507e-01 7.980057860372083978e-01 7.867929634905130865e-01 7.929848579105076567e-01 7.848969650483444971e-01 7.798097563324419834e-01 7.816043220705446437e-01
5.120517969410899595e-02 9.069103643238296542e-02 3.020531319217775179e-01 5.266892911477256689e-01 4.263538330312325320e-01 4.106506536133391894e-01 6.776580155169333874e-01 1.000000000000000000e+00 6.725376211696941775e-01 6.273624318372358344e-01 6.966632971084032455e-01 7.556882962973229256e-01 6.629551461018994285e-01 5.916700225440891803e-01 7.556049913534853557e-01 7.712917325183700212e-01 6.351189160309470561e-01 6.806965646204956588e-01 7.110974232628862746e-01 6.141718583548864130e-01 7.107844933648642671e-01 7.431226093593101822e-01 7.000661407072404918e-01 6.535225649141599424e-01 7.263698171476408172e-01 7.482450355390040109e-01 7.279237512785928788e-01 7.302682054770293085e-01 7.086871724126639904e-01 7.380542098980843457e-01 7.428665183332643362e-01 7.470803816986740786e-01 7.230138383953890191e-01 7.428968102557592657e-01 7.404460082908903562e-01 7.279942569432644728e-01 7.467846379206281027e-01 7.776877644200786976e-01 7.705393391305290773e-01 7.526523548657888529e-01 7.434018897038783269e-01 7.542269447179762443e-01 7.663993212867733495e-01 7.756238597375090249e-01 7.539957235945597969e-01 7.639916255558840685e-01 7.558987850429791377e-01 7.587637806786428074e-01 7.627707776362298020e-01 7.729902936581328765e-01 7.815587760689340913e-01 7.363705994522405929e-01 7.568015042167015594e-01 7.496625974255841651e-01 7.627932319634060931e-01 7.582648499786485141e-01 7.561512700329956482e-01 7.698613753069357690e-01 7.745754914209490583e-01 7.548584824738631127e-01 7.703435506237914510e-01 7.616510046360323027e-01 7.726071504302274295e-01 7.553254873107380085e-01 7.346884227251335719e-01 7.471566681862367165e-01 7.558996527345709371e-01 7.558226231804144879e-01 7.600010029772636955e-01 7.606182403450117979e-01 7.680102692466932446e-01 7.611914593276647434e-01 7.407265381113310454e-01 7.565878104646228675e-01 7.567969112446857327e-01 7.614359665456161830e-01 7.583559449099596117e-01 7.577890832505589369e-01 7.642676683778342195e-01 7.590216410309565953e-01 7.617969545308029833e-01 7.604262871437452720e-01 7.599690003964928442e-01 7.634513895163750341e-01 7.725094960608397399e-01 7.625163341850559329e-01 7.573628867838128054e-01 7.792704782667954078e-01 7.666725016034250384e-01 7.653389654076228066e-01 7.649205958770142200e-01 7.683236829896381570e-01 7.624068822973556481e-01 7.654290140235879836e-01 7.628031072701282334e-01 7.585965403222046932e-01 7.812469097299641341e-01 7.689462334180268144e-01 7.741681955828232375e-01 7.769930807319103128e-01 7.763441009266771609e-01 7.787694208085603753e-01 7.635930683748958225e-01 7.723433016366012538e-01 7.681694097544427002e-01 7.683512527207517762e-01 7.684317261694669776e-01 7.626325308546569870e-01 7.677852511357665666e-01 7.685015222633442278e-01 7.779713845472665534e-01 7.594414671994513810e-01 7.693534893658691143e-01 7.657982467784983927e-01 7.499989866823715268e-01 7.598306461865385053e-01
1.045750128068015927e-01 1.537720601525754127e-01 3.333023374377205306e-01 5.854627231816195154e-01 4.434759639157608291e-01 4.823912632599607342e-01 6.991274039759231007e-01 6.725376211696941775e-01 1.000000000000000000e+00 7.547588682644492675e-01 7.925517889225193180e-01 8.383553424211828142e-01 7.597343508394922562e-01 6.684103580096802943e-01 8.384201551870191782e-01 8.267266211943017362e-01 8.026531628071950086e-01 7.411723157784768645e-01 7.846182694892879228e-01 6.463634918826530740e-01 7.377790103339647576e-01 8.310675868172985314e-01 7.898986149823117309e-01 7.177635096054586494e-01 7.991890200083059392e-01 8.382287241074746209e-01 8.282635185605693451e-01 8.040869563924999408e-01 7.775517067448286523e-01 8.413114325425657958e-01 8.536890421635755510e-01 8.396833406256954957e-01 7.747885205821762877e-01 8.173562202109807551e-01 8.177842603155386358e-01 8.033216772503203318e-01 8.449453495879843956e-01 8.228599209774786205e-01 8.421371218382994739e-01 7.933251737617547095e-01 8.480138255914827505e-01 8.394977603280349143e-01 8.214166500061108600e-01 8.629926105877605558e-01 8.460362346210865692e-01 8.464615955279826132e-01 8.778429585940484836e-01 8.811975569695077448e-01 8.770109415758452487e-01 8.433051244664228063e-01 8.465095345035760221e-01 8.496147711711011796e-01 8.707731635768978240e-01 8.826512152535455069e-01 8.672756290239027610e-01 8.598390975966736516e-01 8.776195976560636769e-01 8.709557474524562970e-01 8.572626279582143960e-01 8.820960414042234854e-01 8.788623963531227989e-01 8.752923094895256328e-01 8.618751220046930728e-01 8.749446423830825603e-01 8.857434109172717118e-01 8.870738678627440033e-01 8.806915496172530444e-01 8.683671056863230264e-01 8.672314255481302636e-01 8.553204413002726270e-01 8.643071416552756681e-01 8.766696123301526145e-01 8.441387137175592192e-01 8.593119647907353498e-01 8.724742283370777729e-01 8.719826010741991151e-01 8.606767098569741981e-01 8.617921772109363721e-01 8.653240867548599446e-01 8.752138876248036770e-01 8.703145996959120723e-01 8.780314935182961245e-01 8.748857829733369673e-01 8.657345198144974496e-01 8.558661992125977669e-01 8.606051581836832165e-01 8.659889649972317693e-01 8.627319128163091211e-01 8.674252065744296747e-01 8.647066868796793315e-01 8.531917075910538939e-01 8.698023936899319519e-01 8.697427433867348512e-01 8.702263800709651997e-01 8.776520474164548613e-01 8.797304936732632807e-01 8.594862271324190672e-01 8.692977901221625725e-01 8.762830155585856762e-01 8.651951076442029320e-01 8.614360138435873671e-01 8.678759632023492765e-01 8.809971591990410911e-01 8.759918750697528456e-01 8.768073432670675516e-01 8.761720420901065731e-01 8.824933245279124039e-01 8.800693599605609041e-01 8.759126127013161511e-01 8.812159616392301054e-01 8.677746040902674096e-01 8.868064404071330786e-01 8.772397343740063747e-01 8.797206617752181268e-01 8.861987310175977184e-01 8.877524775951989300e-01
1.177157835953397159e-02 1.727803633248242987e-01 2.871349479587211873e-01 5.044482866104692542e-01 3.932287174968628340e-01 4.470353605978839018e-01 6.537645643012394148e-01 6.273624318372358344e-01 7.547588682644492675e-01 1.000000000000000000e+00 7.516932915961411776e-01 7.858415451264176843e-01 7.153375473406849983e-01 6.295904015138077403e-01 7.916599059253296433e-01 7.794488921606073095e-01 7.336574807852377367e-01 7.081021632770528873e-01 7.489472147571585303e-01 6.225789107723143090e-01 6.869823872623729288e-01 7.713523104735235947e-01 7.488785776051619658e-01 6.922012719880636933e-01 7.567238609818861539e-01 7.920514099421184229e-01 7.884524924795800471e-01 7.691181319833954033e-01 7.303265826812871397e-01 7.944111314793781409e-01 8.083128235504983827e-01 8.041123368866667231e-01 7.522012804361755123e-01 7.844310092628945519e-01 7.752091376760270602e-01 7.725827049306687178e-01 8.017362695471254019e-01 7.915381652535373735e-01 8.081558369341466097e-01 7.662890975534657478e-01 8.127218927827671857e-01 8.019697251157618112e-01 7.825196239912434182e-01 8.202073883301741475e-01 8.085958159942620016e-01 8.101826382182089059e-01 8.334382591947190333e-01 8.376138964569399548e-01 8.246106529779542171e-01 7.907457028834763424e-01 8.025403131707463666e-01 7.876713581850389723e-01 8.136262465592438708e-01 8.296689071662801673e-01 8.237519098178529564e-01 8.214305856631824998e-01 8.144177406059015523e-01 8.281722057512976853e-01 8.227818055449236390e-01 8.283303117035861751e-01 8.239211864147458764e-01 8.273146345545124847e-01 8.139701869663023004e-01 8.198286920403503597e-01 8.212043318066237774e-01 8.297388882451876002e-01 8.339079098916436505e-01 8.287647393936652396e-01 8.267107327179026299e-01 8.151166907679691098e-01 8.213638563642673418e-01 8.303972334205296235e-01 8.099968349943411638e-01 8.186940410817055147e-01 8.284185902606366891e-01 8.279418535930735956e-01 8.201840710731119755e-01 8.182082988053680506e-01 8.230100084037650365e-01 8.279431094739797548e-01 8.252943460248561847e-01 8.321775483395230655e-01 8.286887659953909857e-01 8.224803722266794681e-01 8.152925978859565381e-01 8.230756714415862207e-01 8.277542507560952112e-01 8.241031910050445886e-01 8.307843659352508459e-01 8.273621004689384328e-01 8.161306947452505733e-01 8.292773569729514627e-01 8.302479031360672224e-01 8.308844809668687326e-01 8.344177293511435556e-01 8.361868659352118538e-01 8.129240031452578119e-01 8.069351769647045147e-01 8.250609842356136925e-01 8.184794329786448941e-01 8.212503788480531863e-01 8.203234358419773109e-01 8.290084121941663220e-01 8.299128481053821282e-01 8.289194820899992155e-01 8.237831197804527106e-01 8.318484029371505661e-01 8.357765883967077647e-01 8.328517661927029581e-01 8.341902774639784468e-01 8.316371133864181031e-01 8.367560704582774900e-01 8.329598850779207364e-01 8.301269039581754550e-01 8.313254881278907549e-01 8.335999297122119733e-01
3.647203629384512813e-02 1.651813274082513938e-01 3.578513859051669632e-01 5.908427926935113650e-01 4.336344549565308570e-01 4.688187480076101421e-01 7.310441367094081544e-01 6.966632971084032455e-01 7.925517889225193180e-01 7.516932915961411776e-01 1.000000000000000000e+00 8.578820292921561785e-01 7.590733149925519285e-01 6.901399395361453859e-01 8.628030372420115723e-01 8.471199784227354534e-01 7.740369056110852908e-01 7.829999951176070949e-01 8.136092076225790448e-01 6.835436974608831706e-01 7.640507157717412179e-01 8.448029785383340817e-01 8.196632231038982752e-01 7.661960345322846866e-01 8.255174488110947895e-01 8.737225035083505675e-01 8.503053871012520304e-01 8.408187532422801702e-01 8.066207116725478965e-01 8.706358208675261112e-01 8.865009264333882921e-01 8.738689431476565073e-01 8.221300676531266838e-01 8.628375503124807722e-01 8.493555995709531903e-01 8.436099115222931433e-01 8.757624944776634113e-01 8.666070184319490943e-01 8.809075537645240095e-01 8.436268579394659017e-01 8.768100195682647646e-01 8.729398863230778405e-01 8.578043858509556419e-01 8.870880614877284520e-01 8.783341303902990616e-01 8.750067645382767489e-01 8.900092447426111164e-01 8.931750844027550595e-01 8.898807676795316146e-01 8.667887113613822470e-01 8.757583690935987208e-01 8.518322133181487343e-01 8.789277876491499164e-01 8.863356432899375248e-01 8.867277183638597737e-01 8.842522314249461335e-01 8.765332960003420215e-01 8.864123510563272079e-01 8.855390862292085163e-01 8.856948548227060458e-01 8.904167853341627969e-01 8.880197344602948073e-01 8.801931170285500761e-01 8.828061359162947541e-01 8.724207589913982597e-01 8.845012062283125198e-01 8.949422425494566458e-01 8.949799632653668846e-01 8.947865847360106928e-01 8.839053625528972002e-01 8.914133667040841091e-01 8.957491816225664483e-01 8.789799297373607212e-01 8.879479301802538638e-01 8.980598120818580332e-01 8.938976726103434745e-01 8.847157034539195886e-01 8.845600676970188925e-01 8.931853650509364861e-01 8.970513742065995277e-01 8.938564078002880775e-01 8.982303574272317848e-01 8.953331861320943386e-01 8.920413569916084695e-01 8.895588277800571264e-01 8.950521400485004220e-01 8.949999737171019376e-01 8.946185023775398149e-01 8.961133843869349969e-01 8.927377854277832592e-01 8.890662291328630396e-01 8.956054197970485520e-01 8.942113785033558582e-01 8.961650156725760041e-01 8.955830424118719213e-01 8.956616657403688730e-01 8.860744593229545885e-01 8.746944368053203300e-01 8.906982669629965876e-01 8.914890603369566291e-01 8.905589434158763806e-01 8.870100016325886960e-01 8.951247405261287815e-01 8.959731139105754361e-01 8.939462113464571313e-01 8.844102194287254415e-01 8.954641818876603043e-01 8.961759514919998004e-01 8.966540399179885323e-01 8.942819641881687431e-01 8.921244473157181609e-01 8.942147664286796971e-01 8.949432470454916633e-01 8.927004429479483694e-01 8.916038564385054821e-01 8.923007706799658267e-01
2.524986238043489678e-02 1.651332574808772324e-01 3.507958088975557387e-01 6.221498900800167542e-01 4.538450926391734419e-01 4.972261451172674263e-01 7.726663337512791330e-01 7.556882962973229256e-01 8.383553424211828142e-01 7.858415451264176843e-01 8.578820292921561785e-01 1.000000000000000000e+00 8.085305554523783966e-01 7.197277861485998907e-01 9.064211714403688225e-01 8.931030400672111957e-01 8.102545658270403628e-01 8.070332854202416639e-01 8.517806312110763889e-01 6.992362176992558132e-01 8.001213641616982120e-01 8.848549830768714930e-01 8.517276676961160753e-01 7.856143332090812503e-01 8.697272458897087333e-01 9.049466494895637148e-01 8.965633130737784562e-01 8.862496325098192518e-01 8.490203188933694856e-01 9.040821837320704990e-01 9.187796272796111552e-01 9.041420694479194164e-01 8.628548447810544531e-01 8.941300565089447261e-01 8.888722803270676653e-01 8.852360722664681658e-01 9.145908126080976031e-01 9.076123618102802659e-01 9.202117552318528348e-01 8.835905608327495608e-01 9.153803514922884688e-01 9.163894029297323662e-01 9.030383576923312061e-01 9.355608830145019095e-01 9.183799429621071209e-01 9.236779707508606663e-01 9.351706914236143087e-01 9.374881377594034282e-01 9.339511037254980552e-01 9.097225972123936799e-01 9.207693405262983299e-01 8.943160964732534968e-01 9.229219200512229770e-01 9.338789927630557486e-01 9.314344316179663519e-01 9.250946764719266691e-01 9.260519634687761625e-01 9.347376625155574548e-01 9.305238781574556306e-01 9.333552560404640985e-01 9.373439166404987644e-01 9.335397650772043754e-01 9.265751603650133061e-01 9.297265206078539901e-01 9.208510445798850919e-01 9.309349661374988205e-01 9.351885706090088402e-01 9.317202075057547939e-01 9.306143660462862233e-01 9.179679159013588441e-01 9.330618211050107913e-01 9.369255966234064648e-01 9.090754487376578874e-01 9.258850705915575574e-01 9.363560739913058262e-01 9.362267956721326279e-01 9.313085558624796256e-01 9.296661816093331199e-01 9.351723452165838779e-01 9.370303367204546596e-01 9.365738787303771185e-01 9.389392775924485512e-01 9.357100407688800914e-01 9.354298181025761938e-01 9.272731240203061498e-01 9.299448897820523641e-01 9.339839928497383204e-01 9.365147528476345240e-01 9.376916855718001598e-01 9.336040208254265949e-01 9.285002437819835919e-01 9.381392432762422073e-01 9.375377919930251158e-01 9.388931972444259921e-01 9.396796633017920897e-01 9.408349147787075095e-01 9.301645343869335836e-01 9.195630206749463298e-01 9.361306347512623471e-01 9.323858583368543895e-01 9.359097805876508414e-01 9.340124236919591372e-01 9.374780572297812808e-01 9.410284355163196501e-01 9.379314134084458798e-01 9.324907948883771613e-01 9.396881547692944592e-01 9.394937607389711731e-01 9.397491005772318218e-01 9.395226572900732265e-01 9.377581284994822575e-01 9.400456191669912531e-01 9.398902441433791832e-01 9.389801349347025594e-01 9.351330663925843112e-01 9.387531541279934277e-01
3.235628384436856769e-02 1.245197628914608973e-01 3.101406487742623397e-01 5.329923330886709998e-01 4.339112505088045801e-01 4.557020351507936051e-01 6.844515687178860386e-01 6.629551461018994285e-01 7.597343508394922562e-01 7.153375473406849983e-01 7.590733149925519285e-01 8.085305554523783966e-01 1.000000000000000000e+00 6.371283035667720807e-01 8.131226246469771546e-01 8.088057267117413351e-01 7.201875170340822363e-01 7.156595798514630014e-01 7.592489382167093570e-01 6.351998832138754381e-01 7.039733618412464811e-01 7.865161483343813265e-01 7.475540670712987890e-01 6.934677178270852727e-01 7.704451531621892002e-01 8.222594988512820224e-01 8.022501820903000791e-01 7.945041979294037437e-01 7.457810019886184083e-01 8.061283634950829891e-01 8.255649911710770672e-01 8.069146257004787826e-01 7.647211882722668719e-01 7.843461621678000650e-01 7.965402895692975660e-01 7.771183486556361153e-01 8.167768161174354669e-01 7.983610649868889686e-01 8.166708869431278384e-01 7.899039100356604060e-01 8.326407084622068355e-01 8.216307791823651563e-01 8.083922254171933552e-01 8.429885168221760150e-01 8.252050794130434408e-01 8.246756821131071558e-01 8.441787863490457511e-01 8.455737339118809537e-01 8.386880695020413334e-01 8.038861202093089409e-01 8.185989975196612534e-01 7.895377420068439012e-01 8.349648455743398090e-01 8.397084702296047087e-01 8.344683371245644743e-01 8.251744796055908715e-01 8.265977196059112186e-01 8.424268799797358653e-01 8.333769692760452097e-01 8.493178060270245577e-01 8.438094090784009627e-01 8.391420062482055631e-01 8.249922830970819465e-01 8.368899951473308674e-01 8.290611810423919037e-01 8.373353894002374398e-01 8.414224819720870219e-01 8.399645011160371544e-01 8.359267707109955259e-01 8.283729120947049829e-01 8.383084153494220203e-01 8.457226895110834253e-01 8.155447867855828425e-01 8.331423354458072916e-01 8.490448827964117706e-01 8.447025423439540326e-01 8.360826904401390536e-01 8.337166592853728631e-01 8.385973316796160315e-01 8.455731695505338541e-01 8.410937134363780654e-01 8.478751484659812210e-01 8.370139412976312920e-01 8.392956117428834739e-01 8.284147714172379606e-01 8.323512870808232877e-01 8.396577963698281799e-01 8.416344344374913078e-01 8.418975099158784170e-01 8.382349043692750579e-01 8.363992072337154138e-01 8.474545651839803240e-01 8.460007163382727846e-01 8.450211229939590396e-01 8.486042655345964469e-01 8.494267080265442971e-01 8.385363867586854703e-01 8.244333207169843858e-01 8.445182096791259418e-01 8.374320366433282148e-01 8.447768812292582030e-01 8.372895318121120756e-01 8.481765754441741301e-01 8.500390229059887615e-01 8.412771919082466798e-01 8.374658080451289344e-01 8.481712794343271300e-01 8.484605867150230019e-01 8.473210229830824280e-01 8.505957654863527395e-01 8.435924610215449482e-01 8.518359189763065054e-01 8.486816340526431857e-01 8.468360338245178864e-01 8.406895282955003657e-01 8.474108169265062163e-01
