1.000000000000000000e+00 7.922762996549138903e-02 1.427368120436695205e-02 7.672657347796355345e-03 1.158525213314428454e-02 2.180924298494894917e-03 -1.841176320958960028e-02 3.110777191123546143e-02 6.323565007002414362e-02 5.105279351746407068e-02 -1.334379836815014625e-02 4.078200965130717240e-03 -4.413669267989593463e-03 -8.227321325286278061e-03 -6.090576966109317869e-03 4.383831812634045484e-03 5.135101873899957509e-02 -7.729406695561530545e-03 -3.420179611462747377e-02 3.114984521510572382e-02 7.193671876818872289e-03 -2.156967820184987894e-02 -2.398449604415815034e-02 -1.214927117309539187e-02 -2.825580922238717443e-02 -6.148478716412475974e-03 -1.280213090992931083e-02 -4.721588660228531048e-02 -2.358796239099731143e-02 -2.820729815812004007e-02 -2.061295870955139487e-03 5.896234760541715740e-03 -2.955700528813031552e-02 5.641027936257235649e-03 -1.453873638927964500e-02 -1.586558036528032400e-02 -3.364989307888183179e-02 -5.649583441478482800e-03 -1.132098332285099047e-02 -5.220243483632345388e-02 -1.738086034013741274e-02 -2.830141091347354587e-02 -4.256161226294569166e-02 -1.722223069473852869e-02 -4.791384086940612790e-03 -2.577221274360729300e-02 1.670169955452660993e-03 5.709551793720959827e-03 1.581097333486889897e-02 2.108238903697168612e-02 8.383743542050505967e-03 2.253483317469090128e-02 1.127187219280176463e-02 1.955006458544461187e-02 2.341432970849184961e-03 -8.700636574993895686e-03 2.750730264832783670e-02 -1.155011118496411353e-02 -1.085508690443449421e-02 1.770315971986366824e-02 1.054336328196222097e-02 -1.042515516220687659e-03 3.864276846758940131e-03 2.816873605848381826e-02 2.172837471184958444e-02 2.689427881797102488e-02 8.771002956978765294e-03 -9.059058743681765516e-03 -3.755795806349954396e-03 1.291611569698818303e-02 -1.083464541610088157e-02 -4.755300941856407601e-03 -1.800121562710522071e-03 -1.566338164995188798e-02 -1.254370263386967279e-03 -4.541627466953323568e-03 -2.072453069499442108e-02 -4.082384024814742808e-03 -1.429011486252571191e-02 7.830385946435890416e-04 -9.205047818614279717e-03 2.010837096480473912e-03 5.252256083256201698e-03 -3.507102781069075526e-03 4.082436399074765906e-04 7.003765103803262330e-03 -3.853497412624709573e-03 -3.076979029486890879e-03 -6.047577263136198755e-03 -1.305164619017200496e-03 -1.858692210034778441e-02 -6.235827255959056244e-03 -4.049304259861381643e-03 -1.103426833732152300e-02 2.621368594293512193e-03 4.405538316401393442e-03 2.587652065703772986e-02 5.208642355970782845e-02 1.593341379626158141e-02 9.640159736422489536e-03 -1.866284137939362145e-03 2.488912694108614057e-02 2.362307739963713168e-02 8.963432649447662659e-03 1.568979128283690821e-02 2.781419564699872185e-02 1.730518844896009392e-02 3.200525762401341349e-03 -6.087270049483392521e-04 2.039519646807424515e-03 -3.808487000620178111e-03 1.629037906168214964e-02 1.007177335978205572e-02 2.316859523557462941e-02 1.961845129386877509e-02 2.698948077875488322e-02
7.922762996549138903e-02 1.000000000000000000e+00 4.640819972804887533e-02 8.392881535041853136e-02 2.405032218080882869e-02 5.623432080887064838e-02 8.275016192746864618e-02 1.035040484900201646e-01 1.446675303176949146e-01 1.469657483942237164e-01 1.383734836880803065e-01 1.350592315757963846e-01 8.126798535406615231e-02 8.552367002878451252e-02 1.264045228301541590e-01 1.239160993974646879e-01 1.275305503441537258e-01 8.918981056425538678e-02 8.315857949671183469e-02 7.757432260683640168e-02 9.449252221058301870e-02 7.260331463925367990e-02 1.228880170918692644e-01 7.891993094230057015e-02 5.160456045062730007e-02 1.146200375441760455e-01 1.280978550822235718e-01 9.434903120161537704e-02 1.196659498240208314e-01 1.263390367121268454e-01 1.355237746249693676e-01 1.300644908198310690e-01 9.733980957537158307e-02 1.031806593997687815e-01 1.233492345656316685e-01 1.136098323903013130e-01 1.228310389172417028e-01 1.211524645350224028e-01 1.188631286897268019e-01 9.484724485067676236e-02 1.208895302921979414e-01 1.102711643360638621e-01 9.615764277703583995e-02 1.122396445595389286e-01 1.272384677432379374e-01 1.288353415446786276e-01 1.327248218620311337e-01 1.367058046708947427e-01 1.399829538480405755e-01 1.122303662322903517e-01 1.337166059631023085e-01 8.892343016018358637e-02 1.211799438661933931e-01 1.615258382755193067e-01 1.472604637429039409e-01 1.290487938811751556e-01 1.634330480344842185e-01 1.337077582287036492e-01 1.466069384048583613e-01 1.481862417849504621e-01 1.306269801752731885e-01 1.499848839736365180e-01 1.495510859586501318e-01 1.563330629720354470e-01 1.438587840363518833e-01 1.564872399742366915e-01 1.353442247181352864e-01 1.219430339496295340e-01 1.278966770163491862e-01 1.258415210982825050e-01 1.100633361800701926e-01 1.172070791508785931e-01 1.169923542780678255e-01 1.033574536611171907e-01 1.252133181392343086e-01 1.264005824402726352e-01 1.213188119649607349e-01 1.306202569448037532e-01 1.220851133143180389e-01 1.350642155651414489e-01 1.203806149163202388e-01 1.312638686776290420e-01 1.303375719753283313e-01 1.281364632877184939e-01 1.153554446136406536e-01 1.204288756574726504e-01 1.225798077952182513e-01 1.243091654365523213e-01 1.238866588794863416e-01 1.257786518065617531e-01 1.127127054155668828e-01 1.245612086584686196e-01 1.294670600752142464e-01 1.231197780042516954e-01 1.297891524132865904e-01 1.330483666867270376e-01 1.232496417839881037e-01 1.393275021099031896e-01 1.306290002569934494e-01 1.231312548559066189e-01 1.170730015167894822e-01 1.387383963884647187e-01 1.331163177370393302e-01 1.274472947828681202e-01 1.224061695172732889e-01 1.406342882217584689e-01 1.365317016772181480e-01 1.357213616337802076e-01 1.309290252356797579e-01 1.300418549344142805e-01 1.302939097337372509e-01 1.422340859149590353e-01 1.375830293780047897e-01 1.417327569604765192e-01 1.308350953114481297e-01 1.449216565520609623e-01
1.427368120436695205e-02 4.640819972804887533e-02 1.000000000000000000e+00 2.591551269054010453e-01 1.057123796940879074e-01 1.421752507138639154e-01 2.449374048306365848e-01 2.130902912063936949e-01 2.437696681095928020e-01 2.262640241592905888e-01 2.847987660915837216e-01 2.639972872620447997e-01 2.116627498540216978e-01 2.232329668272240997e-01 2.860388480553873736e-01 2.718559870621549135e-01 2.565926943302530572e-01 2.562906699667099608e-01 2.389533586988612790e-01 2.429922250866652644e-01 2.508350013713079862e-01 2.525401949562310344e-01 2.783566128482372615e-01 2.354092658968963137e-01 2.342195339888964445e-01 2.724198481714253384e-01 2.601084789825324206e-01 2.865453590074479862e-01 2.593304155485630647e-01 2.746184564725051569e-01 2.751125228462055206e-01 2.991263456180129343e-01 2.987913881200719435e-01 2.751983750134374129e-01 2.952019244231278705e-01 2.695692337414198336e-01 2.848453245062009254e-01 2.931127800617039370e-01 2.918885467689272262e-01 2.890200150589254391e-01 2.779353852810403924e-01 2.810069413347214273e-01 2.653401278415701281e-01 2.824443100471670798e-01 2.787240085100616827e-01 2.877827398357470368e-01 2.778195002170728012e-01 2.746935860127637796e-01 2.779016535960418532e-01 2.788891738942029241e-01 2.774860322715205219e-01 2.613719616213361907e-01 2.615109426110928115e-01 2.662033469358073279e-01 2.682754763404634479e-01 2.779931347038726019e-01 2.577919784955288174e-01 2.677290202383201811e-01 2.689168998531585308e-01 2.651399466524932969e-01 2.672871448287192919e-01 2.669220268869247903e-01 2.677026397369244304e-01 2.610446277094658485e-01 2.623943048505695819e-01 2.602315062511698640e-01 2.765465361427497659e-01 2.778926593965718173e-01 2.838432484650816878e-01 2.822433976990667559e-01 2.784628641365355928e-01 2.751922916676238229e-01 2.761003276264258899e-01 2.686085378193235895e-01 2.769295458411067390e-01 2.759317175889330342e-01 2.827063943754603570e-01 2.712550550062393095e-01 2.698050006856297922e-01 2.747111856050745149e-01 2.794573113332889935e-01 2.854414149452723648e-01 2.850228474974469961e-01 2.868331963472602886e-01 2.890960753185715659e-01 2.847305531830001679e-01 2.861117837155717769e-01 2.818742855155246807e-01 2.835672272346887457e-01 2.754429196117236800e-01 2.911010594800107487e-01 2.804262699206374609e-01 2.799569374996322968e-01 2.808047137191922449e-01 2.776968354372107428e-01 2.759919460615582465e-01 2.737258328766559723e-01 2.684943106555025549e-01 2.733492448964962573e-01 2.825844777111263251e-01 2.780288434919830354e-01 2.738472614679651751e-01 2.700164087559723258e-01 2.758620324422333958e-01 2.729416295317712016e-01 2.709735670937316598e-01 2.747792621244317668e-01 2.741513953836552386e-01 2.742510615531605356e-01 2.760220905624007903e-01 2.778098899449654713e-01 2.708268013677346819e-01 2.727087290091219640e-01 2.689172327391052275e-01 2.686906656311168762e-01 2.699523373805662874e-01
7.672657347796355345e-03 8.392881535041853136e-02 2.591551269054010453e-01 1.000000000000000000e+00 2.026491897604340842e-01 2.374527094554016726e-01 4.163028207532583624e-01 3.714121797508758704e-01 4.656060551680818449e-01 4.241570155126826447e-01 4.285523216201375107e-01 5.054021799644843327e-01 4.114362520589184835e-01 3.669247249893003993e-01 4.972887245934584088e-01 4.958990962700359217e-01 4.597710781013746306e-01 4.257909808051775769e-01 4.202043763259932785e-01 4.284575144903927657e-01 4.600781454585500807e-01 4.495936434133087634e-01 4.541612099695507276e-01 3.948448154525104892e-01 4.051190617338072397e-01 4.787750189273625723e-01 4.703626598760115574e-01 4.840866312607012834e-01 4.760980817951450672e-01 4.865162413460575319e-01 4.921135734285575491e-01 5.096613320528209368e-01 5.093940596125635656e-01 4.929517395334342966e-01 4.989922409187398933e-01 4.996402170469714799e-01 4.969452529329705381e-01 5.113468042148044956e-01 5.173576197055118620e-01 4.971912812218357014e-01 4.987676994951258380e-01 4.958744283136604092e-01 5.008178218761122347e-01 5.110285728147205830e-01 5.034926523189734437e-01 5.101077070926146595e-01 4.963636029173228437e-01 5.015168514398427035e-01 5.018964851555605122e-01 5.143407240404562764e-01 5.124817031217463459e-01 5.041021579153478482e-01 5.065771420430662531e-01 4.912505754916291489e-01 4.846002001528091352e-01 5.051443758385026905e-01 4.954772629550678875e-01 4.968629849143966215e-01 4.923004316281326398e-01 4.940381974679082244e-01 5.016202047432936073e-01 4.949994395341579811e-01 4.954443399962226713e-01 5.001660325133858720e-01 5.013901883669651394e-01 4.970052772062885094e-01 4.956608858975176113e-01 4.935285403446538766e-01 4.970079928120863522e-01 5.045300505993389750e-01 4.994859228193885836e-01 4.922420288792984655e-01 4.848630067083267714e-01 4.766199105062985386e-01 4.905795319375281793e-01 4.984666546021552791e-01 4.952544028132538356e-01 4.926020417450557298e-01 4.851521327186363863e-01 4.933092627089337712e-01 4.923285265174894287e-01 5.018965862689608315e-01 5.060543391963726600e-01 5.025103881021313335e-01 5.075050357473661622e-01 5.088432614381985797e-01 5.062167879306863627e-01 5.087494488158291750e-01 5.069113651434241641e-01 5.021677780406973435e-01 5.018259301649158344e-01 5.023566380252583174e-01 5.060904795879208606e-01 5.071259303234629812e-01 4.998058450611586045e-01 4.970981455590032239e-01 5.085711838024518094e-01 5.045643399566336340e-01 5.065268888460717767e-01 5.077451192630352272e-01 5.118351183863566467e-01 5.081128936733555479e-01 5.094036199450184821e-01 5.046867186223349400e-01 5.133196738863664565e-01 5.050478134706197775e-01 5.000533952704651064e-01 4.952607451122617577e-01 4.972787458520747661e-01 4.989800908493173814e-01 5.020182700954378685e-01 4.976439719462750211e-01 5.015467589477181631e-01 5.043665928050898861e-01 5.028439773446529149e-01 5.035537084930256091e-01
1.158525213314428454e-02 2.405032218080882869e-02 1.057123796940879074e-01 2.026491897604340842e-01 1.000000000000000000e+00 2.202467144398490839e-01 3.563183473845998317e-01 3.097191717341018502e-01 3.453534468007820046e-01 2.996685533811009883e-01 3.250975812659057107e-01 3.780525619735543019e-01 3.542771607899763975e-01 2.829356825349750304e-01 3.849696499676443229e-01 3.829698844517114287e-01 3.397944584948113800e-01 3.274925294174764190e-01 3.573586107908785503e-01 3.008391184286272058e-01 3.344214239816801770e-01 3.730688484785958936e-01 3.476623725557890232e-01 2.964641871041810983e-01 3.441986273201811941e-01 4.008692223717862935e-01 3.887165128071689013e-01 4.039071260300899913e-01 3.834871159535344631e-01 3.821766636860860489e-01 3.942129866955611517e-01 3.777321590298691745e-01 3.620073643021685661e-01 3.466022288470077539e-01 3.758306952922049748e-01 3.514898966867165964e-01 3.985828218103901754e-01 3.953094408439657981e-01 4.029022230337483412e-01 4.046363604169937456e-01 4.007586276981149331e-01 4.152399407244510288e-01 3.957038717248135828e-01 4.193049020172084362e-01 3.973816962492736082e-01 4.116146847831955169e-01 3.991411963389058237e-01 3.989132996844493850e-01 3.964283243448761263e-01 3.910898542469455896e-01 3.976917225742698236e-01 3.926119704367293517e-01 3.951927117899215469e-01 3.835038936917518071e-01 3.930770198650678782e-01 4.118690908978527854e-01 3.683706720615378960e-01 3.914763281674125128e-01 3.875559634541447251e-01 3.940330765543328950e-01 4.044663766148702821e-01 3.873137996787551218e-01 3.826977373396701632e-01 3.888384653622277698e-01 3.944231921787478834e-01 3.843523608917370771e-01 4.060322804074047442e-01 4.056542680080372221e-01 4.027500291113486619e-01 4.099625692496480234e-01 4.089702737208926187e-01 4.154054306200433699e-01 3.898859807075144568e-01 4.002487428809779479e-01 4.145910357528109769e-01 4.098745878068345005e-01 4.225580621416474281e-01 4.100784276610422996e-01 4.083480602715124363e-01 4.018000722755248888e-01 4.015367474412201987e-01 4.038219949890793914e-01 4.040572956922986458e-01 4.077429043188275926e-01 4.051120699817927773e-01 3.939635866143945675e-01 4.024309082873602783e-01 4.133341116841304230e-01 4.131051808752401744e-01 4.119062112796431641e-01 4.153801196950560048e-01 4.122460253942372144e-01 4.030828021986384568e-01 4.136401246370654539e-01 4.051375524983741316e-01 4.044300578922513378e-01 4.038111249904580702e-01 3.993658731034334664e-01 4.060710256279785324e-01 4.102481344181417300e-01 4.111811021021294366e-01 4.004387262886980325e-01 4.035719881757190430e-01 4.097045724124573352e-01 4.062256165437187483e-01 3.952948442289437869e-01 4.038287381974409174e-01 4.070267285887291253e-01 4.068677659722911844e-01 4.057421739917705938e-01 4.042498326943717579e-01 4.035256501945763130e-01 3.974455688186152580e-01 4.024356596556750709e-01 4.054783034133109809e-01 4.006286315435718670e-01
2.180924298494894917e-03 5.623432080887064838e-02 1.421752507138639154e-01 2.374527094554016726e-01 2.202467144398490839e-01 1.000000000000000000e+00 4.274790232062681272e-01 3.273918952257078296e-01 3.937319210454554574e-01 3.752570162821221578e-01 3.851091713822288876e-01 4.237038280386465350e-01 3.871253783444483787e-01 3.551423123067821708e-01 4.523032017394320592e-01 4.277019818738677648e-01 4.019159981001769744e-01 3.721831742936108633e-01 3.837144831465820194e-01 3.383731978186571565e-01 3.675093216298890297e-01 4.014432215004579696e-01 4.043417018403471785e-01 3.388482472829628112e-01 3.800239741966330853e-01 4.405226176758249568e-01 4.445408801835166179e-01 4.378082816383492282e-01 4.427651185200270900e-01 4.334059413354914847e-01 4.575935393164360931e-01 4.461949869299193794e-01 4.262863302108441110e-01 3.994976153673784336e-01 4.226467305148046694e-01 4.283034581194080648e-01 4.559556660141289020e-01 4.435409470755939387e-01 4.507552706436588341e-01 4.466925802758249797e-01 4.691463572473103527e-01 4.631958251903542378e-01 4.639831374942047226e-01 4.708146743057681216e-01 4.595511360725343941e-01 4.609268089921309541e-01 4.715831632533314388e-01 4.736249492166700326e-01 4.661312960004835304e-01 4.485139398191830828e-01 4.570598651324130901e-01 4.473616749312926411e-01 4.575851746436560563e-01 4.504015489056301669e-01 4.485776397145824212e-01 4.643383168751747947e-01 4.388901854117085999e-01 4.631872503430056742e-01 4.557463451259405329e-01 4.620267329912299825e-01 4.698750888410774817e-01 4.550809993709747925e-01 4.503172288147371805e-01 4.531361916828128278e-01 4.547368281342046847e-01 4.550174844182818812e-01 4.698019807722752517e-01 4.695626873910314081e-01 4.670201658061296501e-01 4.654658436791261900e-01 4.620266820066678548e-01 4.710726394637426706e-01 4.538569930890967163e-01 4.602519782278186034e-01 4.728559221845375360e-01 4.720004019216264557e-01 4.790351891181101052e-01 4.742045845862225550e-01 4.710782921485213715e-01 4.714021927547259461e-01 4.726738075486486834e-01 4.715521004830633967e-01 4.711118698624885970e-01 4.686810852352600865e-01 4.669789973348706935e-01 4.630079021642279913e-01 4.720697630501100028e-01 4.717218105644194748e-01 4.740867874646905178e-01 4.677155315186833362e-01 4.740347678797461328e-01 4.772035623460294529e-01 4.772602161732455994e-01 4.775797575618708768e-01 4.717013735434744115e-01 4.712232008940989703e-01 4.644144975614218906e-01 4.600356242799821249e-01 4.731620807873118673e-01 4.726902484150666828e-01 4.781697899004029306e-01 4.638772653726800921e-01 4.683686331320397467e-01 4.722674599027920084e-01 4.740743390142116986e-01 4.629155170111541318e-01 4.716836599974031929e-01 4.735839126319095205e-01 4.686925212410461561e-01 4.715013909250855839e-01 4.678885645574866747e-01 4.706836587290678664e-01 4.664081839490977210e-01 4.678217070249230392e-01 4.682518708565046595e-01 4.670389887776250082e-01
-1.841176320958960028e-02 8.275016192746864618e-02 2.449374048306365848e-01 4.163028207532583624e-01 3.563183473845998317e-01 4.274790232062681272e-01 1.000000000000000000e+00 5.462360026306473104e-01 6.259279342272010549e-01 5.888766806626454242e-01 6.168253211813289338e-01 6.919808762647704503e-01 6.150284919918709292e-01 5.607134256897527980e-01 7.453785732182733881e-01 6.924178496469771682e-01 6.462847419942384652e-01 6.371998216624538136e-01 6.434268900981411354e-01 5.760522615132044333e-01 6.380195281601463986e-01 6.778141198802604128e-01 6.787480232949623105e-01 5.897011570859528318e-01 6.299854494086304380e-01 7.177307633755474203e-01 7.065770508387876347e-01 7.191569180459650434e-01 7.014001230707250789e-01 7.069673946745379522e-01 7.199228191278029820e-01 7.408713035835743366e-01 7.094578942758208440e-01 6.963516624878155481e-01 7.150570689936087687e-01 7.018808706716582746e-01 7.374696309009157735e-01 7.425665407806446572e-01 7.551690796993042465e-01 7.344749457399486481e-01 7.337754309250170692e-01 7.508518415747937880e-01 7.351342004463634616e-01 7.503152512112325478e-01 7.327711934456878629e-01 7.447938847023797271e-01 7.336582578974900626e-01 7.379404501948021444e-01 7.291428152420107445e-01 7.349190915849390660e-01 7.409231602756677360e-01 7.161723599451969013e-01 7.196904182630907698e-01 7.124555197376708504e-01 7.135004100311036490e-01 7.418016344558578945e-01 7.052461911220289092e-01 7.297028203129466428e-01 7.228374910828682109e-01 7.178147594339714388e-01 7.372628391786365532e-01 7.195013955774073322e-01 7.225471362813583598e-01 7.183310623038844378e-01 7.253040480110544141e-01 7.131249818911062910e-01 7.356388143872831797e-01 7.389616575808133359e-01 7.408222525031055161e-01 7.398863749817421454e-01 7.455993923241340804e-01 7.432421704289119413e-01 7.285169701320414193e-01 7.275169592070046543e-01 7.380404044724483414e-01 7.420981826768926481e-01 7.468575204512686305e-01 7.358769000387392900e-01 7.418303780878122700e-01 7.353854435818659718e-01 7.381143153262649248e-01 7.362582956606048556e-01 7.462047563167992781e-01 7.453041800151386509e-01 7.529327764787513422e-01 7.443143609878193345e-01 7.436946397815207277e-01 7.527805725011513793e-01 7.510277631677785282e-01 7.397842358350699143e-01 7.526988537903148702e-01 7.471645905367477747e-01 7.420684237470372979e-01 7.526059274921186315e-01 7.382934566161373224e-01 7.375058017991807935e-01 7.425853297158878652e-01 7.267164200753134518e-01 7.418436843377659295e-01 7.486226036243353033e-01 7.536471914300876263e-01 7.377849070523696540e-01 7.375041697341389035e-01 7.397098310366728713e-01 7.447138853908270573e-01 7.346510236084596857e-01 7.366255063864394215e-01 7.379564678946584078e-01 7.374669451912304607e-01 7.363773265458213313e-01 7.393707489148866330e-01 7.306119910792376881e-01 7.349227347142088806e-01 7.355461973251962160e-01 7.335061119142308739e-01 7.283683492648166391e-01
3.110777191123546143e-02 1.035040484900201646e-01 2.130902912063936949e-01 3.714121797508758704e-01 3.097191717341018502e-01 3.273918952257078296e-01 5.462360026306473104e-01 1.000000000000000000e+00 5.630601033363612506e-01 5.375155708031068569e-01 5.569318848514824838e-01 6.245897517044950442e-01 5.385645390919465703e-01 5.142179344577715305e-01 6.522133005690448071e-01 6.354494338280385346e-01 5.860751186282834313e-01 5.424885130959474777e-01 5.559188433550726893e-01 4.845803051394600436e-01 5.499326163571379711e-01 5.813454331188820934e-01 5.737543161440410433e-01 4.819501146610146169e-01 5.311686175134495702e-01 6.282202711523433569e-01 6.285663853078494734e-01 6.259458037610328152e-01 6.203474476716578367e-01 6.127242978183364830e-01 6.509407040141541589e-01 6.374490643210973806e-01 6.018390284014132341e-01 5.852732615738630573e-01 6.109441968901216935e-01 6.312653241782226754e-01 6.374961640486354053e-01 6.644039351909949431e-01 6.673323903761195774e-01 6.392520433249884171e-01 6.567575330973024483e-01 6.719770450402829942e-01 6.534125802948528294e-01 6.745710144182189838e-01 6.613834270566679718e-01 6.689107224863414247e-01 6.708611743436923014e-01 6.726406276598532186e-01 6.714578359634253424e-01 6.663598867371556267e-01 6.768239040973584864e-01 6.481519683176737434e-01 6.508420607307540129e-01 6.538947736795798216e-01 6.615896874208633260e-01 6.675524069550894390e-01 6.517489180203808186e-01 6.667162310371026468e-01 6.654949459811507761e-01 6.610230355753841103e-01 6.779749167894759676e-01 6.590656602282189969e-01 6.648855960470581028e-01 6.740138206219515871e-01 6.597690458252468693e-01 6.583752156680720002e-01 6.722756678807489950e-01 6.653440617344834607e-01 6.663058813088721388e-01 6.692249828972960390e-01 6.649772288456294866e-01 6.713959686896076029e-01 6.438294565139409675e-01 6.483069155720398991e-01 6.724547165676474370e-01 6.729518277132828796e-01 6.733308476336395954e-01 6.725996063512960088e-01 6.650985275817026254e-01 6.667626583527402895e-01 6.649050131005718178e-01 6.718509236109777571e-01 6.744239766785683488e-01 6.640720821883789871e-01 6.698519575199844978e-01 6.574670535461052401e-01 6.716535170590348658e-01 6.770157537629403199e-01 6.799240226962747213e-01 6.703630673478577773e-01 6.732447050629644103e-01 6.794633739202101674e-01 6.759809554565167078e-01 6.778047842937203749e-01 6.783681349753901690e-01 6.760296900780342622e-01 6.790948008720298912e-01 6.738356858208710554e-01 6.808465074159645303e-01 6.828331919678313211e-01 6.811917055332291637e-01 6.814305876433019993e-01 6.744836080404850165e-01 6.804294002101249905e-01 6.753730605395643627e-01 6.723435150813694694e-01 6.790664457381980768e-01 6.755064400055240670e-01 6.734708377978801952e-01 6.771072567997736824e-01 6.794307686804359481e-01 6.736519795839960301e-01 6.745516793534964695e-01 6.809761682945295602e-01 6.794151804639114722e-01 6.705218877339321759e-01
6.323565007002414362e-02 1.446675303176949146e-01 2.437696681095928020e-01 4.656060551680818449e-01 3.453534468007820046e-01 3.937319210454554574e-01 6.259279342272010549e-01 5.630601033363612506e-01 1.000000000000000000e+00 7.188182535302395371e-01 6.909868990278311696e-01 7.665153565384994483e-01 6.508580190771880991e-01 6.022201553131114604e-01 7.850036007882573719e-01 7.668874653600460389e-01 7.749277060440706855e-01 6.911901626181760072e-01 6.712789394030359569e-01 6.189342773481042448e-01 6.916964802543967838e-01 7.007141536760225220e-01 7.333812394302905435e-01 6.293297825566102066e-01 6.393915162839173272e-01 7.942798034976567001e-01 7.769267988152467330e-01 7.580279704640413563e-01 7.595078968364640248e-01 7.705833637325788521e-01 8.078512973157703225e-01 8.085067351939174696e-01 7.562702156787559638e-01 7.439344837489184625e-01 7.817276676568108984e-01 7.718354339677817588e-01 7.859183418245223596e-01 8.220284850798096343e-01 8.173444025826458459e-01 7.668140391885901463e-01 8.084149769812982722e-01 8.027501074980705198e-01 7.685011978450027037e-01 8.143822910084785871e-01 8.052450431546293030e-01 8.101693091938293456e-01 8.301335806044968235e-01 8.401943264154914104e-01 8.398663219867306129e-01 8.144438846051026415e-01 8.300282905559168700e-01 7.769877528270815459e-01 8.169648054707983054e-01 8.414429440249457937e-01 8.259259244838300651e-01 8.205131243032154353e-01 8.407566679625627648e-01 8.196535365747011914e-01 8.272229569321442044e-01 8.393805619301979437e-01 8.340497210141003537e-01 8.340520007776752731e-01 8.307654110117409507e-01 8.426478503543854970e-01 8.344571811821788199e-01 8.402240758291964484e-01 8.264551617513863357e-01 8.190655024811871465e-01 8.253969017061594249e-01 8.226822808212792548e-01 8.108455808531919162e-01 8.154837947252218111e-01 7.995687105999988997e-01 7.904328625465693037e-01 8.258047546967227648e-01 8.270546884557075096e-01 8.159979526217246981e-01 8.201920185775966043e-01 8.086922719303796248e-01 8.227575580446985226e-01 8.205574768755921067e-01 8.305132203654260747e-01 8.304824433804047779e-01 8.269944754969325018e-01 8.200765579996953658e-01 8.196301125386802333e-01 8.224381062978201040e-01 8.276906079891801493e-01 8.262419303789225733e-01 8.254563151352199979e-01 8.130671483758253881e-01 8.254530480798871750e-01 8.237379055596384392e-01 8.245383037891345079e-01 8.323937680701911646e-01 8.316655066008410424e-01 8.216673259250756312e-01 8.357294207963982258e-01 8.324554644358608257e-01 8.279383871855230392e-01 8.178339365040275810e-01 8.374955447926489827e-01 8.334988527799288560e-01 8.276515370389068149e-01 8.278252582111650382e-01 8.395869263280804073e-01 8.348058806959438582e-01 8.344113721080701485e-01 8.305183107371504336e-01 8.292685545404202552e-01 8.277249935604639175e-01 8.406208155731119680e-01 8.335616566262252780e-01 8.429133792715554074e-01 8.319670259760829634e-01 8.409751929235853574e-01
5.105279351746407068e-02 1.469657483942237164e-01 2.262640241592905888e-01 4.241570155126826447e-01 2.996685533811009883e-01 3.752570162821221578e-01 5.888766806626454242e-01 5.375155708031068569e-01 7.188182535302395371e-01 1.000000000000000000e+00 6.568307451324484347e-01 7.360577356525086490e-01 6.077298290715543727e-01 5.647593990478302350e-01 7.418991596852340109e-01 7.168666088624701116e-01 7.016744639878154111e-01 6.516579156533323092e-01 6.413500785423028594e-01 5.603728080049749094e-01 6.389873463939449438e-01 6.642503501290955015e-01 7.027263637069426361e-01 5.883405840386513042e-01 6.171860910706884473e-01 7.408937785591409586e-01 7.370464999814618778e-01 7.222172737983597601e-01 7.276334933078221212e-01 7.318119945135579396e-01 7.698387191404795216e-01 7.612888089529106228e-01 7.032240560370278670e-01 6.958551871827086677e-01 7.258311137062657403e-01 7.430967296629314989e-01 7.490616750460351581e-01 7.646566403536942946e-01 7.732255344564037403e-01 7.408179004953331370e-01 7.767071257256434880e-01 7.698778136907304948e-01 7.493492421457281782e-01 7.738866916738336155e-01 7.690750534533401517e-01 7.779804789360790229e-01 7.904254195827569163e-01 8.017905481710847493e-01 7.924032393647810757e-01 7.525746478598912548e-01 7.847432853481299819e-01 7.261003560137301305e-01 7.588141176862981396e-01 7.953841658868999742e-01 7.868126759482950705e-01 7.897352010028028113e-01 7.783574291564855363e-01 7.886765853271424653e-01 7.894980056742276764e-01 7.880131289065088751e-01 7.830636465505228516e-01 7.856291193431619302e-01 7.867922832410175760e-01 7.851995280363632812e-01 7.826432648490527777e-01 7.841200023564632859e-01 7.919476953522642804e-01 7.806635646714744636e-01 7.888657595609902540e-01 7.812037900828880943e-01 7.737277417044887695e-01 7.822598314834710020e-01 7.644985846240108796e-01 7.594457336299013095e-01 7.864331866308404972e-01 7.887276783955342596e-01 7.795374954021907499e-01 7.865185890902604005e-01 7.842755478679691583e-01 7.873920081593401843e-01 7.842182984547061420e-01 7.940267491450118120e-01 7.929107905258521161e-01 7.862360047831992160e-01 7.799909782241145617e-01 7.803440103524672544e-01 7.917251858555853783e-01 7.901923402050016199e-01 7.914280941436366845e-01 7.917127842998408216e-01 7.827263960802911535e-01 7.920731518321164621e-01 7.942643122230934605e-01 7.923404497100116073e-01 7.957348703467317375e-01 7.971912934173852605e-01 7.790177843638069755e-01 7.742007561421784256e-01 7.891682658531412597e-01 7.897745162530994678e-01 7.853998150890117991e-01 7.918081197999254917e-01 7.890960407159932632e-01 7.915680973541801002e-01 7.855656036935612097e-01 7.914041734231349601e-01 7.932256055523302374e-01 7.979580324532978830e-01 7.958039044767690751e-01 7.935930949890668273e-01 7.952967200978625639e-01 7.962070149517368467e-01 7.960811602054371772e-01 7.931071650934614636e-01 7.888961404373133757e-01 7.915130548175426384e-01
-1.334379836815014625e-02 1.383734836880803065e-01 2.847987660915837216e-01 4.285523216201375107e-01 3.250975812659057107e-01 3.851091713822288876e-01 6.168253211813289338e-01 5.569318848514824838e-01 6.909868990278311696e-01 6.568307451324484347e-01 1.000000000000000000e+00 7.627208022693079403e-01 6.448492526108904332e-01 5.793470534214826273e-01 7.625950575883184701e-01 7.249232436609956975e-01 7.089691907479646060e-01 6.786004439059617477e-01 6.905987611603798815e-01 5.793422368750384965e-01 6.740261952321023875e-01 6.976647371756996563e-01 7.171690217422767022e-01 6.268711168534192302e-01 6.604922195810380980e-01 7.690764300653877283e-01 7.547889461823747981e-01 7.542580752265533039e-01 7.213291896660807279e-01 7.574879667334633027e-01 8.007911097830422431e-01 7.830037371759408504e-01 7.296279469202692214e-01 7.243965015989649592e-01 7.499567590312036236e-01 7.468192054611274555e-01 7.841088031946094050e-01 7.802390407011473572e-01 7.893081708795076645e-01 7.608341442170349911e-01 7.901071281788524248e-01 7.921311186214738953e-01 7.714093049197542351e-01 7.922200198064682786e-01 7.952559949617571400e-01 7.954352998351023052e-01 8.043350825871229404e-01 8.054747499868896154e-01 8.028847500788006686e-01 7.761005807963136105e-01 7.917792891399952904e-01 7.518217981162904628e-01 7.768873595065017845e-01 7.904862843460790378e-01 7.904371852954341637e-01 8.009032743776950403e-01 7.814384444645235961e-01 7.951239508664981193e-01 7.979588172752215547e-01 7.923374068482162969e-01 8.041556060353104440e-01 7.956673318507636594e-01 7.946761940893062315e-01 7.900352197115754205e-01 7.856932507115137465e-01 7.903108446569003798e-01 8.037009809457371645e-01 8.050702720522685540e-01 8.048628070317291883e-01 7.986823169759570407e-01 7.999296058928110353e-01 8.029286669169106716e-01 7.853032198150721177e-01 7.850515751421549560e-01 8.038909162805520925e-01 8.025260110800742641e-01 8.011872570331451948e-01 7.919040262869655455e-01 7.958733549855827594e-01 7.962940363223791618e-01 8.006086893466179966e-01 8.078942214631829044e-01 8.040085641259494542e-01 8.010098712335914639e-01 8.020684472779496810e-01 7.980832038723250088e-01 8.068722228594362722e-01 8.058745607859341131e-01 8.055149828837572246e-01 8.046445867435217947e-01 8.039083075421949998e-01 8.074678769058833971e-01 8.074137187682070005e-01 8.072778234647429718e-01 8.093294378917638143e-01 8.079932162214642499e-01 7.940425434548414874e-01 7.883412676972114674e-01 8.063830606967228309e-01 8.036214538596415657e-01 8.039394881262839077e-01 8.048306121890844711e-01 8.020157857532312917e-01 8.059834081433597808e-01 8.026849862889481324e-01 7.977350745615369165e-01 8.047307276860717895e-01 8.056794536989111410e-01 8.061588645599654379e-01 8.044490218699225093e-01 8.064554917770863085e-01 8.021057830982614156e-01 8.061909862587042230e-01 8.018307202902432707e-01 7.985619248094502076e-01 7.992389633405346805e-01
4.078200965130717240e-03 1.350592315757963846e-01 2.639972872620447997e-01 5.054021799644843327e-01 3.780525619735543019e-01 4.237038280386465350e-01 6.919808762647704503e-01 6.245897517044950442e-01 7.665153565384994483e-01 7.360577356525086490e-01 7.627208022693079403e-01 1.000000000000000000e+00 7.120074993645607586e-01 6.536138793025709770e-01 8.479827724022162005e-01 8.142740742158428580e-01 7.929349157684985050e-01 7.536298721430141345e-01 7.616490992939471960e-01 6.873621844299115935e-01 7.564467624418645952e-01 7.867689585582572365e-01 7.943995814948237033e-01 6.941308724572484712e-01 7.401484405438395475e-01 8.548524199098673781e-01 8.364004668453608460e-01 8.344577311247324269e-01 8.246405718786739003e-01 8.448793813943032971e-01 8.840807787344701074e-01 8.706619614913345684e-01 8.147319094983559440e-01 8.134571173491791374e-01 8.332836977572348758e-01 8.439613639061859240e-01 8.662035126172926702e-01 8.737789246927751829e-01 8.844657389892399690e-01 8.547813605347790444e-01 8.731905100934023167e-01 8.814067953135108491e-01 8.640677611458380536e-01 8.881459304077543582e-01 8.848986508849991939e-01 8.882684566071095134e-01 8.890797380269437333e-01 8.916229234469622567e-01 8.915973504422047835e-01 8.777696818391320654e-01 8.869621290990291618e-01 8.571480876835614326e-01 8.712387511977970345e-01 8.756661582822622414e-01 8.750498679098759336e-01 8.880318110142766397e-01 8.712665566684641982e-01 8.822337899263282823e-01 8.859156287127372131e-01 8.784909389787215472e-01 8.939207959728496800e-01 8.812062165359059174e-01 8.844042193136745222e-01 8.829466938202197301e-01 8.827277266481422524e-01 8.783543251490906201e-01 8.881328676935127397e-01 8.879789688553391125e-01 8.917343549402888536e-01 8.951070025261953500e-01 8.888768904701992435e-01 8.909626534827377320e-01 8.720140000452049067e-01 8.687735365853515024e-01 8.893521103650955384e-01 8.909216702501611129e-01 8.884516940869502388e-01 8.836506407573329058e-01 8.808998272684457342e-01 8.815965128242081450e-01 8.878406313506214120e-01 8.964596431117074493e-01 8.962954114321347587e-01 8.884720431072526958e-01 8.947576402160591913e-01 8.888324345660758574e-01 8.964070395525898238e-01 8.952128900170707171e-01 8.975994206945594467e-01 8.903643761865365214e-01 8.953609329451349685e-01 8.954456835896831279e-01 8.950772055414673023e-01 8.992715296839198791e-01 8.946182276249375898e-01 8.930890678243111891e-01 8.926357590141297260e-01 8.862447801074029297e-01 8.959812623930519804e-01 8.963614646992900115e-01 8.989179382842851229e-01 8.959224122673856705e-01 8.920736293126535488e-01 8.969493215900193883e-01 8.967673153164158473e-01 8.947224853218485041e-01 8.947763206009071713e-01 8.911864921370290515e-01 8.923232719280601577e-01 8.919031116809423843e-01 8.944680494813481708e-01 8.896937061875573871e-01 8.944749012345758477e-01 8.951118122698112911e-01 8.887109635326988499e-01 8.901945718447928924e-01
-4.413669267989593463e-03 8.126798535406615231e-02 2.116627498540216978e-01 4.114362520589184835e-01 3.542771607899763975e-01 3.871253783444483787e-01 6.150284919918709292e-01 5.385645390919465703e-01 6.508580190771880991e-01 6.077298290715543727e-01 6.448492526108904332e-01 7.120074993645607586e-01 1.000000000000000000e+00 5.758728533593713284e-01 7.265202560737352711e-01 7.263561794549623363e-01 6.889196094168764661e-01 6.423170500963867324e-01 6.537330079818390871e-01 5.650537344763650882e-01 6.327754970927721434e-01 6.731382171086189858e-01 6.817312564319812918e-01 5.982960411234614639e-01 6.380598440897903290e-01 7.312638644052888992e-01 7.157712635009144675e-01 7.105244020368663982e-01 6.953134035943168145e-01 7.177213381921040414e-01 7.512161151276177673e-01 7.360087889735800193e-01 6.802275424390412661e-01 6.815301400596636139e-01 7.074218042585199706e-01 7.189477156583500284e-01 7.400692901220743414e-01 7.309179507731136116e-01 7.563697589576441338e-01 7.258685827354188769e-01 7.539980493949154372e-01 7.590257217194120720e-01 7.596969231733724515e-01 7.710059300262462889e-01 7.626480670163157116e-01 7.642384914403759222e-01 7.665351507285141919e-01 7.669566175023491139e-01 7.616479624453923458e-01 7.405621244324188668e-01 7.562976971208206223e-01 7.440864706049140631e-01 7.533275067079250320e-01 7.493222927946772138e-01 7.515307979011999207e-01 7.725662979140115461e-01 7.344249143763318388e-01 7.639462565174155451e-01 7.509672749879128251e-01 7.598610412958985982e-01 7.729392021162944104e-01 7.508870968572158855e-01 7.491281483124523355e-01 7.513033621571146847e-01 7.582533437503499174e-01 7.542886202069440937e-01 7.705216501687539576e-01 7.671607388581084264e-01 7.681955078064024445e-01 7.682700989151314275e-01 7.681363887498884324e-01 7.689735052143505944e-01 7.535637612753544046e-01 7.569936558600549592e-01 7.682753751851164603e-01 7.680706055057716641e-01 7.622432534545252603e-01 7.572417738391981068e-01 7.646598214413753425e-01 7.616225573503507817e-01 7.638139718905907483e-01 7.712052966174957058e-01 7.703010137781441946e-01 7.618687363296323678e-01 7.683660382854453630e-01 7.624955594366805700e-01 7.708669375263114132e-01 7.747145620553370637e-01 7.725698750778740020e-01 7.709531317984672505e-01 7.649766821128878291e-01 7.753270412556499958e-01 7.750087967394470034e-01 7.750236084255534008e-01 7.738212457269305622e-01 7.746319781675501392e-01 7.700993154395185947e-01 7.575700968232368382e-01 7.737509230189518750e-01 7.740653194632541867e-01 7.791113073575292036e-01 7.688013148772352423e-01 7.702738974725867882e-01 7.763659718038379287e-01 7.766313342654959095e-01 7.642141281232244232e-01 7.710054911449927273e-01 7.735687901542579459e-01 7.708167763186256627e-01 7.724635604086835805e-01 7.722378045838055316e-01 7.691226521670373462e-01 7.677260008195307961e-01 7.705502161240482817e-01 7.685900574948855146e-01 7.680584866564423852e-01
