1.000000000000000000e+00 1.571111269193452842e-01 1.852423206033230740e-01 1.604418768776534887e-01 -2.505671369548481339e-02 1.334157103285187884e-01 1.521722602515452119e-02 8.204694908237765427e-02 1.356167789343872832e-01 7.660242412538012524e-02 3.844508776489773128e-02 3.807863683409361960e-02 1.435128689885629971e-02 -2.695165047839147808e-03 3.054535113268509738e-02 5.942579974413333965e-02 1.333395423086423115e-01 2.849344576120712569e-01 1.811347437977604280e-01 2.504661818011875707e-01 1.833419621837867886e-01 2.448273250089721687e-01 2.550895959011580949e-01 2.612136019482380611e-01 2.149756422463864336e-01 2.191506460615449958e-01 1.538737225546874254e-01 2.315593816333994526e-01 2.271301363000431672e-01 1.785997331354184925e-01 1.542224664780454391e-01 1.322063395313984868e-01 1.675019237619098933e-01 1.446730200374718445e-01 2.053799371103051663e-01 1.022914951168427122e-01 1.196184159571747063e-01 1.260725570753956359e-01 1.061744507011743860e-01 8.271705562304340620e-02 9.198414138524535488e-02 5.269232253666723820e-02 8.139997086779959812e-02 5.152591050584830884e-02 1.072838259104651470e-01 4.771295575327258454e-02 2.156429746950464660e-02 3.609172857623050429e-02 7.033936621853613402e-02 7.690875899963900419e-02 7.937880424668813939e-02 2.221745798156480461e-02 4.453695990080899086e-02 1.115362792072068787e-01 1.159442275561658464e-01 9.914480598630050212e-02 9.470176893097939641e-02 6.556036202153962822e-02 7.138369336324174030e-02 5.002978105180656831e-02 6.613135014192346450e-02 3.433216189371586513e-02 6.795980879088529825e-02 3.622475863663269374e-02 5.495860308490324586e-02 7.269250585839968914e-02 4.633751571710414269e-02 8.802626781515923704e-02 8.748079530147465088e-02 9.580307166991135215e-02 7.946025760125557946e-02 9.397849263521657059e-02 1.150535987647783587e-01 1.069112799704465822e-01 6.809855612570472894e-02 6.022392830015251691e-02 6.894915730968609324e-02 8.522785022263795751e-02 7.750761191484108192e-02 8.344644652035985988e-02 8.081666401693327062e-02 6.398526715815729127e-02 7.683379281626959156e-02 9.149947508762495962e-02 8.365210069278335159e-02 8.062456355512287454e-02 5.448196793596955800e-02 5.532642280917350608e-02 4.169419885214772220e-02 6.470127174656430113e-02 6.781300845378905595e-02 3.299596708531171013e-02 5.819852358508208895e-02 4.068786286194189111e-02 1.235768134449726115e-02 1.586418582033033431e-02 5.028085611017742845e-02 6.440490167979401326e-02 3.882229504260770181e-02 3.662670458404859025e-02 2.331175651589901046e-02 3.098618329327258378e-02 3.579018845572382035e-02 2.368548782498223343e-02 5.102519923953484360e-02 5.842693503211154188e-02 3.154988161788312845e-02 3.908782402099262449e-02 5.264248093863434924e-02 2.885508560007041950e-02 3.531506960741259693e-02 2.153382130473407638e-02 2.073242796891255207e-02 2.866569731304761601e-02 3.786071539824985982e-02 3.325199237465463475e-02
1.571111269193452842e-01 1.000000000000000000e+00 1.310253549132385509e-01 1.550832757639000470e-01 9.495271103838788529e-02 1.522209746562776522e-01 1.231035026062086979e-01 1.698769670587720049e-01 1.982671342322708530e-01 1.876047875640688423e-01 1.613066259400684488e-01 1.649705174530041729e-01 1.443783568553896057e-01 1.248280847484825318e-01 1.680286314929454183e-01 1.848743625300290627e-01 2.330123197751555464e-01 1.957563164517788223e-01 1.887873986303312823e-01 1.592614035911581738e-01 1.593346767863128288e-01 2.007614443816981287e-01 2.108501823380442841e-01 2.042622323689058939e-01 1.977376213626435009e-01 2.189879077989306810e-01 1.978376089864984366e-01 2.159541244386977143e-01 1.995442984216012072e-01 2.010203916605071695e-01 2.015448586708364076e-01 2.115131525310793847e-01 2.170223817763157759e-01 2.038502741542052576e-01 2.228566916242545326e-01 1.848962622410121603e-01 1.907914419204780609e-01 2.013027599713148874e-01 2.043699606701329663e-01 1.620661114855767304e-01 1.847947566131477592e-01 1.691760984517427235e-01 1.737965400762650492e-01 1.711227554242061855e-01 1.965374138389143210e-01 1.609990769510968034e-01 1.748423759675460654e-01 1.862747465963780491e-01 1.934934672443757719e-01 1.907315445941692722e-01 1.839957822252731579e-01 1.369564078453251177e-01 1.646559311577507900e-01 2.083314998613851610e-01 2.040367317382554002e-01 1.912334325327798012e-01 1.892838540116430768e-01 1.823661445998083774e-01 1.824717377707797406e-01 1.788528457390385629e-01 1.876449928567652248e-01 1.734369255512324681e-01 1.841417456450149537e-01 1.778816035182677613e-01 1.762111671966972715e-01 1.884308706964791524e-01 1.864360797457808028e-01 1.925518960571374338e-01 1.988066423473268118e-01 1.733297575301720184e-01 1.782495132034825069e-01 1.881383042762190816e-01 1.971254735964025062e-01 1.919724914949666739e-01 1.831053805262824741e-01 1.816034676445394680e-01 1.862214223371547184e-01 1.877438991218762787e-01 1.842365959700286715e-01 1.911901989217392461e-01 1.858516976331618664e-01 1.834989736749226275e-01 1.943413064573601134e-01 1.910331910609824324e-01 1.923370494363438599e-01 1.907995649341293898e-01 1.788144022545980205e-01 1.872180787417181691e-01 1.791930917216307262e-01 1.870268839365043512e-01 1.847261099899442927e-01 1.731014666112757616e-01 1.846679730229199012e-01 1.768316323019365199e-01 1.701274956880644007e-01 1.729145589141119210e-01 1.730406399222055580e-01 1.893875309991121803e-01 1.741065011852446220e-01 1.759331142357389022e-01 1.664913500826208093e-01 1.746200802741560143e-01 1.715690562119832896e-01 1.726995617071729605e-01 1.747603467506695929e-01 1.836406968423197339e-01 1.793648089352422592e-01 1.809017009894440253e-01 1.814403468282073661e-01 1.756294645074553684e-01 1.735979370606217376e-01 1.728621357516777202e-01 1.725486641420902745e-01 1.784639310333111517e-01 1.753976620426732635e-01 1.748777501285374014e-01
1.852423206033230740e-01 1.310253549132385509e-01 1.000000000000000000e+00 3.922185758242770492e-01 1.397936818091126410e-01 2.830765965242023618e-01 3.579390186800863183e-01 3.482443844852138870e-01 3.677485272986957821e-01 3.547309551674914241e-01 3.759494773531245060e-01 3.952018384409193841e-01 3.149782808428521208e-01 3.275223406589160557e-01 3.813489045532753030e-01 3.840573134521781951e-01 3.978400170917666956e-01 4.405614086184601597e-01 4.099122353411153719e-01 4.432577874756249980e-01 4.286657074242938292e-01 4.443629358603449764e-01 4.370746547373243751e-01 4.255682644804518189e-01 4.166599098038206717e-01 4.328564287869837157e-01 4.279744494848056746e-01 4.620915142339966919e-01 4.472423077678682191e-01 4.028240825327903951e-01 4.409856874180798636e-01 4.198004590014069448e-01 4.248544223209706483e-01 4.153936355989140128e-01 4.142630941488284479e-01 4.125989888116152193e-01 4.123576475444525324e-01 4.173508394461450943e-01 4.112868750201183476e-01 4.152688169802427609e-01 4.162011939811784411e-01 3.946454866879212653e-01 4.151861353570108215e-01 3.936227822649646102e-01 4.199063960238647031e-01 3.857181035850431039e-01 3.757630810039079838e-01 3.842878702982261974e-01 3.974747216873891209e-01 3.990578693843210289e-01 4.168143418907924724e-01 3.785200244939984637e-01 3.901536438061173340e-01 4.102063551019617949e-01 4.153135459972885357e-01 4.092356710222250782e-01 4.156825313960473833e-01 4.007015929631990714e-01 4.063641991925957542e-01 3.835324030653636806e-01 4.045200526768184535e-01 3.793081057768464270e-01 4.021542647761564004e-01 3.868752044364042741e-01 3.898499703655128323e-01 4.003793355279119948e-01 3.844250524650989487e-01 4.101415133554767167e-01 4.065395917987687513e-01 4.216337229898682315e-01 4.196591508941091009e-01 4.125522050288515374e-01 4.186976045863021190e-01 4.203525180258598781e-01 3.992693906591289754e-01 4.002115577004919378e-01 4.023081066517040782e-01 4.148423868835569572e-01 4.112248781052224578e-01 3.925390502278885418e-01 4.045611864854057327e-01 4.027961210680682802e-01 4.047206460404937922e-01 4.156495524926618335e-01 4.050443439920597410e-01 4.064978389739763442e-01 4.002910740820663782e-01 3.970664144963186315e-01 3.892727277898857530e-01 3.948838555354264312e-01 4.042223923285369058e-01 3.844242788240762043e-01 4.014098883605830559e-01 3.899687146060938914e-01 3.720727990799987950e-01 3.744980360908850003e-01 3.910113714214958347e-01 3.940664683795623846e-01 3.899846049724295383e-01 3.922513594192987285e-01 3.834539489276122537e-01 3.822314343521736602e-01 3.848782285586578311e-01 3.805204077703787657e-01 3.949045945288905957e-01 3.919004984322565499e-01 3.806366073481949885e-01 3.828769523595133561e-01 3.896555459928492393e-01 3.834572821256304054e-01 3.851764670992683937e-01 3.728136110778080270e-01 3.749140292606780167e-01 3.790894438192968230e-01 3.844490604687353930e-01 3.821960205557787260e-01
1.604418768776534887e-01 1.550832757639000470e-01 3.922185758242770492e-01 1.000000000000000000e+00 3.150797998804237832e-01 4.631944412290094903e-01 5.805284375180083112e-01 5.341642233946199969e-01 5.535043790266436226e-01 5.087963461172376745e-01 5.872188597340748384e-01 6.449815612102465234e-01 5.486743666889482007e-01 5.333066436683056022e-01 6.078115990176488070e-01 6.211871614610916525e-01 5.815588377862228597e-01 5.265296792073751453e-01 5.469991927728934389e-01 5.253117045858752832e-01 5.498925033565290610e-01 5.746032558412452751e-01 5.461960851374796366e-01 5.489893241489804954e-01 5.663143378943754636e-01 6.287928191746997575e-01 6.275916093397645446e-01 6.572762665417491990e-01 6.086870937126535042e-01 5.707467444214322505e-01 6.416015736233053879e-01 6.108440313248658660e-01 6.168183605625451316e-01 6.096362507745413106e-01 5.719147462552017780e-01 6.406014308483086728e-01 6.140846554271944813e-01 6.119622218910838463e-01 6.333513618011328283e-01 6.604291054947519779e-01 6.422738724876876359e-01 6.325486383719423067e-01 6.590048406587352137e-01 6.283857178429663737e-01 6.394941877329052282e-01 6.125708964491384245e-01 5.952842715813488894e-01 5.961460610076919631e-01 6.072876298109123328e-01 6.160106915620899848e-01 6.380387562253189149e-01 6.417602836882809747e-01 6.242448088298807596e-01 5.967938095944093080e-01 6.012584562775898922e-01 6.079397720703001440e-01 6.253301142866517504e-01 6.186831778138603966e-01 6.209059604835378554e-01 6.040206704945919602e-01 6.189653260555478820e-01 5.969683096900253449e-01 6.104936469577422198e-01 6.075730789575488622e-01 6.104999710809480007e-01 6.155860516367402946e-01 6.005530568954771109e-01 6.108991593211235971e-01 6.072033435501691390e-01 6.140074306487238731e-01 6.213172166421170317e-01 6.090249584241180791e-01 6.138072866139452355e-01 6.165795811014691541e-01 6.171620414087853890e-01 6.202485746891051033e-01 6.225495320740321858e-01 6.117455792554457039e-01 6.263921097923069725e-01 5.954384132323059520e-01 6.012823192164992170e-01 6.167352544812603199e-01 6.166630284790978189e-01 6.142848241186710245e-01 6.162319063027030808e-01 6.197332547278762149e-01 6.156133750061972831e-01 6.150433074370987852e-01 6.046308880549241538e-01 6.119570871610441332e-01 6.281340043702802189e-01 6.115337143795479546e-01 6.220429960721022278e-01 6.123895345699322812e-01 5.971988806252971349e-01 5.947094503103910190e-01 6.236517161575945156e-01 6.179536915867408498e-01 6.177008384574369515e-01 6.161414999253622682e-01 6.131468214288999796e-01 6.107919296059157732e-01 6.168210323847995724e-01 6.065188686672823293e-01 6.303203594045040381e-01 6.157519630632338759e-01 5.998258921829247026e-01 5.966790068082787890e-01 6.034037189299070736e-01 6.018680556119405667e-01 6.044474746004347976e-01 5.961706242690228974e-01 5.948317227495203419e-01 6.026830495949956346e-01 6.058810979940300045e-01 6.035550214437436223e-01
-2.505671369548481339e-02 9.495271103838788529e-02 1.397936818091126410e-01 3.150797998804237832e-01 1.000000000000000000e+00 2.557850379680012831e-01 4.552011908037023602e-01 3.937589287067459476e-01 4.267287855998843638e-01 3.930811089507658118e-01 4.253386515001431611e-01 4.535423915975684284e-01 4.361662640090840370e-01 4.129552107938112004e-01 4.688188783379944602e-01 4.612545020009174435e-01 3.973918585161893557e-01 2.787925307850852019e-01 3.537967686143242418e-01 2.810980146961314374e-01 3.050349110628230997e-01 3.187547610868259329e-01 3.213168252194096297e-01 3.113998421671296257e-01 3.417869430422519339e-01 4.092010782854718087e-01 4.300476699554931503e-01 4.080145865517034731e-01 3.852377951118751698e-01 4.022996689229207390e-01 4.275091593634580689e-01 4.183233189494527937e-01 3.950540519081821023e-01 3.917971613230048500e-01 3.741673482578616872e-01 4.056822615265965326e-01 4.218153886325177737e-01 4.202128460873876259e-01 4.343160449117802746e-01 4.494992755804342877e-01 4.637446065701322784e-01 4.709602444767679863e-01 4.519845292596649244e-01 4.671845907034871126e-01 4.503105412884735315e-01 4.706106365223738375e-01 4.633182104212745234e-01 4.682552320441920046e-01 4.482519128337691949e-01 4.156289692270398461e-01 4.479962452967438669e-01 4.515463109645343476e-01 4.652737714973276262e-01 4.425617909451766696e-01 4.325346414938880946e-01 4.470380890169708965e-01 4.400842102176171222e-01 4.612676441265479155e-01 4.602172019080137955e-01 4.684792886097424169e-01 4.550370162763586745e-01 4.677430122719918315e-01 4.479600393673128234e-01 4.576803888109496898e-01 4.552356725935086668e-01 4.538385883732561354e-01 4.604549692038409914e-01 4.451908486243851826e-01 4.485409922323643217e-01 4.339377017295877881e-01 4.473318642545813240e-01 4.438557945764060597e-01 4.346209030372057414e-01 4.415272868564978359e-01 4.700842758716657910e-01 4.682848784623041549e-01 4.709271974372231662e-01 4.576812503021148726e-01 4.657407720831056586e-01 4.454021659611041573e-01 4.530432003370568617e-01 4.640609139927274751e-01 4.508983684618307342e-01 4.497783179896493455e-01 4.414000093228843680e-01 4.462213694890942994e-01 4.587775508598908591e-01 4.590296236836928778e-01 4.647859665010362629e-01 4.547600644711600748e-01 4.652859193509333302e-01 4.699636469690675611e-01 4.641015309744167538e-01 4.699539699973972473e-01 4.694165879335505109e-01 4.703060221569888566e-01 4.547711652352564027e-01 4.483907022324705727e-01 4.668238902361880327e-01 4.657118712350151180e-01 4.707135234898528475e-01 4.631220291834606262e-01 4.658096051322486164e-01 4.670588595003184462e-01 4.564589027761392082e-01 4.537422087992545872e-01 4.649029004087797956e-01 4.668194823654078784e-01 4.646964398489001891e-01 4.676509033753641909e-01 4.634953725862500651e-01 4.704804827079360208e-01 4.664019804859990681e-01 4.646660340891626828e-01 4.586322348088658352e-01 4.622355635229874471e-01
1.334157103285187884e-01 1.522209746562776522e-01 2.830765965242023618e-01 4.631944412290094903e-01 2.557850379680012831e-01 1.000000000000000000e+00 5.288645519793956362e-01 5.004451005524203078e-01 5.193128227559034027e-01 4.888021900616995041e-01 5.369028382291751722e-01 5.742718691762498384e-01 5.100430641148213651e-01 4.985425705942064800e-01 5.749072571387067176e-01 5.654103321924304204e-01 5.411403002253576400e-01 5.074923444462462463e-01 5.272373322491105130e-01 5.053082300145609329e-01 5.174208497119485717e-01 5.567600707216489031e-01 5.457012149815608781e-01 5.152769558365827285e-01 5.471289032415304066e-01 5.879593731384414879e-01 5.914889385998324256e-01 6.142674120474309607e-01 5.752826089307100377e-01 5.459775989212700686e-01 6.014090021134038677e-01 5.823655740514969148e-01 5.870408586387387828e-01 5.629552517891679431e-01 5.731788943823138416e-01 5.962393856956553773e-01 5.921502164781635713e-01 5.777851645747273945e-01 6.008728085913813688e-01 5.956302169102251076e-01 5.987899395111273559e-01 5.938815127175609554e-01 5.994615893447463595e-01 5.901855850018252747e-01 6.017457277974447294e-01 5.853782621533510921e-01 5.775004568429900065e-01 5.779094080122130217e-01 5.697282685042344141e-01 5.640247523162622567e-01 5.882316009511361354e-01 5.719896686189046564e-01 5.777472348993203388e-01 5.874301947623630227e-01 5.823404927168591705e-01 5.915941529729600301e-01 5.906693379733730653e-01 5.902523468880181978e-01 5.891502860829048727e-01 5.810475452944220409e-01 5.903095234540960412e-01 5.747877831685815897e-01 5.795057733180477566e-01 5.745635264054149705e-01 5.810075308104643010e-01 5.929530190783266486e-01 5.853760830609100463e-01 5.955525238150898293e-01 5.906769607499070540e-01 5.926215165541509622e-01 6.012540115416016295e-01 5.969348601649653308e-01 5.833797889023543126e-01 5.978039418005057781e-01 5.934185940882285015e-01 5.992428717081731415e-01 6.017746531081183958e-01 5.970131319517226753e-01 5.964519551532111441e-01 5.787461387354151388e-01 5.897947342945498717e-01 5.932489003008500905e-01 5.951416109412811517e-01 5.963732569395495675e-01 5.877101169578470286e-01 5.946740994291147553e-01 5.964814022116047276e-01 5.914689850981035280e-01 5.841974275312912246e-01 5.938354566598263995e-01 6.039056814010882457e-01 5.890413566290774172e-01 5.947428759543669230e-01 5.921091206256682282e-01 5.767892405991200677e-01 5.775078893152064685e-01 5.879578081993719341e-01 5.817132489849660137e-01 5.879139621645390612e-01 5.872737965268968185e-01 5.870519119808553787e-01 5.851076040848366411e-01 5.876345968822108690e-01 5.827560314288200427e-01 5.974069363105427577e-01 5.896188018698176325e-01 5.795417404916987092e-01 5.858955296631206400e-01 5.893771703148824592e-01 5.805377640223563507e-01 5.852010413670297728e-01 5.773461732688627279e-01 5.750488395867825453e-01 5.806473824845809206e-01 5.847858937808362301e-01 5.815672233499614707e-01
1.521722602515452119e-02 1.231035026062086979e-01 3.579390186800863183e-01 5.805284375180083112e-01 4.552011908037023602e-01 5.288645519793956362e-01 1.000000000000000000e+00 6.852032895596655848e-01 7.208662328109255446e-01 6.792227563824567715e-01 7.696272825019792041e-01 8.053892491902049366e-01 7.325491786652730264e-01 7.121497019369523729e-01 8.223190746999707867e-01 8.030787609336210719e-01 7.253949430742331339e-01 5.846154496280443480e-01 6.863634889479789392e-01 5.818422454122638143e-01 6.216287206804889109e-01 6.606554761306298040e-01 6.344513686889234894e-01 6.247837426655430404e-01 6.696227057488265411e-01 7.325121737490291052e-01 7.754963988135952224e-01 7.459155320747840046e-01 6.890142916058025202e-01 7.311979210409863539e-01 7.971868114654490078e-01 7.719966272108896854e-01 7.368672850656479145e-01 7.459712058189958972e-01 7.010671764012607055e-01 7.666148831423446053e-01 7.741309960698740111e-01 7.826334733530335708e-01 7.977448229020254189e-01 8.073375450062949543e-01 8.175800225429632473e-01 8.281708805707836962e-01 8.187919063669437669e-01 8.294704458536522607e-01 8.112257859976602647e-01 8.196058906000800448e-01 8.150863368553280530e-01 8.127637712982621609e-01 7.975512422266690660e-01 7.766536891477123783e-01 8.144173564220126282e-01 7.925179347638131588e-01 8.132819464285697686e-01 7.763508480595802119e-01 7.719760591247314396e-01 7.900801133803946330e-01 7.910066508530807505e-01 8.167230432765804071e-01 8.195300986944199506e-01 8.110657238041688588e-01 8.131668625009298434e-01 8.107396090956249246e-01 7.994412452345690534e-01 8.126393473037328841e-01 8.091682767297418977e-01 8.045429127538649139e-01 8.124472322033656768e-01 8.015686300270387088e-01 8.032291834815795672e-01 7.902837435267168198e-01 8.038157082422052735e-01 7.993287906696748824e-01 7.896976194220787226e-01 7.959253130556848133e-01 8.191510285308427619e-01 8.205762762611175098e-01 8.189998820255340872e-01 7.992111496034689511e-01 8.151194689890266520e-01 7.965554607944966836e-01 8.052533717431206162e-01 8.209410326949567738e-01 8.033497506813755962e-01 8.057056347392468343e-01 7.996605217115516639e-01 8.065170945996801288e-01 8.162904537663470128e-01 8.159233172248097077e-01 8.192579576233175453e-01 8.032655200915893579e-01 8.241926570286803866e-01 8.242028296131578280e-01 8.225702246685299146e-01 8.230229813271990880e-01 8.178740210074441075e-01 8.178966965785235965e-01 8.101018748981192452e-01 7.990718392996458697e-01 8.203500909137159125e-01 8.217101514754224789e-01 8.226763136447107216e-01 8.145955106672171375e-01 8.164887650518098949e-01 8.183042598445592342e-01 8.123299853530097092e-01 7.986897950474967089e-01 8.133220496799731247e-01 8.110811449147359298e-01 8.093215852537495314e-01 8.178029628096323833e-01 8.167264996477128225e-01 8.166441279493205085e-01 8.121995225023598275e-01 8.138339325347059283e-01 8.115071627524265141e-01 8.108574282829014157e-01
8.204694908237765427e-02 1.698769670587720049e-01 3.482443844852138870e-01 5.341642233946199969e-01 3.937589287067459476e-01 5.004451005524203078e-01 6.852032895596655848e-01 1.000000000000000000e+00 7.114180153730044198e-01 6.700665068405293745e-01 7.182179474124174012e-01 7.603521460460148651e-01 6.867215517425223625e-01 6.807442220982756753e-01 7.664738379056516004e-01 7.793331933041632853e-01 7.021990283468920735e-01 5.845677881049254898e-01 6.612658916626036332e-01 5.849224515705532257e-01 5.972672103967775481e-01 6.485681615762516339e-01 6.435361807778575693e-01 6.056298566635067715e-01 6.403680194615296584e-01 7.283794269660319731e-01 7.455620873938426652e-01 7.254130622039050014e-01 6.697628398537022187e-01 7.025069206240127651e-01 7.543270714461920434e-01 7.566984305400134003e-01 7.310124343041849437e-01 7.287524435000526379e-01 7.029249286280828679e-01 7.527688950688342651e-01 7.470350881108899221e-01 7.619021831224798147e-01 7.753701899656018082e-01 7.585054800089314764e-01 7.784705516753979149e-01 7.802288273513906525e-01 7.750800479806501109e-01 7.831194555927388778e-01 7.724896499352474910e-01 7.668661262507401322e-01 7.759702972396514964e-01 7.774869792352164799e-01 7.807137381270337073e-01 7.608547787592030431e-01 7.840220389895977693e-01 7.464506661210076333e-01 7.762272835535268811e-01 7.668163909615642870e-01 7.661263177836301619e-01 7.726108812888673461e-01 7.752696118464248443e-01 7.831364027962084418e-01 7.882235164961036711e-01 7.785452387731992552e-01 7.832566139636120139e-01 7.784381285640409320e-01 7.803170433487894853e-01 7.774415320057310730e-01 7.725029657471395028e-01 7.786173944683197901e-01 7.797889181253785384e-01 7.659823976120110345e-01 7.737548085998074976e-01 7.544403301859798905e-01 7.636266151574123695e-01 7.699277667432993244e-01 7.527424253349572769e-01 7.566236043195434524e-01 7.816103235403697447e-01 7.794920143703250037e-01 7.790624045986852542e-01 7.627015006576943756e-01 7.721757156775501674e-01 7.549713451588335733e-01 7.634487288708585728e-01 7.801900346417851573e-01 7.779146142043077417e-01 7.710032158737795127e-01 7.743876263417931449e-01 7.728208708358940138e-01 7.755659193256451145e-01 7.848527656313505352e-01 7.780884194058783621e-01 7.774126470844291426e-01 7.820799218755077886e-01 7.825602840274528127e-01 7.803582053173099276e-01 7.799331343075475154e-01 7.779654646126673567e-01 7.776950558589225126e-01 7.831457777361540140e-01 7.773311431131290083e-01 7.848394389192040466e-01 7.851366865554538776e-01 7.816545651313304699e-01 7.825826495653757098e-01 7.788538911156190903e-01 7.807942774995865198e-01 7.798651421987664589e-01 7.746487766128710151e-01 7.808698115937460216e-01 7.784341594027210931e-01 7.797081455367399494e-01 7.795098715748178808e-01 7.829028540532676494e-01 7.768999440098139919e-01 7.783026957012256775e-01 7.805896881286255029e-01 7.743340714699475935e-01 7.753911625520035766e-01
1.356167789343872832e-01 1.982671342322708530e-01 3.677485272986957821e-01 5.535043790266436226e-01 4.267287855998843638e-01 5.193128227559034027e-01 7.208662328109255446e-01 7.114180153730044198e-01 1.000000000000000000e+00 7.796833777339090554e-01 8.154662667467668102e-01 8.296020739708607206e-01 7.524684901413691840e-01 7.526883278547705780e-01 8.555416124424967128e-01 8.466578215591517020e-01 8.224887987155419244e-01 7.030512135238514704e-01 7.857989111060723619e-01 6.845099314677079994e-01 6.937644616317671931e-01 7.558398402833493845e-01 7.679116340001167496e-01 7.434688404286904362e-01 7.640112663944492732e-01 8.399151276898316754e-01 8.495169242483686656e-01 8.228068217156013775e-01 7.700176293375049497e-01 8.488269635156384663e-01 8.573534165251637251e-01 8.622038312268224258e-01 8.215020360263965982e-01 8.260078427724775185e-01 8.267545094407562356e-01 8.192308772589665944e-01 8.468780442465444480e-01 8.569954707524896076e-01 8.686222405594580254e-01 8.311966031073727557e-01 8.853467511492789654e-01 8.697723083850756876e-01 8.533947371711650964e-01 8.756150334661442214e-01 8.764860018843030343e-01 8.677788356701524597e-01 8.805188234181037243e-01 8.929197087888890438e-01 8.870099339015684592e-01 8.384056753433098974e-01 8.739843688969225477e-01 8.067383398889372836e-01 8.704913075098362762e-01 8.924680712720046705e-01 8.895240551978123023e-01 8.788396076633027132e-01 8.827258977254557326e-01 8.874162800778658822e-01 8.929269633320217059e-01 8.908987364139261400e-01 8.905629480091779016e-01 8.885900179111606567e-01 8.837751400237948696e-01 8.785348783626836244e-01 8.786205368588220210e-01 8.879032724700893775e-01 8.858958256222768668e-01 8.816430946556150783e-01 8.887068121346816119e-01 8.658289814245868632e-01 8.710439826643803229e-01 8.830011801702007945e-01 8.754967330953525861e-01 8.753381267496430640e-01 8.904842423213614744e-01 8.867933346687448815e-01 8.852445366526228154e-01 8.712187477420190174e-01 8.851336669051813599e-01 8.795610321793998487e-01 8.834572240367114526e-01 8.849755926324476274e-01 8.816127514041668389e-01 8.874404326578467783e-01 8.734827849407507117e-01 8.757944703175368772e-01 8.767195664919780196e-01 8.845875358056249915e-01 8.838012763245312042e-01 8.791703099205903094e-01 8.816059429507988598e-01 8.837446597609597276e-01 8.829192933810093846e-01 8.838901344079906908e-01 8.819444649526719804e-01 8.837862142130067378e-01 8.741706796033151816e-01 8.780241926919503115e-01 8.849520537281055921e-01 8.805330991923914219e-01 8.752320490294240862e-01 8.810083858088406661e-01 8.782556167077000264e-01 8.791881017659244346e-01 8.693557078176380459e-01 8.775311725303337473e-01 8.878749145019312339e-01 8.891455775006644746e-01 8.897708006781275270e-01 8.858300729067066781e-01 8.862310412312036645e-01 8.846905134684113214e-01 8.835246878548469462e-01 8.814205313205025760e-01 8.794072073518373056e-01 8.818681685991486274e-01
7.660242412538012524e-02 1.876047875640688423e-01 3.547309551674914241e-01 5.087963461172376745e-01 3.930811089507658118e-01 4.888021900616995041e-01 6.792227563824567715e-01 6.700665068405293745e-01 7.796833777339090554e-01 1.000000000000000000e+00 7.729936934157578543e-01 7.903087159654652583e-01 7.144438935988716155e-01 7.128020717047107713e-01 8.015116822826263698e-01 7.965028932843262188e-01 7.723904492615415451e-01 6.629901963865754144e-01 7.464493418368413069e-01 6.467062411832775748e-01 6.577047892909512194e-01 7.212478210645544285e-01 7.235850056961968813e-01 6.985298167571031280e-01 7.232281725334069877e-01 7.931266626094519712e-01 8.013319560379770223e-01 7.665525012417870876e-01 7.292236717007145597e-01 7.821076881247568391e-01 8.013137280228365134e-01 8.217477430201751698e-01 7.767785302041571027e-01 7.828594062336523551e-01 7.702975859719726204e-01 7.805647640030433099e-01 7.880550352186502794e-01 8.150632424393757791e-01 8.196653592021164725e-01 7.823874677459244920e-01 8.309355932416706558e-01 8.142213985545392330e-01 8.057471486992020537e-01 8.255957044625342744e-01 8.290164394064895026e-01 8.097705482761800022e-01 8.324459561538964936e-01 8.398890953594212450e-01 8.410869647848391306e-01 8.071779560007834586e-01 8.303292373797112047e-01 7.594987482763261299e-01 8.215950337439089646e-01 8.372765976584558567e-01 8.346492735387209816e-01 8.291436699030816371e-01 8.259345022588330254e-01 8.367168124648906025e-01 8.397751024974634548e-01 8.352940241586802594e-01 8.390789353774225079e-01 8.299361955334233487e-01 8.305768621593362377e-01 8.334510693753496291e-01 8.280351906612313240e-01 8.356710194780886392e-01 8.380143000755234661e-01 8.341593000697742344e-01 8.424401694757041037e-01 8.162537741868971519e-01 8.257744561705051556e-01 8.329259042867891427e-01 8.268460422233072649e-01 8.252110603723128435e-01 8.403880419958887904e-01 8.366789003273363834e-01 8.335289251437740798e-01 8.257085987627260648e-01 8.350455683824028474e-01 8.280882764309530630e-01 8.259129499669791707e-01 8.345707588169535285e-01 8.379124962858310877e-01 8.371954464909201477e-01 8.295884144609956268e-01 8.274642609994860010e-01 8.259481213332587890e-01 8.396385117304757673e-01 8.341496978443079247e-01 8.332032040598859046e-01 8.323237652616807258e-01 8.328471241809574099e-01 8.351616592799190331e-01 8.333690657001698865e-01 8.316622619511351289e-01 8.343521359360954737e-01 8.298941539047588467e-01 8.297547470223085586e-01 8.360476474231822719e-01 8.352910063308867095e-01 8.257710842920644723e-01 8.317849811514326230e-01 8.286557593306443925e-01 8.318393159407765358e-01 8.247718395719300100e-01 8.271121593415206030e-01 8.380719242702482363e-01 8.388296267712510579e-01 8.399125504132444187e-01 8.353663455076967281e-01 8.351677907476859897e-01 8.331719321536154022e-01 8.329816488649455231e-01 8.354316882868053629e-01 8.313264987995632183e-01 8.301693783570958107e-01
3.844508776489773128e-02 1.613066259400684488e-01 3.759494773531245060e-01 5.872188597340748384e-01 4.253386515001431611e-01 5.369028382291751722e-01 7.696272825019792041e-01 7.182179474124174012e-01 8.154662667467668102e-01 7.729936934157578543e-01 1.000000000000000000e+00 8.797422735448297004e-01 7.901795995758277291e-01 7.929214662312710216e-01 8.885037460997009529e-01 8.658342482362126891e-01 8.181298258728040285e-01 6.721563462845524528e-01 7.834071172191219290e-01 6.728157912888103054e-01 7.093506712293390359e-01 7.525289030811804780e-01 7.288757197671095200e-01 7.117460945719935594e-01 7.512069731500566894e-01 8.248536774268755423e-01 8.650384204615200190e-01 8.230786738506652434e-01 7.715314529479324612e-01 8.379223390519495718e-01 8.763172429978169919e-01 8.669726527220934509e-01 8.265735648201895103e-01 8.331995161053055154e-01 8.177811254366573746e-01 8.478167739622493038e-01 8.714637795332598191e-01 8.667507042501241266e-01 8.899285848270566124e-01 8.626797040407498951e-01 9.037282633693114464e-01 8.993249455398398817e-01 8.897484804251731827e-01 9.061461844837260804e-01 9.002615650911492962e-01 8.948435267202412557e-01 9.090899864590042956e-01 9.096753113492721532e-01 8.970653626541464920e-01 8.632066048406734637e-01 8.950135115010801057e-01 8.638191522740329420e-01 9.002688685042896655e-01 8.855246879644163016e-01 8.829279065353208278e-01 8.867774885226160642e-01 8.890451923954221236e-01 9.066641880482375626e-01 9.060300953365076904e-01 9.092704302287207829e-01 9.113754724422304943e-01 9.066952886059197469e-01 8.985888331608000712e-01 9.044812459483013711e-01 9.045539370368099741e-01 9.061405298232488859e-01 9.091597746354936893e-01 9.022103262376840460e-01 9.032114519355123328e-01 8.882560214633535844e-01 8.970023154248623065e-01 9.015858592262208093e-01 8.845855561174568171e-01 8.876497582825483290e-01 9.132318554130235411e-01 9.139654889065144117e-01 9.100029041246547878e-01 8.949009175984552478e-01 9.052945865295782824e-01 8.983848995209454680e-01 9.029533732419940950e-01 9.131580633601393826e-01 9.005894249388988193e-01 9.044594946653673473e-01 8.970298107843478475e-01 9.003163028664188383e-01 9.056877508686845824e-01 9.105732720242075695e-01 9.111931117430199789e-01 9.030611016653411482e-01 9.097257428520117983e-01 9.154869641292490146e-01 9.125795841145200038e-01 9.138077964451798429e-01 9.146889044521842038e-01 9.136698066386419459e-01 9.065813158747754175e-01 9.023713765998885306e-01 9.155324474736205032e-01 9.146162547542342480e-01 9.136303197443026436e-01 9.121351874803396154e-01 9.142125419070797898e-01 9.139897841988635641e-01 9.099278777795188899e-01 9.051049434369717872e-01 9.128693495592816731e-01 9.113212108992551075e-01 9.114808062448853665e-01 9.141955049012979728e-01 9.127833724206060317e-01 9.143932995620637216e-01 9.139254075960665524e-01 9.125043071538281314e-01 9.113192695243872432e-01 9.121288198537659264e-01
3.807863683409361960e-02 1.649705174530041729e-01 3.952018384409193841e-01 6.449815612102465234e-01 4.535423915975684284e-01 5.742718691762498384e-01 8.053892491902049366e-01 7.603521460460148651e-01 8.296020739708607206e-01 7.903087159654652583e-01 8.797422735448297004e-01 1.000000000000000000e+00 8.282069313938095201e-01 8.281105289491708099e-01 9.220074118039365274e-01 9.044644583635220725e-01 8.350940761431148163e-01 6.799130954568173291e-01 7.908898347539458085e-01 6.887995658644506802e-01 7.283184779563334210e-01 7.604165905423132532e-01 7.359542947489403630e-01 7.168167733091983518e-01 7.549565297827797172e-01 8.472821128054721651e-01 8.899291427763543760e-01 8.499828255750990769e-01 7.826760829420649213e-01 8.409087449147547577e-01 9.007651750588387962e-01 8.970169672233253566e-01 8.594195349878729351e-01 8.691027135214481891e-01 8.290624169364358975e-01 8.937672534541625247e-01 8.894889341535872074e-01 8.953177667325252775e-01 9.221700908420477072e-01 9.079514468791396453e-01 9.360272134321102611e-01 9.375537415311605560e-01 9.313057270516991171e-01 9.410939408275391660e-01 9.285635293285730008e-01 9.266486748051944167e-01 9.390971323658834358e-01 9.350763319884664027e-01 9.252309087394811060e-01 9.038783982935452155e-01 9.312757767990572644e-01 9.140959965681095811e-01 9.352271250097496935e-01 9.046865943869225601e-01 9.036606289898398980e-01 9.124514835637748122e-01 9.219859743518317163e-01 9.379866755108867693e-01 9.367590948220940739e-01 9.377095639311117115e-01 9.402765997512737561e-01 9.324966852101306269e-01 9.259906432907094587e-01 9.364730707273758448e-01 9.346234102332928728e-01 9.340249071194639541e-01 9.386597929899774817e-01 9.260076152523922799e-01 9.278648989960985860e-01 9.135192733595099979e-01 9.238083774559842087e-01 9.243826904275008749e-01 9.077545272493684481e-01 9.092102447603916948e-01 9.397516202254638795e-01 9.426515445053279540e-01 9.423681432550198300e-01 9.174756052993148225e-01 9.340325159382559805e-01 9.182730147425350875e-01 9.261903109497323650e-01 9.405287151365200327e-01 9.284442482862514945e-01 9.313630459161881259e-01 9.283777964610355760e-01 9.308189657627813363e-01 9.370074602263561703e-01 9.413125164005523571e-01 9.389401241419589317e-01 9.304808844387755240e-01 9.424651463745703506e-01 9.468878797398045943e-01 9.427234930407540903e-01 9.432315138420839240e-01 9.430101938730817146e-01 9.417145021110225889e-01 9.416617549470277515e-01 9.311767559914064796e-01 9.464221943544680604e-01 9.460885424730871573e-01 9.455484662701115761e-01 9.431224734335349469e-01 9.446211847745216161e-01 9.448391364814325843e-01 9.422626779095140126e-01 9.341349575029281871e-01 9.410798842518821594e-01 9.367968439253209212e-01 9.376274136921880498e-01 9.434345415348062147e-01 9.421782933070430577e-01 9.411371016576701720e-01 9.400270224351728876e-01 9.408800606749008200e-01 9.397505631116712665e-01 9.402243605164508633e-01
1.435128689885629971e-02 1.443783568553896057e-01 3.149782808428521208e-01 5.486743666889482007e-01 4.361662640090840370e-01 5.100430641148213651e-01 7.325491786652730264e-01 6.867215517425223625e-01 7.524684901413691840e-01 7.144438935988716155e-01 7.901795995758277291e-01 8.282069313938095201e-01 1.000000000000000000e+00 7.577703882666236845e-01 8.375650786834345496e-01 8.235213597685067111e-01 7.467666651548600099e-01 5.818697676133377517e-01 7.050288914313689315e-01 5.842139211400999566e-01 6.187435404597462218e-01 6.600840478951033319e-01 6.635597387511663614e-01 6.278850080314001270e-01 6.736984266653455178e-01 7.553967259920533195e-01 7.979674093338461338e-01 7.506718740546775015e-01 6.996346639103963039e-01 7.574038613101117257e-01 8.067442544652492220e-01 8.066557444164124124e-01 7.648248192257308675e-01 7.722319520394264059e-01 7.396856513140356304e-01 7.990671669890277995e-01 7.973342683945170428e-01 7.990411105063299768e-01 8.282441225746330904e-01 8.109434292517658793e-01 8.424179251724022155e-01 8.427927274880521180e-01 8.377819252339833156e-01 8.489203726860642396e-01 8.345330289770060972e-01 8.428141667008991478e-01 8.539993257849940456e-01 8.494683992162949115e-01 8.356625553080530011e-01 8.116860052882880483e-01 8.360483199174486568e-01 8.217345035756551397e-01 8.458277228820405558e-01 8.150831065777972562e-01 8.117222587292249880e-01 8.259260523618476846e-01 8.257510214726181408e-01 8.461847165880472810e-01 8.452083019418081822e-01 8.520944847501648045e-01 8.499291260126542458e-01 8.484271277556700852e-01 8.348398068968724273e-01 8.506185510324439925e-01 8.446494859961380941e-01 8.416875303978560430e-01 8.510862856257694897e-01 8.342581689537391654e-01 8.403757800141009593e-01 8.160865003549861996e-01 8.264761172786843080e-01 8.332017308872555761e-01 8.162371030695069196e-01 8.188839236991046766e-01 8.495107324152720851e-01 8.515460575128381837e-01 8.493868777855292374e-01 8.307189289818275313e-01 8.435294109817994546e-01 8.332811533681259153e-01 8.394060192345021987e-01 8.529237044565208814e-01 8.404522755814138879e-01 8.381838269087401594e-01 8.386928325765286019e-01 8.404062113566764802e-01 8.494176625082895393e-01 8.506419759551382409e-01 8.517665559466474079e-01 8.428054172649956932e-01 8.513226984461418345e-01 8.582221679034919282e-01 8.529011043739046505e-01 8.575359874155004114e-01 8.584363398980219273e-01 8.578708193372892588e-01 8.511947998517096492e-01 8.441594435309023314e-01 8.573803655517299172e-01 8.582053169382288793e-01 8.578249185330909521e-01 8.563897649004167389e-01 8.576293000486020501e-01 8.599800246707293150e-01 8.530255367623820195e-01 8.445402132428680986e-01 8.539186563121533569e-01 8.513300760442166215e-01 8.499005003532984492e-01 8.562066732469931774e-01 8.536792223282827496e-01 8.577112601221457133e-01 8.556885646414045254e-01 8.566750963039164724e-01 8.527137474385021454e-01 8.530490499353443612e-01
