1.000000000000000000e+00 8.662317336545523327e-02 6.071819560472225402e-02 3.216447558056342859e-02 2.306620361699416796e-02 -2.330278334723781541e-03 6.068561398821602920e-02 8.084972151175838506e-02 1.076450902711042074e-01 5.378339124984442970e-02 6.231764153711840531e-02 2.260432300806150107e-03 1.134351835938600742e-02 1.497443330344084764e-03 2.269398144466774556e-02 1.949865978078285655e-02 1.472861206670274536e-01 1.701448169499911178e-01 1.174463037298910939e-01 1.188571018662515910e-01 1.032103873801669403e-01 1.140112585195792033e-01 1.568727223507587198e-01 1.829078585634548726e-01 1.093809626588707340e-01 1.077434918516573109e-01 1.056536304046333530e-01 1.298176183850009435e-01 1.564137118810704774e-01 1.216104146191906155e-01 9.435792209549270781e-02 8.831829360497098214e-02 1.150411232120996802e-01 1.248933422158718248e-01 1.271812219000676425e-01 9.676376710783661517e-02 9.630808803014687114e-02 6.552182397797229330e-02 6.492665678586409528e-02 5.169350853847499982e-02 4.722879799351248353e-02 4.308473840440910779e-02 5.121084601254961149e-02 3.407205433053672045e-02 4.938714398131827804e-02 3.655882767967769814e-02 1.472409275299112544e-02 2.892307896412433382e-02 9.970371713131743335e-03 4.902922148738868280e-02 4.877981123127519275e-02 2.976495031602439251e-02 1.799057779671124277e-02 2.911395805240446499e-02 3.623686248771437052e-02 7.482355013695733692e-02 4.361265539522543588e-02 1.454005327308950137e-02 2.628191043001954288e-02 9.524138707117810188e-03 2.214810518632684064e-02 1.470716848408711898e-02 3.014150693960331376e-02 3.660447927809006019e-02 4.737501640047666468e-02 2.625665284308166536e-02 2.557359553729420670e-02 4.774485117603044504e-02 5.249152908508240845e-02 5.695813363717800587e-02 3.348836024220989277e-02 4.278774209290932273e-02 8.477091525382658699e-02 5.498105126217018440e-02 3.880321050865129934e-02 5.756618246023345598e-02 6.081567624505374720e-02 6.278750433795028674e-02 4.886740133640032901e-02 5.479295160026598915e-02 6.487696737631468147e-02 4.035571936004559573e-02 6.794173116175725169e-02 6.948816536647370312e-02 4.333708457159084898e-02 5.258292792706899949e-02 3.992368274041189352e-02 2.758076609883155714e-02 3.124679800959944548e-02 4.806964319915886519e-02 3.545404789913168819e-02 2.270740866126178328e-02 2.329321077251983799e-02 1.992384333384823736e-02 3.003167737645937117e-03 1.455574887010224749e-02 6.362794235186997223e-03 3.526791976889495639e-02 1.370547261208798079e-02 2.451890901140610715e-02 1.314569223464982957e-02 6.967400261317403809e-03 4.994008454831494817e-03 7.200419851879364362e-03 2.007229247000099498e-02 1.922990967963657608e-02 1.055230064133566743e-02 2.454191617073382334e-02 2.502163867743634196e-02 1.655539203843932675e-02 1.419602279086309635e-02 8.025672811299363815e-03 7.638711990922469365e-03 1.974257176574947467e-02 3.277012210834490819e-02 1.143909617871563880e-02
8.662317336545523327e-02 1.000000000000000000e+00 5.323629264954177903e-02 8.492608581183182237e-02 8.527446466922289359e-02 1.014946898506389056e-01 1.522054887225545439e-01 1.350454422344929128e-01 1.785253422469580686e-01 1.674028205108466782e-01 1.652221546175668687e-01 1.520379807575636955e-01 1.459875645086021745e-01 1.346815893067767611e-01 1.606674937019211269e-01 1.506212936083674014e-01 1.640847324191349044e-01 1.922886311579321272e-01 1.924651499606341298e-01 1.594804092433232123e-01 1.417174804862041115e-01 1.809166315190945118e-01 2.117020189209684877e-01 2.067946208486924897e-01 1.972975979941414826e-01 1.999401478006910537e-01 1.974911683246563798e-01 2.061990640974107891e-01 2.134132176053374907e-01 2.140782482831674882e-01 2.020115910821674021e-01 1.879406258072666702e-01 1.946915685741178736e-01 1.886536135118487834e-01 1.932923404115741151e-01 1.857838967046831491e-01 1.992924785680514344e-01 1.754937641968902229e-01 1.767018315879964607e-01 1.766536984977039038e-01 1.703177016192352899e-01 1.739425607308388577e-01 1.674675670593658017e-01 1.679414242435149085e-01 1.742423034410127691e-01 1.741283841826990197e-01 1.664392517994703058e-01 1.713801440022947598e-01 1.618018061337806734e-01 1.601280433905667988e-01 1.712415730588076335e-01 1.397139266592989648e-01 1.567100748990259140e-01 1.613084145413154480e-01 1.617931045974922155e-01 1.787355643930612081e-01 1.641341833956097007e-01 1.636442806117075210e-01 1.676648873457987632e-01 1.603788859601515404e-01 1.647210510088901736e-01 1.647264706916317933e-01 1.622205313478390365e-01 1.661450971720253578e-01 1.649028037938743141e-01 1.657448886985033454e-01 1.656010729976828133e-01 1.768046879593388465e-01 1.824109403929005113e-01 1.741204528739048740e-01 1.669803863668418153e-01 1.794033452796015282e-01 1.928573478252100237e-01 1.830578684779583243e-01 1.744322805733811987e-01 1.829283149193666469e-01 1.855591932997343319e-01 1.857458724528714966e-01 1.847804622264280217e-01 1.867911493064653983e-01 1.865510697984990307e-01 1.784284099011005931e-01 1.828752018997782114e-01 1.859504902455191566e-01 1.694831546795844412e-01 1.767172165963818431e-01 1.768886837390793998e-01 1.699047954167598740e-01 1.740783258856329063e-01 1.771601157736115428e-01 1.747091437456822771e-01 1.702303271786932692e-01 1.690932902833726936e-01 1.689454785195083075e-01 1.622335124656627547e-01 1.676662898689299241e-01 1.578230926156809488e-01 1.614904740440384345e-01 1.676056063127900619e-01 1.672615683812487264e-01 1.632657254055743523e-01 1.607632981075025058e-01 1.567019481809921178e-01 1.602584153939587974e-01 1.583902236396872165e-01 1.644932808607826868e-01 1.629642179193574181e-01 1.694463665329127844e-01 1.674226833649569979e-01 1.667609190617051762e-01 1.647842761690027913e-01 1.605344389782225878e-01 1.610749924583184389e-01 1.652208092101484227e-01 1.655644463331302219e-01 1.586420586970601065e-01
6.071819560472225402e-02 5.323629264954177903e-02 1.000000000000000000e+00 3.357039761428954883e-01 1.956808118439835598e-01 2.430306773647858132e-01 3.700321736425207786e-01 3.415570814206720374e-01 3.605571725419126072e-01 3.063718804770322324e-01 3.741772557314768100e-01 3.860186373590188125e-01 3.222189763047295097e-01 3.473867699729492609e-01 3.932908696694588091e-01 3.731459773601100149e-01 3.994984517440069438e-01 3.903927392353659931e-01 4.053943963723307120e-01 3.509017096861588025e-01 3.888210891785661150e-01 4.110043893714431240e-01 3.945009851997293704e-01 4.010112284235865521e-01 4.180277185243557736e-01 4.080883531995064262e-01 3.985524443486519464e-01 4.022148217490121858e-01 3.999450418717588329e-01 3.863713615567033188e-01 4.096201719221881921e-01 4.040092942447612301e-01 3.853041489885695725e-01 4.120932172661002646e-01 3.883832258287473471e-01 3.951658247112462830e-01 3.963870332366378202e-01 3.957138330593018560e-01 4.043097778692743005e-01 3.859758292950492553e-01 3.929079590638268615e-01 3.916144308178327593e-01 3.899480356528828295e-01 3.917085169327134686e-01 4.017979292826432958e-01 3.987495125587863787e-01 3.738511271757171683e-01 3.809077502437216434e-01 3.769725552216385278e-01 3.929490874504560360e-01 3.967205140641641981e-01 3.721322919837486976e-01 3.775881346497669822e-01 3.802028100339822081e-01 3.830854428198849915e-01 4.136642543013547835e-01 3.861896765482029648e-01 3.782818416207873735e-01 3.845149040769026971e-01 3.766332408515767338e-01 3.794169135185722075e-01 3.748038307532461921e-01 3.850882642227614339e-01 3.845719643773324314e-01 3.909548054667679740e-01 3.860827625888668124e-01 3.866110746381425378e-01 3.997340028863570760e-01 3.967702728263381995e-01 3.961958756324169828e-01 4.067383144822280250e-01 4.025879426764878422e-01 4.108051289790676242e-01 4.078304761533584899e-01 3.942134547898626384e-01 3.985025674982395905e-01 3.949912608311934581e-01 3.933401923691083879e-01 3.906994826676253862e-01 3.903510428706044588e-01 4.019639537961934850e-01 4.014369285103373541e-01 4.033038370521174754e-01 3.944817659887022709e-01 3.925700293885473480e-01 3.988915327999853488e-01 3.970502525061854193e-01 3.878047369408189060e-01 3.908095433107844907e-01 3.997346088866982616e-01 3.922388607236105829e-01 3.883211078322602039e-01 3.897165524286722582e-01 3.848351165450737965e-01 3.753302660597389595e-01 3.785045338638871604e-01 3.785593503025022621e-01 3.862452658198720079e-01 3.810819569435231480e-01 3.852052013698328281e-01 3.804513479794583430e-01 3.796898357689514336e-01 3.777871024199784267e-01 3.765029618388783805e-01 3.865745558217657529e-01 3.785746921827369271e-01 3.774453225809494827e-01 3.816478101840442561e-01 3.853301969798039184e-01 3.782674454701013822e-01 3.779503802980206939e-01 3.748531103644249241e-01 3.771918767010737361e-01 3.847815539314082822e-01 3.921860105986878509e-01 3.804861579282429740e-01
3.216447558056342859e-02 8.492608581183182237e-02 3.357039761428954883e-01 1.000000000000000000e+00 3.776635835822972354e-01 3.374496955670951981e-01 6.035395105899578061e-01 5.570389533614571453e-01 5.522381844730297473e-01 4.951696825937376700e-01 5.662354167344164635e-01 6.431339093453356526e-01 5.628381415731813497e-01 5.383114739930409121e-01 6.312080449383062897e-01 6.183471447117362407e-01 5.567589669723281842e-01 5.055274005176098040e-01 5.630252412474310297e-01 4.596363809157012481e-01 5.713822885859191070e-01 5.911701956745482045e-01 4.955210686355491223e-01 4.901305078935278559e-01 5.590854849755414469e-01 5.957760201566015823e-01 5.899127892198651191e-01 5.845662721077892199e-01 5.587352381037236082e-01 5.474375209263541153e-01 5.927801620951805850e-01 5.845838852594994473e-01 5.207447861909878517e-01 5.692557733297608502e-01 5.406467759449268273e-01 5.738162613961039771e-01 5.727903190892625895e-01 5.968295794296049062e-01 5.987415563996791867e-01 5.960394116003366882e-01 6.162659100343415020e-01 6.180433018269793077e-01 6.269281145929005428e-01 6.229793871538464867e-01 6.146019638325214141e-01 6.139984866451762002e-01 6.047041916241724380e-01 6.034944124614405325e-01 6.046529883744810041e-01 6.042819343575113189e-01 6.148440681453609669e-01 6.277352006422989295e-01 6.115105688324836697e-01 6.031822037667184944e-01 5.962919790666816322e-01 6.049548968413922534e-01 6.031294834177460817e-01 6.069917073882336034e-01 6.026399672208505587e-01 6.113025544921498744e-01 6.136260820128572879e-01 6.053049153047617148e-01 6.125145775726577035e-01 6.055552391440848226e-01 6.090740939440116852e-01 6.103574977007398816e-01 6.038701835603108581e-01 6.110371765541160460e-01 5.975533170297054886e-01 6.018488747846212350e-01 6.287311742429922967e-01 6.130990300111570646e-01 5.948330827944928734e-01 6.067249567137198429e-01 6.144112671286897642e-01 6.111077731219919373e-01 6.135399890374679810e-01 6.032912683563153022e-01 6.075992303947430617e-01 5.948829096541269346e-01 5.987426118740455383e-01 6.173949623247018126e-01 6.069434068021436479e-01 5.886317248788360823e-01 6.092205020304197749e-01 6.085066669585023069e-01 6.100270835791821167e-01 6.147357883512036825e-01 6.081131433105133599e-01 6.140743699196800076e-01 6.194946512406205308e-01 6.172637353603007693e-01 6.158489464563512428e-01 6.165039684836024492e-01 6.039856556810382360e-01 6.069649139940458404e-01 6.184043767632105837e-01 6.169437454082562500e-01 6.103178437250856847e-01 6.156884020584759698e-01 6.172681504349304404e-01 6.133862540762772264e-01 6.185285245341769489e-01 6.162972033007282358e-01 6.226452355550911033e-01 6.047241668973272199e-01 6.071156202536994728e-01 6.055251532825173255e-01 6.103237249057494873e-01 6.070823729359707821e-01 6.101700460542426319e-01 6.090124823507365726e-01 6.084445831231306556e-01 6.101666113053054730e-01 6.113815116247470760e-01 6.116736198993484308e-01
2.306620361699416796e-02 8.527446466922289359e-02 1.956808118439835598e-01 3.776635835822972354e-01 1.000000000000000000e+00 2.673061652361449769e-01 4.885512405529685021e-01 4.599281613469347052e-01 4.812648078799651175e-01 4.084041038121318246e-01 4.750993179070286954e-01 5.217114684116626044e-01 4.940652268986960305e-01 4.562245165191960994e-01 5.150585147238198047e-01 5.134351749156691458e-01 4.463824350157611920e-01 3.962400143241443518e-01 4.460995089107562261e-01 3.749960913974156318e-01 4.303509636928043447e-01 4.541673493226521252e-01 4.016236843414081048e-01 3.777409873589904210e-01 4.472357363340254688e-01 4.876287006507302180e-01 4.691611635223350563e-01 4.746953756253789458e-01 4.289643580868380823e-01 4.519603743163235765e-01 4.850310099903977212e-01 4.854770627951486284e-01 4.381672005981018803e-01 4.628361721386147765e-01 4.559540517422135397e-01 4.757437237733206370e-01 4.820273945496091339e-01 4.959463033712288027e-01 5.034822622772109346e-01 5.065861249313109438e-01 5.238977659122300290e-01 5.195604020324818828e-01 5.305716154483740565e-01 5.232045001811842511e-01 5.082146742716600052e-01 5.073251141312460355e-01 5.216579053258527665e-01 5.182329234981486454e-01 5.184165216751930316e-01 5.053660695255033364e-01 5.182779131099563008e-01 5.235217620750843848e-01 5.252854926922621015e-01 5.132628437891044726e-01 5.031377431025012559e-01 4.966273304308533865e-01 5.114200998525757491e-01 5.183712485342781839e-01 5.141758252568408016e-01 5.249008677779999354e-01 5.236657700400282334e-01 5.171946805523415236e-01 5.147060399598729630e-01 5.170022000853942146e-01 5.133120979552554530e-01 5.210726632655315882e-01 5.164649010810470342e-01 5.113483894133215024e-01 5.057576514939050583e-01 5.036382562545500541e-01 5.154398155015232907e-01 5.140382852636522504e-01 4.854357384957367905e-01 5.007676496125992305e-01 5.183798719957984913e-01 5.100884009864206092e-01 5.096576725676407182e-01 4.997750256449729478e-01 5.056463028055258047e-01 5.001545550008730245e-01 5.028636950581032439e-01 5.088746879836051340e-01 5.038842252673280120e-01 4.972671923188547449e-01 5.123341110652940289e-01 5.074203553953408052e-01 5.153341319464436188e-01 5.177519807095214421e-01 5.171595065951892778e-01 5.167257681812623682e-01 5.204958201467821954e-01 5.242626251246857993e-01 5.225775998963021474e-01 5.232532065601592786e-01 5.193123663933902900e-01 5.206551027852963642e-01 5.196045256927175338e-01 5.139745832797029124e-01 5.219081332139995366e-01 5.208523248251250015e-01 5.273472391298760220e-01 5.195055792584089005e-01 5.253666112910090336e-01 5.259111666939670915e-01 5.232838058033163486e-01 5.134614744261599695e-01 5.169557059037906965e-01 5.164807043139203468e-01 5.207759382425318773e-01 5.212504867570871836e-01 5.204332262285449318e-01 5.249361028077242919e-01 5.200121460783294625e-01 5.193107687663669481e-01 5.124710706029381724e-01 5.188746526873448950e-01
-2.330278334723781541e-03 1.014946898506389056e-01 2.430306773647858132e-01 3.374496955670951981e-01 2.673061652361449769e-01 1.000000000000000000e+00 4.661279110437514528e-01 4.175462487697510494e-01 4.425039609139448937e-01 4.010337744890728473e-01 4.653481084817240321e-01 4.902139359907101701e-01 4.675860570370269365e-01 4.491958556471631336e-01 5.020651767884712902e-01 4.969541572667363627e-01 4.330533626565337135e-01 4.187606263427730569e-01 4.574575596540558786e-01 3.884601778080864487e-01 4.298795583967094380e-01 4.352545527530516933e-01 4.258832615782263131e-01 4.030496577140194048e-01 4.452482304282650571e-01 4.748135862793431694e-01 4.684486749601503019e-01 4.548439901780791939e-01 4.367953943273173989e-01 4.549814326595425507e-01 4.810219630844412841e-01 4.933456812509618983e-01 4.429656434966398604e-01 4.778355049955587686e-01 4.601372343167067780e-01 4.696086137223182133e-01 4.724368551039003217e-01 4.921969725322450362e-01 4.984482851038600226e-01 4.832685772595932128e-01 5.042747189323760759e-01 5.014931667046336194e-01 4.958695885768948930e-01 5.081507412245604982e-01 5.006701103634627614e-01 4.957152279427026187e-01 5.103955168423742750e-01 5.107751850836931284e-01 5.096341093914197318e-01 5.083042081579447480e-01 5.080473111533803099e-01 4.918820876168820133e-01 5.043845751212009398e-01 5.079571811253197344e-01 4.977612832202668591e-01 5.034701580889342498e-01 5.091524688822782752e-01 5.105478573677432186e-01 5.104565323718343040e-01 5.093996296359550868e-01 5.117727840563240926e-01 5.107494913638641609e-01 5.106218224034378972e-01 5.137013099474811995e-01 5.109281484357803826e-01 5.129387292231266660e-01 5.112716458529948937e-01 5.145995191511952838e-01 5.095164048838635162e-01 5.083164083746796180e-01 5.141816886052087421e-01 5.110610188004236498e-01 4.995132269323405705e-01 5.051204675806488797e-01 5.102479132350239421e-01 5.067371444619296339e-01 5.019694560796212901e-01 5.023204374118890314e-01 5.080609365934042332e-01 5.019151294698525057e-01 5.044628221986335870e-01 5.104297022901284064e-01 5.124832876892485567e-01 5.025975472713337666e-01 5.082447139564999494e-01 5.096322729109771243e-01 5.139523839424255947e-01 5.175415598541253104e-01 5.163950868428270891e-01 5.118460861290120567e-01 5.121951864380533959e-01 5.156655038801203350e-01 5.168551886387020566e-01 5.136674895252959505e-01 5.176024821607726478e-01 5.148254627452785170e-01 5.184042414405715116e-01 5.168191022919905731e-01 5.172644038580045400e-01 5.166959785294380492e-01 5.173477037961787817e-01 5.194616547297444820e-01 5.163346011184755113e-01 5.171587843784883898e-01 5.165127526083448384e-01 5.143602730301182202e-01 5.154927257969689203e-01 5.141981711062897364e-01 5.140888337457623081e-01 5.129981222459281121e-01 5.149836273776188245e-01 5.154050040951091427e-01 5.153354390906862426e-01 5.180217303135223883e-01 5.156637912130825896e-01 5.206541812294652738e-01
6.068561398821602920e-02 1.522054887225545439e-01 3.700321736425207786e-01 6.035395105899578061e-01 4.885512405529685021e-01 4.661279110437514528e-01 1.000000000000000000e+00 7.302874773432999067e-01 7.407195831500736904e-01 6.651049049610286978e-01 7.666428060972710901e-01 8.126732832763937653e-01 7.534943905328561620e-01 7.149287294134257786e-01 8.464514335791750721e-01 8.227258490911326660e-01 7.379526003578349425e-01 7.027815384051138148e-01 7.523120841067291176e-01 6.370478798359113792e-01 7.089982915235130134e-01 7.566937450252476660e-01 7.072318508826314076e-01 6.911042512624558931e-01 7.473077733358938213e-01 8.062659241706180424e-01 7.902479519790551743e-01 7.949233470514625033e-01 7.493755283782967958e-01 7.618326600101061885e-01 8.014359318421317990e-01 8.055198643818120008e-01 7.407709974564826716e-01 7.872284530461051144e-01 7.581618704181772861e-01 7.825703097752332305e-01 7.806150155128471768e-01 8.177301879929125272e-01 8.216927565261999966e-01 7.950252138701906501e-01 8.189905000475221630e-01 8.285338423284090981e-01 8.204166452660623943e-01 8.280473250446866995e-01 8.195341527586802455e-01 8.215854372564116437e-01 8.178039864009539750e-01 8.199463001042320842e-01 8.141230707354358831e-01 8.155749931908898853e-01 8.253127137599329810e-01 7.984621470124964038e-01 8.124167025095624384e-01 8.105538386828964326e-01 8.016626161505191472e-01 8.216591515039302074e-01 8.074006501913149059e-01 8.163462677728372530e-01 8.176132203946209209e-01 8.169348080955023406e-01 8.193074187612457981e-01 8.152064741914369916e-01 8.198009037204149196e-01 8.163617083738959890e-01 8.161730195167113955e-01 8.185893122839091873e-01 8.209263906366308650e-01 8.256808898825261922e-01 8.195669572340765763e-01 8.143063576998506026e-01 8.275735567745725607e-01 8.268447846200303042e-01 8.138840165556999739e-01 8.216646984588690250e-01 8.293325227393713028e-01 8.283116173262120574e-01 8.254456548952077144e-01 8.134501535123566107e-01 8.207322394671652255e-01 8.129192571830334835e-01 8.195351506107027006e-01 8.226234293812327847e-01 8.229792637531794242e-01 8.129670034285312319e-01 8.270884051434761464e-01 8.284948029262864111e-01 8.270181173699298061e-01 8.296959673135388957e-01 8.305214915039332846e-01 8.272709531865979349e-01 8.328670692910726814e-01 8.301976216832054334e-01 8.278502721035349010e-01 8.267162385890088894e-01 8.169610239136170238e-01 8.208709822865585259e-01 8.214347442902352192e-01 8.206992474930890902e-01 8.207011006725219993e-01 8.275899156881995067e-01 8.242211998162124464e-01 8.222853074695153364e-01 8.237941331020844915e-01 8.228020003418432538e-01 8.254684897913533437e-01 8.120303229733527584e-01 8.187062873307925370e-01 8.201929690954943286e-01 8.239719936204252804e-01 8.203105447836039898e-01 8.195941018832670899e-01 8.183685318487192717e-01 8.172249469696146740e-01 8.236874923911895463e-01 8.237201579005305474e-01 8.192169973930757410e-01
8.084972151175838506e-02 1.350454422344929128e-01 3.415570814206720374e-01 5.570389533614571453e-01 4.599281613469347052e-01 4.175462487697510494e-01 7.302874773432999067e-01 1.000000000000000000e+00 7.181282996123102835e-01 6.609818922354334658e-01 7.469076100084253156e-01 7.708190405586248239e-01 7.185403602205461260e-01 6.892635054336763156e-01 7.920884044550665637e-01 7.980835943819363232e-01 7.278414216774291567e-01 6.986129442769117848e-01 7.375569881615794410e-01 6.334556979878692706e-01 7.109526094206102265e-01 7.430840922091737077e-01 6.965807758185889043e-01 6.876029847128857231e-01 7.258858643427317237e-01 7.841220991227257908e-01 7.628368751537074610e-01 7.720619837547300079e-01 7.305830782877786866e-01 7.410232583346378910e-01 7.794766857224302292e-01 7.904600824219157884e-01 7.356467258331149672e-01 7.794365209894017488e-01 7.501728383230533703e-01 7.708143985979870605e-01 7.689367101345560007e-01 7.970618598396254084e-01 7.944027400139419548e-01 7.854206351661164875e-01 7.980647126159469140e-01 7.986106259061457324e-01 8.097327749169902500e-01 7.999063343172811980e-01 7.978363512234226684e-01 7.899961564803144043e-01 7.870921203627980756e-01 7.898732489992333905e-01 7.854316910494070214e-01 8.023031790342218805e-01 8.084298673504006771e-01 7.801838116832670034e-01 7.869415101791147338e-01 7.841119563722563912e-01 7.808926375679289267e-01 7.954291794384601433e-01 7.881935042662993052e-01 7.892869771246796562e-01 7.942455590973693802e-01 7.885414342202298199e-01 7.945244046941927207e-01 7.892599507501115719e-01 7.944168061705388917e-01 7.898955256112945023e-01 7.930101013369389440e-01 7.918216860581902550e-01 7.893050505651731941e-01 7.992950534164355858e-01 7.949981678913854433e-01 7.939878151747949975e-01 8.011692538683751197e-01 7.973252163971874529e-01 7.916775637347658323e-01 7.938649747996513462e-01 7.976626291364369292e-01 7.938120078644542721e-01 7.962756094930506512e-01 7.832236560595855490e-01 7.922781754743347671e-01 7.828377009817559795e-01 7.897840307962357143e-01 7.913241573061843281e-01 8.006058966640327013e-01 7.900340591706086490e-01 8.025308735562313167e-01 8.024358761649548200e-01 7.977498021507933856e-01 8.006719279637036779e-01 7.976253781255199238e-01 7.996790714845805059e-01 8.040263089043957478e-01 7.987411962602402049e-01 7.968894310346211762e-01 7.970960053027231762e-01 7.849625043328911644e-01 7.885057848960784765e-01 7.981017893439228406e-01 7.971818809486240776e-01 7.935628053320343822e-01 8.008083438747065630e-01 7.988018460360002404e-01 7.958127597772572948e-01 7.921169415744825359e-01 7.940679960135971216e-01 7.998209398805214976e-01 7.875066229298647302e-01 7.871097610948213363e-01 7.905357246725055465e-01 7.963663541992730410e-01 7.915252280701582377e-01 7.918961863490151520e-01 7.898384441277530588e-01 7.902683254970800375e-01 7.936960125840554214e-01 7.930101573642114321e-01 7.896870755959927157e-01
1.076450902711042074e-01 1.785253422469580686e-01 3.605571725419126072e-01 5.522381844730297473e-01 4.812648078799651175e-01 4.425039609139448937e-01 7.407195831500736904e-01 7.181282996123102835e-01 1.000000000000000000e+00 7.345999327164417503e-01 8.094966510587898734e-01 8.238909912748723086e-01 7.765997609214061459e-01 7.555291572412008438e-01 8.488261739923317339e-01 8.271526709303574920e-01 7.902053996283366910e-01 7.659816893635178481e-01 8.055719683327176028e-01 6.955531365912237529e-01 7.429513277321352360e-01 7.902169511196643903e-01 7.694309047508404165e-01 7.457041622413113080e-01 7.825515196295563802e-01 8.532659221338190214e-01 8.380697922873615591e-01 8.451286811993077297e-01 8.047481158853987404e-01 8.424322522291178839e-01 8.695717702891524459e-01 8.588137122052068584e-01 7.914833778959922128e-01 8.473639416582405826e-01 8.408647737725704063e-01 8.422502607036259636e-01 8.595812207529082150e-01 8.573993399697328321e-01 8.698761442084266271e-01 8.276362398373332541e-01 8.731186873368388390e-01 8.723183404111400918e-01 8.617119358117112382e-01 8.737039287888593853e-01 8.682469895347595390e-01 8.710600794394153246e-01 8.702498339710155184e-01 8.763826440220414682e-01 8.683466736454685808e-01 8.584251240739987354e-01 8.751681719655720615e-01 8.357063217771729668e-01 8.562400844256369270e-01 8.702570978332946350e-01 8.629087830397551562e-01 8.752267994418501118e-01 8.698192524072896337e-01 8.653361375202440753e-01 8.702447634178825941e-01 8.698415570479612891e-01 8.742057672597520757e-01 8.678776818427744733e-01 8.698999330843611988e-01 8.765355827557841373e-01 8.743108045974817832e-01 8.729318340781749841e-01 8.744277668976269124e-01 8.802013056537066893e-01 8.809341701621856702e-01 8.757243271310534150e-01 8.698698814120533473e-01 8.796110106187051692e-01 8.700203209014829575e-01 8.745444703084995774e-01 8.819451790099772648e-01 8.802228374597425020e-01 8.791922093348949474e-01 8.704891530377112385e-01 8.763254380435981927e-01 8.766448198334216846e-01 8.800874453730994640e-01 8.792999112964154929e-01 8.808650681818267492e-01 8.767059942496280289e-01 8.743607070231228517e-01 8.812964559422331590e-01 8.806816625890018235e-01 8.753753828747081744e-01 8.792592160731066420e-01 8.816785541946854377e-01 8.750619701990806076e-01 8.769380172076940427e-01 8.760335269686946313e-01 8.771629792613960808e-01 8.702711361486655806e-01 8.731825868655069822e-01 8.588783428051049995e-01 8.709473475620785887e-01 8.703048668002397736e-01 8.727773489088251901e-01 8.713034781531455719e-01 8.695732614665280247e-01 8.669825566203513967e-01 8.708606053644568634e-01 8.738246304255155028e-01 8.697065609412346632e-01 8.713626046551607995e-01 8.766853361919829668e-01 8.763706836149239843e-01 8.734739352531328827e-01 8.718814605178748511e-01 8.714938277305701586e-01 8.696151935518330323e-01 8.747879639073911084e-01 8.778944855697469185e-01 8.719796080850746867e-01
5.378339124984442970e-02 1.674028205108466782e-01 3.063718804770322324e-01 4.951696825937376700e-01 4.084041038121318246e-01 4.010337744890728473e-01 6.651049049610286978e-01 6.609818922354334658e-01 7.345999327164417503e-01 1.000000000000000000e+00 7.387592041199112503e-01 7.593303185151145662e-01 7.072125729421773199e-01 7.002950792928123169e-01 7.805232390097708306e-01 7.644047889044979227e-01 7.031362816723758513e-01 6.607063177978615975e-01 7.105863889399520739e-01 5.952621579472638924e-01 6.400135964897222252e-01 6.982058044389519713e-01 6.716051001944304266e-01 6.325669786090486468e-01 6.886216015369918120e-01 7.660879090218757348e-01 7.575885846050963712e-01 7.621253183652544338e-01 7.302416697227513964e-01 7.640290261345652478e-01 7.913603322224267433e-01 7.764710056321563192e-01 7.116179862191870376e-01 7.506957626730517141e-01 7.506832447070287406e-01 7.598815251410135918e-01 7.786489142010748488e-01 7.779375802840744480e-01 7.936082682134553146e-01 7.566403935426194716e-01 8.034251603686303200e-01 7.995835953020307141e-01 7.915174106116262820e-01 8.054308545762879357e-01 7.962707778732488473e-01 7.995740870067467032e-01 8.093176221243552071e-01 8.146482936510927031e-01 8.097313845084548323e-01 7.778719043764189545e-01 8.015191288004233083e-01 7.537177725022824459e-01 7.921536136636603276e-01 8.081962339754189539e-01 7.930883045316212687e-01 7.888273576693423106e-01 7.961992118946019659e-01 8.068863430495168965e-01 8.092242360753717501e-01 8.084630398955017228e-01 8.115244364604567995e-01 8.077436332703563648e-01 8.029847577134032743e-01 8.081607527714214090e-01 8.063481093299154079e-01 8.044102915862563208e-01 8.105296499144084565e-01 8.060378582097694755e-01 8.087729170183358685e-01 7.967774462747881925e-01 7.935284998685675495e-01 8.055462423076994449e-01 7.848418313529986756e-01 7.961509919273281888e-01 8.133894319749747082e-01 8.105671507547750343e-01 8.085096843595640514e-01 8.081088155147541086e-01 8.081976043947742827e-01 8.090689212491765092e-01 8.082460452235822324e-01 8.132445132125312171e-01 8.041260463508377310e-01 8.029435614070586924e-01 8.022231007621064558e-01 8.041208387196197016e-01 8.103208422247709652e-01 8.094032179010984818e-01 8.117289002817401622e-01 8.095744793908453696e-01 8.048510409378686337e-01 8.141757276232258755e-01 8.097681723809438958e-01 8.145482274045727777e-01 8.127421204727226511e-01 8.136142611719878737e-01 7.970475778937196054e-01 8.018821567955938256e-01 8.094133532595650937e-01 8.093346556276960202e-01 8.102171864682584657e-01 8.083158547474773581e-01 8.053979223184319913e-01 8.118224925197089492e-01 8.053434860706834009e-01 8.078220980034946930e-01 8.126107319622561942e-01 8.152231781733618732e-01 8.113218099398901151e-01 8.142567097765083250e-01 8.122017682499800273e-01 8.121552083780677611e-01 8.109250846583708761e-01 8.116793097522454481e-01 8.101543818389577156e-01 8.097817810946914552e-01
6.231764153711840531e-02 1.652221546175668687e-01 3.741772557314768100e-01 5.662354167344164635e-01 4.750993179070286954e-01 4.653481084817240321e-01 7.666428060972710901e-01 7.469076100084253156e-01 8.094966510587898734e-01 7.387592041199112503e-01 1.000000000000000000e+00 8.595747326213213357e-01 7.864905547351754844e-01 7.746160654867781936e-01 8.701307491742952260e-01 8.548295816371050959e-01 7.996576409454866363e-01 7.663957545132576987e-01 8.236900297276533722e-01 6.970121645734154159e-01 7.629570146375668216e-01 8.212039366841739074e-01 7.798957196824350957e-01 7.535113320131681114e-01 8.038342623165192213e-01 8.621034795192022981e-01 8.532713138790550822e-01 8.557349923073921394e-01 8.220447791162803775e-01 8.492348030342995457e-01 8.905899888131998399e-01 8.781489512414801801e-01 8.123223947076261275e-01 8.642485253106503285e-01 8.511289155041582566e-01 8.661580425518022874e-01 8.808038092297173494e-01 8.727506174271263406e-01 8.903207365399403717e-01 8.535217250504788522e-01 8.868485341157994473e-01 8.873192392136813877e-01 8.829420678939075007e-01 8.921007323905080222e-01 8.887354933581338434e-01 8.875055935132373230e-01 8.880593532163650883e-01 8.904998138181217104e-01 8.865385221835588858e-01 8.790245704372418034e-01 8.918852529068318491e-01 8.535884289955224524e-01 8.754727891185059008e-01 8.820137804970423767e-01 8.732665517216099405e-01 8.863107005250177028e-01 8.846977239734512555e-01 8.850314115240948132e-01 8.876815968301577930e-01 8.842486658767386709e-01 8.896062305637760792e-01 8.852907441639502606e-01 8.870254634873407928e-01 8.945081692178427080e-01 8.921254509743198335e-01 8.897831602463456280e-01 8.956929845867958040e-01 8.984450264529684205e-01 8.984994836721290623e-01 8.913490499180944937e-01 8.933669934849916006e-01 8.992288045376658490e-01 8.874263710900363034e-01 8.912766146586489358e-01 8.987899069056457524e-01 8.987337508204145120e-01 8.964996411351157102e-01 8.929149391345685416e-01 8.950398851841695480e-01 8.913793556750797542e-01 8.979463017772102429e-01 8.974474124034242939e-01 8.988340888958282759e-01 8.941201883694982477e-01 8.983961889338172302e-01 9.002444666722767552e-01 9.002944118928293271e-01 8.954388279679867946e-01 8.979737506557710081e-01 8.955712213988449300e-01 8.970251672145390653e-01 8.974677451413992646e-01 8.953151464666060377e-01 8.952091627101166349e-01 8.887483941667605469e-01 8.913865264930455057e-01 8.880091205983231539e-01 8.938642981576053748e-01 8.910742463704074412e-01 8.949356009411115753e-01 8.936191278417697781e-01 8.916531095571812449e-01 8.840378717149677268e-01 8.913665131968729893e-01 8.952195032563987631e-01 8.881434607811427018e-01 8.907563751957805476e-01 8.940933559819457255e-01 8.935450919628651345e-01 8.931661966367733241e-01 8.900639623003928635e-01 8.900936665686117744e-01 8.896514288455362740e-01 8.943443687857282054e-01 8.950066154501673532e-01 8.891632790953729604e-01
2.260432300806150107e-03 1.520379807575636955e-01 3.860186373590188125e-01 6.431339093453356526e-01 5.217114684116626044e-01 4.902139359907101701e-01 8.126732832763937653e-01 7.708190405586248239e-01 8.238909912748723086e-01 7.593303185151145662e-01 8.595747326213213357e-01 1.000000000000000000e+00 8.389297602456869951e-01 8.119044999339886104e-01 9.245545417209494188e-01 9.008740402646695511e-01 7.984495914354710067e-01 7.431746789225232019e-01 8.195727577085265558e-01 6.889517878930248029e-01 7.794963936258318959e-01 8.353761104992193376e-01 7.549314890920914012e-01 7.190859355261557395e-01 8.070955637032942720e-01 8.755579569755671532e-01 8.706476206591697853e-01 8.647652840774069372e-01 8.175954342818558818e-01 8.502171638373468010e-01 9.014057486746063219e-01 8.853063667303413542e-01 8.050692020320027176e-01 8.506909340999456726e-01 8.436488563692426945e-01 8.635539437775172633e-01 8.742268513607056590e-01 8.982873874158420202e-01 9.085431109635632163e-01 8.741510614144093472e-01 9.215066836616965240e-01 9.229805848997664208e-01 9.193659597634976643e-01 9.320512285102110495e-01 9.179606519831335909e-01 9.218898356162440466e-01 9.333063055843657807e-01 9.320448646336821907e-01 9.314016739884606322e-01 9.108905878015284285e-01 9.262807011704579097e-01 9.012901261990485802e-01 9.237522295729597710e-01 9.286561105732268340e-01 9.171987638049835523e-01 9.086709684408945664e-01 9.239787223366295876e-01 9.309556369158266120e-01 9.289118134230124335e-01 9.357940359027291377e-01 9.344804141697379274e-01 9.336738962721216062e-01 9.313847745724311844e-01 9.296056959099217032e-01 9.268682468362463567e-01 9.345305004167292484e-01 9.315717749389142988e-01 9.282987813014567102e-01 9.235655185343166762e-01 9.173796016688090527e-01 9.336912437614959259e-01 9.334850485497196981e-01 8.984638263873591102e-01 9.188344057847794843e-01 9.365595670886520674e-01 9.301199072310319949e-01 9.266688481691398582e-01 9.177651626765592763e-01 9.272223454702280820e-01 9.209968211986936382e-01 9.214064308054813468e-01 9.321610258196761922e-01 9.187038794382123008e-01 9.134936679954623884e-01 9.243375865373925082e-01 9.247164262148774849e-01 9.302145975748417062e-01 9.341393709159580006e-01 9.329855499098138605e-01 9.286105863458329335e-01 9.305785222084134167e-01 9.386037888026299569e-01 9.369126218740390089e-01 9.382473569099979427e-01 9.356768007301168311e-01 9.371582522563373097e-01 9.320239228961616496e-01 9.320542546234388270e-01 9.356916563601139769e-01 9.359752355642466659e-01 9.374181398402194887e-01 9.378154084786012312e-01 9.379482586160714508e-01 9.385431724614777815e-01 9.377542600133931261e-01 9.325387332340256963e-01 9.361687796127031724e-01 9.333471215626664153e-01 9.358110239908142836e-01 9.364022075390402433e-01 9.344303752379858885e-01 9.378834837679876912e-01 9.367409185976687258e-01 9.358495888377814653e-01 9.340834263279212957e-01 9.385949446674231034e-01
1.134351835938600742e-02 1.459875645086021745e-01 3.222189763047295097e-01 5.628381415731813497e-01 4.940652268986960305e-01 4.675860570370269365e-01 7.534943905328561620e-01 7.185403602205461260e-01 7.765997609214061459e-01 7.072125729421773199e-01 7.864905547351754844e-01 8.389297602456869951e-01 1.000000000000000000e+00 7.547529419170988518e-01 8.588560278500467771e-01 8.483222349565215925e-01 7.444686282736406868e-01 6.878943071861269853e-01 7.658116940456753952e-01 6.387733282168193139e-01 7.187663407008395566e-01 7.637575551319603084e-01 6.956265687581898449e-01 6.607842247462991647e-01 7.441230969760039837e-01 8.108030129670861230e-01 8.016671597596843890e-01 7.986934704638273264e-01 7.434580642308199483e-01 7.775587540417920884e-01 8.281572078199621600e-01 8.225571059090112103e-01 7.371198248581052326e-01 7.900626911647743444e-01 7.801662930374059224e-01 7.970126563104411588e-01 8.071234495230397155e-01 8.358703619067058277e-01 8.437880081709883129e-01 8.199353588418495375e-01 8.615355768689705318e-01 8.654836119210913559e-01 8.617454300288924784e-01 8.713512137417349646e-01 8.495152296539858483e-01 8.573079624931874143e-01 8.710800321450676842e-01 8.727236855429003626e-01 8.683714391966098622e-01 8.510104135860854235e-01 8.648860549426311550e-01 8.433882916734020130e-01 8.667755727886896633e-01 8.669985608165641233e-01 8.549138313044969406e-01 8.441551194919298950e-01 8.617192203498721392e-01 8.691743999953478461e-01 8.676824607449782345e-01 8.763245267302033348e-01 8.724092495233802813e-01 8.726880105055390136e-01 8.671098237659913277e-01 8.655697582822701186e-01 8.609584460411389140e-01 8.714332734835502636e-01 8.692698296274385950e-01 8.650997463131947507e-01 8.617155715901799740e-01 8.532784531203851941e-01 8.697000984297046378e-01 8.668806847585683872e-01 8.355463705355218318e-01 8.556016696890751394e-01 8.716258527074646212e-01 8.642723993891879841e-01 8.606508926972546991e-01 8.494210395742916031e-01 8.624245999332769141e-01 8.536178388291708607e-01 8.561409133089533663e-01 8.674316445244552032e-01 8.547162153948828500e-01 8.468126645130489294e-01 8.618788967369094278e-01 8.607019094639765111e-01 8.659862282998832539e-01 8.726576014042363161e-01 8.710231308735409961e-01 8.669597560936962433e-01 8.684683326959037331e-01 8.761116990427334494e-01 8.761399861455408944e-01 8.763400247593694514e-01 8.753886131698137563e-01 8.761344567842741515e-01 8.679455702412169904e-01 8.664235190916694807e-01 8.729565515840884693e-01 8.728099229679615600e-01 8.779216874207846910e-01 8.742457465734022604e-01 8.753369715079815094e-01 8.791882340031791365e-01 8.755244256252685542e-01 8.703242170199837480e-01 8.752914471515582662e-01 8.733204432548530294e-01 8.751958754649333816e-01 8.758097677484476540e-01 8.734536096271048322e-01 8.775166041004259787e-01 8.748272246115327277e-01 8.738091334079330919e-01 8.696004647036067459e-01 8.743404988102312370e-01
