1.000000000000000000e+00 1.056314431810927851e-01 1.566236460206685555e-01 -1.782075415904774097e-03 -5.724613195344073480e-02 -1.211394903828783010e-02 -2.369008642198789164e-02 -4.069931557582073117e-02 1.274083193667649716e-01 9.611088903045199305e-02 2.436758271293155975e-02 -5.938926294082647744e-03 4.286032450115559791e-03 1.551111798341406854e-02 1.231900548249108274e-02 1.609849627149442797e-02 1.644627421329509509e-01 2.084555276796136725e-01 1.708099033989932680e-01 -4.784643229192212660e-02 1.648391724608661013e-01 1.655446887305374315e-01 1.650057666024351000e-01 1.321261410272032977e-01 1.560295508094583228e-01 1.441993766758688233e-01 1.498421464232524702e-01 1.544831571792747438e-01 1.925099683257490979e-01 1.633343189786088112e-01 1.591446363514485984e-01 1.136819271673175230e-01 1.365944695805275944e-01 9.910732925370654978e-02 1.204781296928362361e-01 8.037382646038540579e-02 9.786101499630910083e-02 1.038363062409589227e-01 9.814706125497886513e-02 8.637023653030473369e-02 5.574935890812924427e-02 6.068392225206722251e-02 3.163399672884735503e-02 6.762613505613754294e-02 6.836400408901359416e-02 8.706787012608961651e-02 1.038909196655805542e-02 4.751064561493087424e-02 3.009937657140702993e-02 5.248920838785824799e-02 6.148738180979978346e-02 2.360758664228930492e-02 -1.274134427280775202e-02 7.584579547914793718e-02 8.710158557677437352e-02 1.052678386153561158e-01 8.648370607303659807e-02 2.255444237833378190e-02 3.580640386663154484e-02 1.721819644259361265e-02 5.395888396699619928e-03 3.952246598862249605e-02 4.125731331543536912e-02 4.280527217067912893e-02 6.578486481050840884e-02 5.647391789026137005e-02 4.856920375361496733e-02 6.769757122533859306e-02 8.035077455834424565e-02 1.382621856407912492e-02 5.648539910210111786e-02 8.430952636568037062e-02 7.044654417256421275e-02 7.435639506286102762e-02 6.864965115251436822e-02 6.360142899828610807e-02 7.467073582765862416e-02 9.851830472559321150e-02 6.321306902121121007e-02 8.020839584185018856e-02 5.697272642221380690e-02 6.808564767672695139e-02 8.216885611862659311e-02 7.967709798751751449e-02 3.592309813818848202e-02 4.032468896084221571e-02 3.774208488151689633e-02 5.610740518487038891e-02 4.808376313246077310e-02 6.986748925437848146e-02 5.516110994205013218e-02 3.150865656138236715e-02 4.038106721418805584e-02 4.747879688434433060e-02 4.861713645106079812e-03 2.437825169635107411e-02 6.796700416027094856e-03 1.623288952411575115e-02 -8.264276788488530631e-03 1.214420394620658629e-02 3.209665837415983779e-03 1.962249876179150004e-02 -1.125931499901936667e-02 8.431833311258015579e-03 9.774171399031585453e-03 3.314982809319361873e-02 2.541939693998927080e-02 4.605641789351934412e-02 5.524318890757363293e-02 2.351820053120931911e-02 2.399906917490131353e-02 1.215689251636898997e-02 1.765111459729652027e-02 1.736860371748556731e-02 4.661978534613488850e-02 2.159994742780742966e-02
1.056314431810927851e-01 1.000000000000000000e+00 1.141641758528750689e-01 -1.844671470022517940e-02 4.279803474831468668e-02 6.290043355475484488e-02 6.606550592756260665e-02 5.226454434957176348e-02 1.626297177016778617e-01 1.940106720452560718e-01 1.142402899488944162e-01 8.372699598824002998e-02 1.250409549474230941e-01 9.568466636705796891e-02 1.365694154184415310e-01 1.051384516221449822e-01 1.846520245178816244e-01 1.524433020642622649e-01 1.687187322782133791e-01 -7.516334005017435982e-02 5.855714125454695301e-02 1.145295969165714550e-01 1.489093754940921666e-01 1.007958952717090823e-01 1.218892332540948142e-01 1.597517425639282951e-01 1.451165353598704855e-01 1.779481895773118716e-01 1.891946693726461737e-01 1.845695863164341088e-01 1.563084200056030493e-01 1.443804841731256283e-01 1.590022300370537156e-01 1.117442521354216345e-01 1.504223052388168336e-01 9.318132515755012113e-02 1.044294165195514129e-01 1.642806167488134739e-01 1.495287241839268477e-01 1.519379063517985740e-01 1.477099614011500028e-01 1.401486804213383786e-01 1.012473460568341505e-01 1.340023166743744554e-01 1.251603973348853482e-01 1.641079146617133444e-01 1.451406297140647728e-01 1.598780766876243542e-01 1.355603543176168158e-01 1.029129032855497505e-01 1.219370485800342352e-01 5.302266547470114999e-02 8.547949790792139235e-02 1.623679942777009333e-01 1.579052639581811912e-01 1.688057884403175446e-01 1.316413300168202960e-01 1.339768040097699675e-01 1.406819420773633700e-01 1.440004582471030026e-01 1.246153452909887771e-01 1.462844772908282465e-01 1.135791069998741409e-01 1.240218722018447406e-01 1.425189124441149091e-01 1.306893333787355893e-01 1.547315276121270788e-01 1.594278153436148870e-01 1.532811762650957144e-01 9.058212482669160404e-02 1.327229254612782572e-01 1.555257593968477903e-01 1.353898306670826279e-01 1.375578623267650069e-01 1.597718142876541070e-01 1.508179211537021835e-01 1.564333931637147956e-01 1.657369982670691133e-01 1.674371089952476632e-01 1.597809050642633177e-01 1.349911638623079724e-01 1.473029901935988539e-01 1.576285645801977497e-01 1.618548502185372384e-01 1.165608835954918127e-01 1.204161175648465198e-01 1.263434273687302212e-01 1.591703861118291818e-01 1.444810891079050530e-01 1.675861628810767223e-01 1.590872178376105672e-01 1.448359083346135723e-01 1.353409141352342193e-01 1.485975326793493867e-01 1.368511551965350959e-01 1.490272551772119092e-01 9.996557057452248873e-02 9.349157696152511632e-02 1.158668215127098416e-01 1.084411331072082790e-01 1.095583698195665839e-01 1.162102055702554787e-01 1.018810728962845219e-01 1.153000587544110445e-01 9.551961654799386026e-02 1.180128347712731396e-01 1.333368494924046521e-01 1.594524588635551909e-01 1.587836720187310036e-01 1.398514147141209640e-01 1.377834454191824154e-01 1.378186015990232882e-01 1.332466413777917413e-01 1.196468945832629138e-01 1.431175127425362570e-01 1.192379851573940608e-01
1.566236460206685555e-01 1.141641758528750689e-01 1.000000000000000000e+00 1.874582107356149441e-01 8.203644110466536132e-02 7.851883708553464292e-02 1.879622301272012852e-01 1.533072472482856496e-01 3.383877531615682721e-01 3.412325640039358121e-01 3.165488170397807721e-01 2.745753813267179377e-01 2.400562131059897075e-01 2.324680710585809718e-01 2.931513988479341748e-01 2.770522255150748570e-01 3.611251394161518191e-01 4.836905738858780501e-01 4.648479868016325289e-01 1.568368137431114528e-01 4.308096975609598811e-01 4.679279471999144291e-01 4.761066713892305180e-01 4.488052233189031015e-01 4.735626657566096021e-01 4.298978130837898259e-01 4.330228554081018699e-01 4.412430633296650084e-01 4.377189809422495914e-01 4.109413365043446675e-01 4.274830271215326882e-01 4.111190557945180735e-01 4.156975639961680846e-01 4.018438171876227982e-01 3.835266019137711369e-01 3.488204768733806915e-01 3.683573641880801830e-01 4.068920699524500306e-01 3.963088569356490454e-01 4.098255391588007668e-01 3.499385058547193061e-01 3.578158327111855552e-01 3.263239158600315659e-01 3.621937719038861858e-01 3.595502872020423513e-01 3.845165931241896762e-01 2.831859808952957303e-01 3.196434732949520185e-01 3.084356420254059650e-01 3.310819072798735774e-01 3.385145644602625126e-01 3.169594028075004011e-01 2.733699930450414484e-01 3.326109541062605701e-01 3.584772403632343063e-01 3.988906555919315422e-01 3.353179479264270513e-01 3.096456243870914782e-01 3.087833333039488037e-01 2.759045108072021302e-01 2.921213272996252552e-01 3.059622784943549778e-01 3.109604654548973612e-01 3.067161597760336700e-01 3.320015485820437262e-01 3.150896322224301938e-01 3.186221248412787754e-01 3.662634806679557209e-01 3.750217098283015194e-01 3.022618819562654102e-01 3.654378227935017875e-01 3.855604165645625248e-01 3.817556577709695365e-01 3.961686411821750409e-01 3.539887674166403153e-01 3.473128842257305893e-01 3.630940062044160643e-01 3.757882838775791767e-01 3.566319221016777674e-01 3.709845261840321040e-01 3.567898147415858867e-01 3.542379899156455347e-01 3.676474490089378100e-01 3.717110193310806388e-01 3.455374797482835825e-01 3.457051760955160979e-01 3.266893127398863839e-01 3.480442386686465328e-01 3.424458380999016449e-01 3.619566725989067368e-01 3.544451599730976121e-01 3.249907581946989144e-01 3.319336806553394026e-01 3.456629687115054250e-01 2.866491518052193821e-01 3.003070064176121545e-01 3.021755546498662293e-01 2.967916910304089217e-01 2.795054611059855088e-01 3.052069358665561727e-01 3.023378594328982039e-01 3.059496120911391337e-01 2.791345624094920819e-01 3.040124190422258121e-01 3.079543808481928213e-01 3.041583778283003525e-01 3.037508207461632193e-01 3.178979017316601041e-01 3.327003860774250810e-01 3.003061764159640767e-01 3.068093244859536051e-01 2.899545972665860116e-01 3.043017528506460345e-01 2.963818820353097960e-01 3.222430597241155992e-01 2.983915340700195595e-01
-1.782075415904774097e-03 -1.844671470022517940e-02 1.874582107356149441e-01 1.000000000000000000e+00 3.034939504798489507e-01 2.801816466793102811e-01 4.828936734966624011e-01 4.867150963313806034e-01 3.811503297501022680e-01 3.024105658499542382e-01 4.563212547704666999e-01 5.456417537318852817e-01 4.420729238197757538e-01 3.539218808025371144e-01 5.009854643949154251e-01 4.975854580313961995e-01 3.381115516396722698e-01 3.026686463500757873e-01 2.718460490226475290e-01 5.376586621436398872e-01 4.346215701030222700e-01 3.131597039524030568e-01 3.227289022785577166e-01 3.784573876714621976e-01 3.327105164052527320e-01 3.926094602178111237e-01 4.074352575940339283e-01 3.856235184757161316e-01 3.257758594562495391e-01 3.747151130122436391e-01 3.946082937257019418e-01 4.597475825805946159e-01 4.118491811222724786e-01 4.711114279324548626e-01 4.485902310839975926e-01 5.335089166670083927e-01 5.092839579017723883e-01 4.267628538722897380e-01 4.753422534364918906e-01 4.873175786611127491e-01 4.777496921711990585e-01 4.904878941798800351e-01 5.590470111238661222e-01 5.082340212458452688e-01 5.301908203105168971e-01 4.433792227841802380e-01 4.842477196471728362e-01 4.561823887126016941e-01 4.825144152313752821e-01 5.133596289574647864e-01 5.120802709144643972e-01 5.491015999362676148e-01 5.473443560004371822e-01 4.184377898938792528e-01 4.319197803628845866e-01 4.284887007414769355e-01 4.429193520967951714e-01 4.745978404449906485e-01 4.694318612348868935e-01 4.779577828560061525e-01 5.183362046345092455e-01 4.693660115407386479e-01 4.758929551281142478e-01 4.828413631934003747e-01 4.521634582717584117e-01 4.695951076113470402e-01 4.540936890103012269e-01 4.432526911553766324e-01 4.628375617938222386e-01 5.529585667279158789e-01 4.716427849901657088e-01 4.330331491402867883e-01 4.830556640894753118e-01 4.575920961723146663e-01 4.527371088500308227e-01 4.633831563429146594e-01 4.530815915176382713e-01 4.425846197186821818e-01 4.504115902782184211e-01 4.320341346456590959e-01 4.702987464776391402e-01 4.602372621603905700e-01 4.561651091800836832e-01 4.496827010018609183e-01 5.039786080744670382e-01 4.999616803369125728e-01 5.135690322118590112e-01 4.502282397999020080e-01 4.762646791837568117e-01 4.334729707943683064e-01 4.784963926202620565e-01 4.878926089695161394e-01 5.094354617031727761e-01 4.776140627847946796e-01 4.846552812788984532e-01 4.719253946863318228e-01 5.059661199319728242e-01 5.006056830471928842e-01 5.092676012330484836e-01 5.087355863101682418e-01 5.216729771110963920e-01 4.859665796734820020e-01 5.228089395599456735e-01 5.069289050820362519e-01 5.265665894988083018e-01 4.581184461218653081e-01 4.805748581010272358e-01 4.546994094848944012e-01 4.484991725875073221e-01 4.787323141291783268e-01 4.698435754293165401e-01 4.770147117143676563e-01 4.772627961010045272e-01 4.959082404236306307e-01 4.669493465170986291e-01 4.910780367205788699e-01
-5.724613195344073480e-02 4.279803474831468668e-02 8.203644110466536132e-02 3.034939504798489507e-01 1.000000000000000000e+00 2.092001639283592451e-01 4.098039014199212904e-01 4.202175795565101790e-01 3.516373402629310863e-01 2.851336325510147041e-01 3.568478691935794700e-01 4.422219512805731223e-01 4.010574209093935583e-01 3.245540230710899365e-01 4.399952115375515005e-01 4.452481383372782209e-01 2.627655635245020882e-01 2.447318115154014373e-01 2.656294279862570495e-01 3.960640674359566793e-01 3.088082462107719084e-01 2.765989421449205343e-01 2.835188895157693678e-01 3.271077976705933921e-01 2.879974937839613891e-01 3.520424929316243179e-01 3.466054252069734054e-01 3.132446234878735192e-01 2.702691624895202649e-01 3.188584833965337206e-01 3.479202546657234052e-01 3.636847939638864213e-01 3.040292880508614348e-01 3.563012047998869725e-01 3.547344509438751792e-01 3.753853298162139751e-01 3.939716286471652840e-01 3.382496644727426283e-01 3.851534099573147851e-01 3.710675685844908034e-01 4.060602530384467834e-01 4.077674359211332922e-01 4.500890348040620936e-01 4.127290388672600896e-01 4.094541384082032165e-01 3.856950334601452202e-01 4.186854198399406202e-01 3.992638420103514219e-01 4.109769191363601970e-01 3.788346237473376732e-01 3.932987287566407364e-01 4.192412315604913120e-01 4.433657630687963258e-01 3.776025845851790352e-01 3.796634018629739815e-01 3.681747377200111360e-01 3.542287531286097413e-01 4.160651368293071806e-01 4.006519828219129997e-01 4.148743975947137286e-01 4.390370113502962135e-01 3.991840296774722407e-01 4.020876118005514699e-01 4.006267624871465149e-01 3.812900894359863013e-01 3.895871954755271149e-01 4.019505164547828024e-01 4.009806476733497327e-01 3.995492239833362547e-01 4.579937903932440602e-01 4.126386665629345196e-01 3.832500141434801999e-01 4.131891961307805339e-01 4.027490550947874226e-01 4.011972203571292361e-01 3.972210132793186910e-01 3.959866179968456468e-01 3.755233925401154638e-01 4.024201076882159556e-01 3.910717235413673221e-01 4.113747425283098003e-01 4.083921962201323419e-01 3.818839417576738171e-01 3.864489830092008860e-01 4.160201550671284720e-01 4.209878496312124407e-01 4.236821072923696585e-01 3.907245103321004276e-01 4.122324223673935473e-01 3.891096717733231181e-01 4.004551251902405129e-01 4.196836650399152768e-01 4.241958836355770313e-01 4.160363285400942024e-01 4.246003961948064953e-01 4.162593157436616509e-01 4.197440059809426915e-01 4.123744317661517944e-01 4.387525944053957683e-01 4.252048276704528673e-01 4.469820101978299043e-01 4.137748074364481776e-01 4.432303700726457074e-01 4.346856572344967029e-01 4.340479683100040842e-01 3.953837747876436381e-01 4.111061971104055246e-01 4.044302893127803555e-01 4.025744775315264756e-01 4.169236731052804457e-01 4.056720798523785754e-01 4.195729263040376411e-01 4.147834966269416945e-01 4.243303488952781533e-01 4.027662839838432873e-01 4.195243726737173384e-01
-1.211394903828783010e-02 6.290043355475484488e-02 7.851883708553464292e-02 2.801816466793102811e-01 2.092001639283592451e-01 1.000000000000000000e+00 4.209025207713910643e-01 3.790280656678823856e-01 3.750371372830282324e-01 3.212410985437184063e-01 3.912297906026815375e-01 4.560107947932074968e-01 4.048317265419953959e-01 3.552887907349445151e-01 4.650983026671214327e-01 4.562360246460009372e-01 3.542906495809751699e-01 2.364816635262983746e-01 2.751052758011182098e-01 3.244951046073776268e-01 2.932621041102593251e-01 2.818173346865288642e-01 2.666278673301193947e-01 2.641271798308517660e-01 2.712327521323419921e-01 3.553676216515288533e-01 3.619862981643371391e-01 3.510618301598933955e-01 3.260252696868041755e-01 3.513303997177748550e-01 3.577996357669023242e-01 3.838907516555973842e-01 3.453594448196638522e-01 3.728068078945545039e-01 4.082847652239994241e-01 3.878791773936011156e-01 4.062873793505353270e-01 4.039763273966499035e-01 4.147559585134309446e-01 3.948179009044059939e-01 4.476481037754813652e-01 4.482549966669629460e-01 4.311491318881031654e-01 4.575833418284663834e-01 4.378097642947392232e-01 4.227964477624284179e-01 4.839246747925018965e-01 4.587319121697890911e-01 4.683885321025751391e-01 4.449173050056863810e-01 4.573273030814198337e-01 4.370381334601627366e-01 4.753079041691579132e-01 4.411992897327501328e-01 4.361058000403049695e-01 4.166640661666115575e-01 4.343117818256527762e-01 4.658255362032273084e-01 4.678070026315419017e-01 4.821593762037813535e-01 4.755564274840352601e-01 4.675694754041082590e-01 4.533720852116477906e-01 4.657793200012033119e-01 4.507407183772627057e-01 4.586834349999184268e-01 4.611772915708105547e-01 4.324296008131715552e-01 4.294145252158814707e-01 4.580527428960516900e-01 4.420315165818652914e-01 4.277219185698937776e-01 4.216106545495718061e-01 4.151377314760398840e-01 4.457709194005370357e-01 4.538353299805166774e-01 4.450970629676405665e-01 4.359539574581632326e-01 4.432568890610248391e-01 4.353213469612065012e-01 4.490389649583009790e-01 4.437113130339754297e-01 4.395802366425730634e-01 4.428114376365125948e-01 4.576953238131201696e-01 4.535267150091099597e-01 4.646201208047903708e-01 4.557406224629338976e-01 4.576419308406003417e-01 4.365875458905837947e-01 4.518436973420633107e-01 4.679952268299267248e-01 4.648823543159179561e-01 4.609918606217870418e-01 4.776429185009850031e-01 4.719813196845160652e-01 4.691328097531468067e-01 4.637103812124004354e-01 4.822043864716932249e-01 4.733914043470088817e-01 4.731979294795521374e-01 4.709915032902702858e-01 4.796467784415439084e-01 4.766859940670448714e-01 4.653601365052443262e-01 4.567990212933808469e-01 4.711588396763263242e-01 4.606442572597604923e-01 4.528121901025802809e-01 4.747566070490519818e-01 4.721539433729144974e-01 4.757726660306533240e-01 4.723968788467513003e-01 4.752969346137571605e-01 4.620163995106895682e-01 4.704687418049134928e-01
-2.369008642198789164e-02 6.606550592756260665e-02 1.879622301272012852e-01 4.828936734966624011e-01 4.098039014199212904e-01 4.209025207713910643e-01 1.000000000000000000e+00 6.647884053318544595e-01 6.055930022606806906e-01 5.412775128217738319e-01 6.240992124417763520e-01 7.192884969885502411e-01 6.430342101628254703e-01 5.655881207940913757e-01 7.713886764540391905e-01 7.483726705590376671e-01 5.480799859363869597e-01 4.575636424015482873e-01 4.676654700695986877e-01 5.846387223045180770e-01 5.344344718723942345e-01 4.773045009764705915e-01 4.924610433100229945e-01 4.987098931382199507e-01 4.588266479807491804e-01 6.191208799446802358e-01 6.166268446145032334e-01 6.065005043478097768e-01 5.354780869569930601e-01 5.670643576540902453e-01 5.954182039467289522e-01 6.422746489678533566e-01 5.979813331701099299e-01 6.219830031791210301e-01 6.522412927323475440e-01 6.356807952079589485e-01 6.612529822455710526e-01 6.619219063642234335e-01 6.732545449666055282e-01 6.676253440526527250e-01 7.087578962599381249e-01 7.198719322646527363e-01 7.107468666734149121e-01 7.223805066663999686e-01 6.953961672749341405e-01 6.913561828483365534e-01 7.276660762735964738e-01 7.113908231490985168e-01 7.133657543493674424e-01 6.816380119453290254e-01 7.035218576096203824e-01 6.804314438486753769e-01 7.270316077125460463e-01 6.850306243723989219e-01 6.803797944355354232e-01 6.730514399843279261e-01 6.592816121891091896e-01 7.244681533231739357e-01 7.136815714549108458e-01 7.237673010782266214e-01 7.398573810933143369e-01 7.083225662972083558e-01 6.938839782353074526e-01 7.027864822279663581e-01 6.849331532224223196e-01 6.949383877670011200e-01 7.088045159614978497e-01 6.867769546703008654e-01 6.932420503928503619e-01 7.421335427060705703e-01 6.934242508333280375e-01 6.672509888058124616e-01 6.867652858346552369e-01 6.659415704602513753e-01 7.073678450838206677e-01 7.115967222302342909e-01 7.101086498376050216e-01 6.827479605678192787e-01 7.041473950451211383e-01 6.910294590161992767e-01 7.053218211212811672e-01 7.006814588470550165e-01 6.931204892936601025e-01 7.018674600545068420e-01 7.256682246233266964e-01 7.209546720792481267e-01 7.282017909018013713e-01 7.170570377148103303e-01 7.176513146787182329e-01 6.952008592861894654e-01 7.197699381216127179e-01 7.362280938501687411e-01 7.293128170489435735e-01 7.256676132171800964e-01 7.323438094573824220e-01 7.256599721299888950e-01 7.293878263123065864e-01 7.177744196201140126e-01 7.443499562812252446e-01 7.369519088424847375e-01 7.454859655318484268e-01 7.263923691257903048e-01 7.380490003765129980e-01 7.406270931324206996e-01 7.309327902777689179e-01 7.043382039506491665e-01 7.238953177693999708e-01 7.176352107858757767e-01 7.130113217521459879e-01 7.282652122003286932e-01 7.257780526588336611e-01 7.289837952973837742e-01 7.278203217125484015e-01 7.323420071720859736e-01 7.101025091224342223e-01 7.233893082835919364e-01
-4.069931557582073117e-02 5.226454434957176348e-02 1.533072472482856496e-01 4.867150963313806034e-01 4.202175795565101790e-01 3.790280656678823856e-01 6.647884053318544595e-01 1.000000000000000000e+00 5.651495567362866401e-01 4.866228244169581441e-01 5.846997443822542495e-01 7.008971985235535884e-01 6.136869264825965953e-01 5.306055326139057504e-01 7.168778477833289697e-01 7.165481418359922472e-01 4.803173610576632058e-01 4.118549235041300549e-01 4.159372347052819330e-01 6.115696159694786749e-01 5.109429877695202959e-01 4.457106724781181861e-01 4.478716987540704575e-01 4.893992850004183492e-01 4.338693180211068978e-01 5.420856437083242385e-01 5.565946352687536347e-01 5.250585800090448174e-01 4.571928127275966536e-01 5.137683478592158792e-01 5.353386891463847164e-01 6.063569774734504092e-01 5.350299007694635511e-01 5.904248750028271431e-01 5.993396471240249879e-01 6.178826486841111354e-01 6.261743862523302395e-01 5.991014239733040148e-01 6.299933596726768892e-01 6.160613599469318968e-01 6.651625769100110164e-01 6.757976877575018193e-01 6.919211953562682815e-01 6.734997617069899967e-01 6.597257683296433584e-01 6.255839160549508948e-01 6.879009997765815898e-01 6.645674071524920734e-01 6.814873263984677632e-01 6.567176012719355693e-01 6.782607418381803033e-01 6.752724348287381106e-01 7.073844195705879523e-01 6.350286908802792452e-01 6.359901973691532984e-01 6.124950201108991799e-01 6.327745797130510663e-01 6.886797116462683999e-01 6.777430247060479696e-01 6.836848764702478931e-01 7.142468224094843388e-01 6.729491755707623923e-01 6.767122932778720790e-01 6.695183451906855376e-01 6.471469706939773081e-01 6.644477460339636155e-01 6.637109961677845060e-01 6.455017187921832100e-01 6.509318083170401170e-01 7.240289643409902887e-01 6.584342758612511393e-01 6.220427020750428637e-01 6.575689435570114538e-01 6.318051822614355606e-01 6.510535428475278108e-01 6.595247358831715090e-01 6.503453234978044950e-01 6.229419796561660450e-01 6.494965002021438893e-01 6.371614314569447046e-01 6.638026428199648166e-01 6.537118618193440422e-01 6.447978297367885636e-01 6.458905707481434888e-01 6.882434093572880052e-01 6.840499848136173400e-01 6.893304069889724106e-01 6.616917613676298604e-01 6.723584207365128629e-01 6.430613380720997529e-01 6.670518157394181857e-01 6.902746056385230533e-01 6.913389606734346993e-01 6.758484635373608329e-01 6.931225333039783276e-01 6.858694654187127426e-01 7.042854525838186941e-01 6.939714421916866050e-01 7.157821124440644223e-01 7.076062863349943388e-01 7.160553802639139098e-01 6.932017126710093846e-01 7.132050636084057427e-01 7.079594162323999962e-01 7.066404021165063609e-01 6.728525122578913331e-01 6.865534828804265022e-01 6.705086415649755827e-01 6.632820154085126152e-01 6.895467210561507798e-01 6.843609574874298662e-01 6.895859471707788124e-01 6.896081989789861755e-01 6.984295516886320776e-01 6.670878691079284994e-01 6.898535694535156138e-01
1.274083193667649716e-01 1.626297177016778617e-01 3.383877531615682721e-01 3.811503297501022680e-01 3.516373402629310863e-01 3.750371372830282324e-01 6.055930022606806906e-01 5.651495567362866401e-01 1.000000000000000000e+00 7.416468297056093562e-01 7.365976611152299514e-01 7.621685929047185004e-01 6.941276080609360966e-01 6.595186116419217148e-01 8.109503037260219482e-01 7.915584147483403221e-01 7.784464221112220583e-01 7.267613859962505085e-01 7.447413237999126467e-01 5.142352468596932402e-01 7.275016587849494343e-01 7.573478106808325672e-01 7.616361925676019551e-01 7.261189342765947963e-01 7.277724799873749317e-01 8.231760298410267795e-01 8.180232118026574684e-01 7.852954655651145366e-01 7.644146781598972762e-01 7.970968171539019043e-01 8.278806101846543086e-01 8.426467805978202774e-01 7.658611863945270493e-01 7.835682154501316665e-01 8.080843373117706507e-01 7.440051738139610293e-01 7.928125346159143882e-01 8.286379777899059995e-01 8.398675024102834064e-01 7.968026223321562629e-01 8.518376154550526547e-01 8.409303656279281114e-01 7.892721495156763689e-01 8.498320819708654605e-01 8.285641359459103850e-01 8.424849015857094336e-01 8.448471846436562682e-01 8.722894209085125805e-01 8.539576646678233018e-01 8.059912955548984570e-01 8.367527851481546541e-01 7.931007502810617504e-01 8.046399299507036584e-01 8.700613516853638041e-01 8.675828814403827582e-01 8.633064089787543249e-01 8.415395418258299065e-01 8.475516612110723935e-01 8.510547351867987498e-01 8.436760484408596383e-01 8.441275470087137300e-01 8.510282773694629599e-01 8.381085307173971044e-01 8.519148668132159319e-01 8.599265427780240501e-01 8.532180573167953419e-01 8.659249390007942582e-01 8.734563594978667078e-01 8.727669913919763323e-01 8.336019594123613707e-01 8.699873762779873898e-01 8.701476552307442214e-01 8.602795000717999852e-01 8.630869559900722354e-01 8.680198122836657593e-01 8.618667405142984572e-01 8.634209588568393379e-01 8.637095212303188552e-01 8.669713609139622079e-01 8.731700449000167064e-01 8.691461920540272112e-01 8.748442046860931409e-01 8.727723773240821936e-01 8.614936527373849851e-01 8.521228889600961365e-01 8.559423619005289696e-01 8.456758942177110550e-01 8.630882089972680138e-01 8.645161849144560318e-01 8.703005677578893318e-01 8.515405212884213926e-01 8.546380130141716380e-01 8.557962893037424079e-01 8.632332428631932508e-01 8.479066353497395347e-01 8.594640662583737933e-01 8.328937749598922524e-01 8.415736779613736118e-01 8.391501727008722211e-01 8.471479468582725492e-01 8.394001790744711755e-01 8.516929123085494879e-01 8.392452434849084764e-01 8.478427410107166606e-01 8.438002025242262727e-01 8.500511748873312845e-01 8.585389990480276623e-01 8.641776941933890788e-01 8.675701226318195403e-01 8.550183166828169146e-01 8.515533891449753590e-01 8.535717286295592121e-01 8.564930626998704666e-01 8.541214002976464936e-01 8.650881531553413772e-01 8.579913763782952563e-01
9.611088903045199305e-02 1.940106720452560718e-01 3.412325640039358121e-01 3.024105658499542382e-01 2.851336325510147041e-01 3.212410985437184063e-01 5.412775128217738319e-01 4.866228244169581441e-01 7.416468297056093562e-01 1.000000000000000000e+00 6.657826618601015989e-01 6.614380040736187460e-01 6.051381260985201349e-01 5.896360145508748873e-01 7.296878243352061810e-01 7.054415110215183082e-01 7.064759882082820575e-01 6.964381629115232730e-01 7.253540079296939558e-01 3.888496782626409964e-01 6.479240143287611220e-01 7.081098736768004498e-01 7.274539963001354081e-01 6.689371248052131680e-01 6.843722211196978655e-01 7.755180234187859512e-01 7.679146647219919908e-01 7.570010088895616773e-01 7.320813351764986487e-01 7.515907147001152921e-01 7.784745864844007102e-01 7.751702482159380514e-01 7.411285059348112769e-01 7.234589216414791801e-01 7.625623016596109194e-01 6.784186159547656025e-01 7.192570280029342289e-01 7.876975988317020949e-01 7.807183416575981250e-01 7.533201679505467929e-01 7.836131001830258791e-01 7.697204974039805192e-01 7.108899751641214459e-01 7.728233354086612161e-01 7.511800847180356566e-01 7.883198801595349137e-01 7.576057118846235561e-01 7.940701897198582104e-01 7.695292247504388339e-01 7.230833276343826554e-01 7.544230174123105481e-01 6.829751425378685070e-01 7.056558972856407097e-01 7.991859913232943757e-01 7.980395972746947564e-01 8.078600032047223989e-01 7.595763919351138371e-01 7.708328428632831297e-01 7.727272883504751055e-01 7.533082836694802165e-01 7.549617280446219159e-01 7.702343499848990360e-01 7.523352066134187943e-01 7.587854910208381432e-01 7.680715181793656976e-01 7.607698325797154215e-01 7.864346238241032294e-01 8.043751023813939804e-01 7.982550642956804943e-01 7.269688926196020695e-01 7.878482331414210504e-01 8.036237356657995878e-01 7.769309587196424616e-01 7.905443147550083038e-01 7.988603308812606274e-01 7.874676919581862222e-01 7.959449377401438541e-01 7.960808577345468429e-01 7.979337383628257729e-01 8.041982508875473723e-01 7.925037234468723657e-01 7.996705937072441372e-01 7.991824005639647233e-01 8.009891484688748120e-01 7.737518779979718486e-01 7.714873141351596963e-01 7.665777236608937173e-01 7.978795735203169093e-01 7.913908212888967064e-01 8.062497297575826893e-01 7.894462493735071584e-01 7.798398525732417319e-01 7.754732675288955601e-01 7.911109780838698757e-01 7.646677113211901577e-01 7.784636872122057127e-01 7.464834026822627644e-01 7.390455014615319174e-01 7.501879921772794946e-01 7.602003884205958961e-01 7.549317169819045326e-01 7.661331049190475140e-01 7.371782366696743027e-01 7.601870173199298808e-01 7.447373610330825233e-01 7.648924286888718616e-01 7.718506692697001403e-01 7.893310113459489630e-01 7.945420883720948346e-01 7.704795858998725322e-01 7.751341509291839182e-01 7.660466658023601383e-01 7.759703877846093611e-01 7.627887253340107643e-01 7.806229204672788802e-01 7.614205586195857967e-01
2.436758271293155975e-02 1.142402899488944162e-01 3.165488170397807721e-01 4.563212547704666999e-01 3.568478691935794700e-01 3.912297906026815375e-01 6.240992124417763520e-01 5.846997443822542495e-01 7.365976611152299514e-01 6.657826618601015989e-01 1.000000000000000000e+00 7.850114038034511355e-01 6.994498182581940782e-01 6.345267585721695580e-01 8.019130344087281870e-01 7.821570663760306630e-01 7.116178037660778610e-01 6.746458795356459204e-01 6.847436880956644378e-01 5.667564511689946460e-01 7.063715976042276301e-01 6.963799265473363809e-01 7.087164224066500040e-01 6.996444113733342185e-01 6.912312731131223797e-01 7.713053390210736771e-01 7.832021725071360851e-01 7.514654588183427020e-01 7.028912567124749877e-01 7.499338780592460507e-01 7.823524350767013802e-01 8.222122084475033121e-01 7.531080074963460991e-01 7.792491213848876663e-01 7.971858192729288639e-01 7.661498938053152852e-01 7.963837996980168699e-01 8.057436713431835873e-01 8.293156929290983470e-01 7.977644415112810083e-01 8.347719541967079104e-01 8.256651934010629246e-01 8.082531406508093319e-01 8.406789299260034598e-01 8.319318187632278594e-01 8.225408131136420220e-01 8.291108591539593231e-01 8.375597382834670812e-01 8.329400159703066464e-01 8.037499498773272855e-01 8.281213360284722658e-01 7.977905186419211869e-01 8.172815791663595730e-01 8.278383491970686681e-01 8.314940457840156451e-01 8.275567596480456478e-01 8.041510071282675920e-01 8.270540519345006558e-01 8.278006051288391287e-01 8.261217158422671236e-01 8.405740873980620531e-01 8.275152136886435583e-01 8.183583734124345588e-01 8.263200794061571486e-01 8.241634589112099007e-01 8.259630379377173037e-01 8.392670444736295421e-01 8.418882195000391144e-01 8.497148787881882992e-01 8.383711243952869374e-01 8.451042645627374617e-01 8.389474506770203677e-01 8.416819728903600639e-01 8.378450932907257620e-01 8.392475561373942128e-01 8.423470027936242888e-01 8.344257588687258309e-01 8.275971602494278656e-01 8.383292134474759072e-01 8.328394544207398109e-01 8.461241150945671974e-01 8.454073902532245333e-01 8.455726601320325830e-01 8.369833673973636756e-01 8.470309164312420647e-01 8.474356444919139975e-01 8.479121724749191236e-01 8.417555058116608091e-01 8.479245407881804697e-01 8.401162170979098454e-01 8.457233226312842467e-01 8.439035458434074322e-01 8.503487664758515585e-01 8.474023325475433799e-01 8.347918917004683026e-01 8.384582361751788948e-01 8.330880634640419613e-01 8.251041198702351309e-01 8.350501134996223263e-01 8.397906533514849503e-01 8.411862422560180130e-01 8.368715151103408578e-01 8.342173061363802322e-01 8.408631756765609921e-01 8.422349100300960956e-01 8.267490398259259576e-01 8.396141954896941817e-01 8.370683942454927307e-01 8.379434072899409891e-01 8.362054555498736885e-01 8.367694066792430441e-01 8.353175884706024457e-01 8.393493355694272573e-01 8.397889241405990246e-01 8.392991495079181741e-01 8.382633017874262515e-01
-5.938926294082647744e-03 8.372699598824002998e-02 2.745753813267179377e-01 5.456417537318852817e-01 4.422219512805731223e-01 4.560107947932074968e-01 7.192884969885502411e-01 7.008971985235535884e-01 7.621685929047185004e-01 6.614380040736187460e-01 7.850114038034511355e-01 1.000000000000000000e+00 7.636883074762774726e-01 6.822853416537834059e-01 8.687232123353099134e-01 8.594087838540562796e-01 6.863368694238943801e-01 5.919924183901867920e-01 6.087630766597884602e-01 6.708228137521026202e-01 6.828271012570349408e-01 6.426256884812467929e-01 6.409610760345608726e-01 6.467196579158207559e-01 6.221299633789653116e-01 7.497260084758007315e-01 7.728325522573188389e-01 7.296825090880797449e-01 6.679645325291271307e-01 7.288785466528742152e-01 7.656686439232889274e-01 8.124098875471794656e-01 7.414696197707620895e-01 7.845060880742799059e-01 7.974522896796836235e-01 8.003758549904971265e-01 8.233824696025633383e-01 8.079076343892133139e-01 8.393323577897455756e-01 8.106254211751247052e-01 8.705620874406817533e-01 8.684296507998356951e-01 8.653010902992113174e-01 8.810225778219776815e-01 8.721748869917883562e-01 8.388330361165766691e-01 8.934055604015282981e-01 8.779780107097805431e-01 8.905422691732380880e-01 8.583643722739088266e-01 8.801253158376600716e-01 8.658566675987762196e-01 9.006699227291303789e-01 8.507117307158967856e-01 8.457915946648941752e-01 8.261276967591095755e-01 8.427117657160859698e-01 8.863069806307574128e-01 8.824385943559613921e-01 8.891233418940310829e-01 9.099630575508961261e-01 8.840025345668310885e-01 8.739266570838659653e-01 8.867680531507485808e-01 8.628576044404167034e-01 8.749171525920836912e-01 8.787064547973312267e-01 8.589463274546703664e-01 8.653353458598592729e-01 9.104548538506582744e-01 8.724403350047573724e-01 8.438734807801404614e-01 8.612126192266735814e-01 8.454871996739329321e-01 8.664192728139306077e-01 8.756301450720511692e-01 8.688152366388860459e-01 8.482368197223846273e-01 8.685282631506509032e-01 8.576901990698453382e-01 8.801796362368319304e-01 8.747921735833149581e-01 8.624555511032545585e-01 8.600679201695822229e-01 8.906642453092205036e-01 8.878275302326162910e-01 8.966161171833633148e-01 8.709151547616557076e-01 8.840510640545797827e-01 8.560884470571816784e-01 8.779338326207768439e-01 8.928529022667559545e-01 8.981790044116381155e-01 8.857448243440103619e-01 8.978502803726161607e-01 8.934779236518876067e-01 8.921338090922246167e-01 8.866098728000451068e-01 9.060025828322390007e-01 9.017729502213979176e-01 9.047245310066940327e-01 8.925674559862732949e-01 9.069130516189060076e-01 9.048366392475413189e-01 9.033892106816865386e-01 8.731710887606979332e-01 8.943718797880113591e-01 8.798255915586318254e-01 8.715678278813475677e-01 8.934625835947630490e-01 8.857809625019792410e-01 8.950886055042946987e-01 8.944878279652812569e-01 8.992018908483644379e-01 8.824197720244747467e-01 8.972788371573611199e-01
4.286032450115559791e-03 1.250409549474230941e-01 2.400562131059897075e-01 4.420729238197757538e-01 4.010574209093935583e-01 4.048317265419953959e-01 6.430342101628254703e-01 6.136869264825965953e-01 6.941276080609360966e-01 6.051381260985201349e-01 6.994498182581940782e-01 7.636883074762774726e-01 1.000000000000000000e+00 6.102873023097463712e-01 7.949345923659668633e-01 7.828811652781518804e-01 6.183511583302589987e-01 5.356505393384157765e-01 5.625691013808387098e-01 5.568419836345551710e-01 5.867372826768968430e-01 5.647618141228891719e-01 5.736551246816643523e-01 5.787458571003466501e-01 5.503191625474163073e-01 6.947424534252067962e-01 6.928723509643484046e-01 6.608306140946338392e-01 6.025909845414680888e-01 6.542176653813570608e-01 6.943045096366250446e-01 7.301295430544333387e-01 6.663839774238431435e-01 6.921205135625898563e-01 7.117470735352980915e-01 7.023829833539131373e-01 7.338859062711812209e-01 7.208423708622224702e-01 7.522649141760701097e-01 7.229683616672322177e-01 7.911633784502501987e-01 7.866135140601296927e-01 7.790369369273943967e-01 7.891921518457167828e-01 7.782616384585476776e-01 7.628983471302518415e-01 8.110066767689713130e-01 8.018854702727433725e-01 7.931856282423190851e-01 7.522378097163593402e-01 7.717453153349598249e-01 7.526670170858612563e-01 7.963677699491007456e-01 7.746612429500203678e-01 7.629029122725525802e-01 7.501060397980572336e-01 7.335141476981811293e-01 8.005432211914829121e-01 7.853500541087964359e-01 8.073589843265169819e-01 8.194130743511849335e-01 7.877842265741955563e-01 7.646823672140612427e-01 7.851398254787308462e-01 7.783324331193534062e-01 7.760137185903982493e-01 8.027947523127973994e-01 7.865200050451067737e-01 7.860772838323679679e-01 8.088553261042438214e-01 7.842707800318136080e-01 7.663156923019723843e-01 7.750965618102338972e-01 7.649312292811539793e-01 7.951960105516244770e-01 7.946520284596232386e-01 7.865664179487997787e-01 7.659575656582026104e-01 7.898224301264461511e-01 7.776604608264681140e-01 7.925077977849197541e-01 7.930578769773239944e-01 7.811455854708502233e-01 7.787189707507100600e-01 8.019054400671030702e-01 7.997169601682196927e-01 8.081274016487097756e-01 7.947984122583403588e-01 8.029160256953710162e-01 7.851108101658822447e-01 7.962997641821395467e-01 8.116500610985291075e-01 8.106025835324301987e-01 8.051773677580446043e-01 8.173934507670443939e-01 8.124303730636356358e-01 8.023789293010875623e-01 7.915284233686763482e-01 8.220001843236504069e-01 8.120483835024022712e-01 8.193010549416527288e-01 8.020926361103276614e-01 8.175826867185629343e-01 8.180634569183650173e-01 8.110587931258480543e-01 7.832218829049790720e-01 8.073617275707293262e-01 8.055133446921544094e-01 8.003122237303645914e-01 8.115385599030113806e-01 8.040293541115077769e-01 8.148409817264220534e-01 8.073911933261997964e-01 8.108401994544973679e-01 7.994584268140885186e-01 8.057015330661959629e-01
