1.000000000000000000e+00 1.192656024858115282e-01 7.669944925400067059e-02 -1.128174939631790101e-02 -1.433657013727729357e-02 -3.024859258562286740e-02 1.730217091039494906e-02 2.707254756661886183e-02 1.470385009136198906e-01 6.847279003026264521e-02 5.709116185032301304e-03 4.254241232062686527e-03 -1.049817866898882131e-02 -5.649601254182987781e-03 2.070986714203729498e-03 1.278670246731472039e-02 7.366342547355611559e-02 1.267738272019179047e-01 1.692465743924137858e-02 5.145693453647273014e-02 7.121557139878183229e-02 -1.254195186691398414e-02 1.139812350586538875e-01 6.452904937333193980e-02 2.082252207703148492e-02 7.631380223581817057e-02 5.701100380581613364e-02 6.606739740227680902e-02 1.141667291513238369e-01 4.875474343482194550e-02 2.091506904090692162e-02 8.528772956025296170e-02 3.829072040876717320e-02 7.666468448971663734e-03 7.011928963225774747e-02 -2.379263833291134916e-02 -3.505144881532289841e-03 1.869342027235508866e-02 5.557066067562360483e-03 -4.526318864107714557e-02 8.169402014993925459e-03 -1.652576415674233967e-02 -5.110360903322613141e-02 2.779183027434990977e-04 3.049297293565861582e-03 8.085585015802133207e-03 3.098004478901983296e-03 1.907400617761971853e-02 3.157207768658536889e-02 4.289337014232677547e-02 3.269701741091866898e-02 8.447043536829193728e-04 -2.680720751887877631e-03 5.489829712111584520e-02 7.093005226415541320e-02 3.063824354342496031e-02 7.572183341719074257e-02 -5.007892542853281323e-03 3.308783029220609823e-02 2.641660275177948672e-02 2.782841384921362973e-02 2.992989360113975511e-02 3.879032722062047273e-02 4.329242923362843637e-02 3.877961089029812597e-02 6.863796481195585941e-02 2.810979925871458923e-02 3.007606590390829449e-02 5.787846156166485262e-02 3.004917574265519517e-02 1.826728250342317394e-02 1.143325835300512162e-02 3.764466092622782700e-02 2.068253093238171109e-02 3.360491021131644523e-02 2.890549715432708111e-02 3.468082345096112906e-02 5.124373884493512582e-02 2.336417719296310369e-02 4.004396649509585349e-02 2.880482900913229269e-02 1.762912395247038383e-02 3.104597394189101758e-02 3.993112655604139083e-02 2.143564059432446697e-02 1.308950089341220750e-02 -2.791758468853899802e-03 7.768587319432495621e-03 1.205065381741316811e-02 1.075599980266610245e-02 -1.304266185990112133e-02 -6.776805813593063041e-03 -2.608836668294020828e-04 -2.198969442136709026e-03 7.960896208855745490e-03 1.240449231793946082e-02 3.596939593448586665e-03 6.616009140787543208e-02 1.827830703122617501e-02 1.217042062067012244e-02 -2.409970970752528877e-02 2.690292960478509951e-02 1.460754793574910518e-02 -3.207877380667562180e-03 9.694604830102947213e-03 4.693427302289250591e-02 3.613555016385864432e-02 2.650540108746399226e-02 2.935881397426253619e-02 1.887810473767268654e-02 1.058984493874329897e-03 1.392870106774778301e-02 1.809923540785672233e-02 2.570785380012022628e-02 2.837215254327448907e-02 4.141385279344345777e-02
1.192656024858115282e-01 1.000000000000000000e+00 9.441968051153237784e-02 4.813413693789408282e-02 6.978654614192113248e-02 6.839254045513662450e-02 1.462517939750778706e-01 9.903407534433752990e-02 1.759552411191624699e-01 1.756703127287188027e-01 1.459803706755720965e-01 1.104950889487368859e-01 1.235559373836148944e-01 1.341716416713433502e-01 1.659994259423899776e-01 1.398280536296039045e-01 1.769225954537910483e-01 2.439782258700890771e-01 1.906656584167942814e-01 2.956082539517570010e-03 1.337187597988936383e-01 1.301905170984102855e-01 2.455734059645722223e-01 1.875307246913010817e-01 1.729840606156156924e-01 1.982420043783303942e-01 1.808601031131654158e-01 2.213630787342968920e-01 2.241155145720079012e-01 1.990884618126202432e-01 1.606781815067706010e-01 2.319957689973528303e-01 2.408285578277421790e-01 1.731576874974002367e-01 2.374792013246683764e-01 1.608312094037604723e-01 1.824373928967605030e-01 1.682896184087342428e-01 1.856857648986687259e-01 1.799351287603320748e-01 1.644790023021586445e-01 1.667096111828214877e-01 1.503384235970132154e-01 1.562228177236887339e-01 1.667355626198378238e-01 1.803186214842222856e-01 1.501794640121212610e-01 1.596770285960914804e-01 1.538617070450645496e-01 1.544852009412830129e-01 1.632613490013122559e-01 1.032785914862529852e-01 1.067794446778207174e-01 1.706069948416625570e-01 1.663790296585899997e-01 1.822398698237393810e-01 1.397921615416683194e-01 1.465138337813406688e-01 1.634457892993059491e-01 1.345849881825217642e-01 1.506861952006794403e-01 1.392339241466472866e-01 1.529539096972075685e-01 1.465324134279657742e-01 1.430880296864782408e-01 1.474380568030810579e-01 1.694755490545256094e-01 1.878935306522589166e-01 2.007038573326547226e-01 1.183580817003732910e-01 1.641747729612328677e-01 1.664442662063865264e-01 1.729806280376449679e-01 1.772587837263085997e-01 1.731782691465984514e-01 1.742886462531376968e-01 1.865465045555088908e-01 1.904032799347984417e-01 1.761836474164690802e-01 1.814147208522564059e-01 1.892156288945242570e-01 1.584211747832460493e-01 1.828195337273958998e-01 1.990916941813650476e-01 1.746869462190979161e-01 1.647890449449410377e-01 1.672076666747920604e-01 1.646799957617094412e-01 1.745997508414499910e-01 1.767597959365432014e-01 1.725872233196718564e-01 1.603001145850830589e-01 1.625960164950563669e-01 1.640627813418698844e-01 1.554871629335980721e-01 1.589833242972447380e-01 1.544323996274200306e-01 1.491478123672683453e-01 1.544687601957023260e-01 1.559351925135181172e-01 1.542458309605505007e-01 1.550600733895092787e-01 1.465379290691891379e-01 1.527621838207196270e-01 1.481588506630006630e-01 1.500491330586224137e-01 1.543266224927890562e-01 1.628173177161481022e-01 1.730798156557686318e-01 1.531555769403031564e-01 1.556793628228487492e-01 1.488506367922555473e-01 1.513711790590428485e-01 1.592307911561270106e-01 1.599334910452044345e-01 1.528522804435917815e-01
7.669944925400067059e-02 9.441968051153237784e-02 1.000000000000000000e+00 3.614010389838428483e-01 2.480170047607306305e-01 2.344676575067557167e-01 3.565941508840002050e-01 3.440752712462139540e-01 3.422788306329450636e-01 2.997861830717771792e-01 3.487717993360471835e-01 3.709506822680138649e-01 2.987176241738881965e-01 3.242314549703927407e-01 3.691948883613373478e-01 3.614439422921550404e-01 3.557641481413276741e-01 3.943027647321253326e-01 3.699540214199928956e-01 2.938035013024791753e-01 4.136868243866969053e-01 4.027763160565840939e-01 3.858267078982791642e-01 3.819699744792706131e-01 3.869289723891756183e-01 3.902079699159662907e-01 3.767587567352284061e-01 3.647516141154047986e-01 3.676732796424359018e-01 3.468879037357044393e-01 3.711730872328395936e-01 4.037214807440009379e-01 3.729348778909646334e-01 3.776288098960912110e-01 3.624144898840138684e-01 3.764835669308664312e-01 3.604717995217404103e-01 3.632855471378594880e-01 3.711464766021078110e-01 3.904106108178482804e-01 3.685181528875662305e-01 3.643842924809625461e-01 3.552740193769878263e-01 3.738538837666903758e-01 3.910310506668046027e-01 3.676254660385989692e-01 3.541130536512538396e-01 3.573899533733871925e-01 3.666489437652807326e-01 3.772373676138815468e-01 3.714529125637420770e-01 3.866348835172496723e-01 3.334307996026211196e-01 3.614888210501152055e-01 3.701951726714192703e-01 3.733706627332326611e-01 3.610644468935778617e-01 3.602703121537614850e-01 3.680203717401918095e-01 3.453323179154325073e-01 3.631316261419118008e-01 3.499977257614840243e-01 3.679790875507822356e-01 3.592572273460927779e-01 3.602112352152242458e-01 3.664326386262711788e-01 3.692202492940400704e-01 3.878107936994827920e-01 3.909127495501395488e-01 3.884872236829152725e-01 4.048465615608700663e-01 3.870743241868316309e-01 3.946994109463845546e-01 3.872163576434441978e-01 3.807597489587480344e-01 3.717239695258780507e-01 3.761477354366476455e-01 3.712321726141937783e-01 3.834134606096973319e-01 3.706802741668616119e-01 3.753657163451011303e-01 3.705364979259264113e-01 3.892734029458669309e-01 3.701829478317155142e-01 3.789180528659427116e-01 3.811230774962505730e-01 3.723305562812632696e-01 3.724567204561551881e-01 3.734000979705700551e-01 3.815328655782451728e-01 3.774631534648611453e-01 3.692459417124249743e-01 3.754032425828010000e-01 3.726527604803661076e-01 3.589608207262925954e-01 3.601780092709254699e-01 3.711972563506742984e-01 3.761635122279424759e-01 3.657375181815389897e-01 3.744676123804807633e-01 3.596871953896789154e-01 3.680603977232239088e-01 3.681740183222697582e-01 3.637705786491816640e-01 3.788557674740540837e-01 3.748198839641618818e-01 3.675850915095969507e-01 3.642296041505719839e-01 3.708687227954436949e-01 3.627932414795242977e-01 3.644823376882920796e-01 3.576963886023156181e-01 3.626732820428133497e-01 3.635036382494451490e-01 3.743493302415354385e-01 3.662329163768586748e-01
-1.128174939631790101e-02 4.813413693789408282e-02 3.614010389838428483e-01 1.000000000000000000e+00 3.361689919597964926e-01 3.557665028120721162e-01 5.556877347341733220e-01 5.499225076312349580e-01 4.601837826541640419e-01 4.293553107662191892e-01 5.507223175903408485e-01 6.110552507513161702e-01 4.874949849528936174e-01 4.860868641793635314e-01 5.648998265010873876e-01 5.513538525410114355e-01 4.991507167703114756e-01 4.083819070985871269e-01 4.456491934326486937e-01 4.948022056301119576e-01 5.544472973226791668e-01 5.647472237040723764e-01 4.374850875616870804e-01 4.341123695474665145e-01 4.560002644433699959e-01 5.473992675214129910e-01 5.407802590426863398e-01 5.146831094335262424e-01 4.770623550503957921e-01 5.026474173903163756e-01 5.681330004052751459e-01 5.125080943058251126e-01 4.971967682388380161e-01 5.354957259479756759e-01 4.528719200954153812e-01 5.818852812176263933e-01 5.589837821462821932e-01 5.245114736367182395e-01 5.487202378721799390e-01 5.878753810341802444e-01 5.591694650032301706e-01 5.544666549453732829e-01 5.596913990945527884e-01 5.715194977686255395e-01 5.878968151924112151e-01 5.419102333239561586e-01 5.407616397825099064e-01 5.271978169505020517e-01 5.441504803215864161e-01 5.525293352931708313e-01 5.544017769464364420e-01 6.115603153214108634e-01 5.582932997574048262e-01 5.212358869749681434e-01 5.196814179245681231e-01 5.423540108063085174e-01 5.437461080683175796e-01 5.496121353339695759e-01 5.387875550699907645e-01 5.388771074618702306e-01 5.395275599645324993e-01 5.308636588264391554e-01 5.417997508935771256e-01 5.412630925304293683e-01 5.446145634375364475e-01 5.514377735610481723e-01 5.399159712445803505e-01 5.265867697526576130e-01 5.282957711070771500e-01 5.961455470457321937e-01 5.745306826910435705e-01 5.479696701257099622e-01 5.404375138337050855e-01 5.170228349901490050e-01 5.536184164622968140e-01 5.435893309138447593e-01 5.388440783543823054e-01 5.235741952659315190e-01 5.472123658970352578e-01 5.361351094284076968e-01 5.428406054427318272e-01 5.623744143728026668e-01 5.634935005644277073e-01 5.211579147650917676e-01 5.490797593595200254e-01 5.517628114267918438e-01 5.675949482265272295e-01 5.515153201125543303e-01 5.523635872283911841e-01 5.598513839022429828e-01 5.710971072128242509e-01 5.566399750270051294e-01 5.609747187017191106e-01 5.610856425163371908e-01 5.401397465377945073e-01 5.381144449777797156e-01 5.599795906394183787e-01 5.567023591197117760e-01 5.483169063668387189e-01 5.615210479476914207e-01 5.546485469841558880e-01 5.535215759460095919e-01 5.596110906907953986e-01 5.564415068470661696e-01 5.743159302061655591e-01 5.522988685389996766e-01 5.454977889515890688e-01 5.340026998739492159e-01 5.371539500244648657e-01 5.472279028208564267e-01 5.526486089355674425e-01 5.445627981350148472e-01 5.450259752870538765e-01 5.461415487853666928e-01 5.527144789147097059e-01 5.491319705147689190e-01
-1.433657013727729357e-02 6.978654614192113248e-02 2.480170047607306305e-01 3.361689919597964926e-01 1.000000000000000000e+00 3.118368099174139152e-01 4.661188562175907490e-01 4.458991697625881989e-01 4.551423546782522034e-01 4.073407423410959072e-01 4.543870652385931241e-01 4.859810537685470000e-01 4.384177814282070873e-01 4.288696802289133081e-01 4.923158369616523200e-01 4.943746409983567625e-01 4.585008625524229497e-01 3.818206483059674028e-01 4.154792252077544878e-01 3.325690206960577044e-01 4.280748864544201004e-01 4.636804619806630945e-01 4.184844578554322569e-01 4.029110315880804483e-01 4.166618366543846652e-01 5.059989209206936511e-01 4.892340929930106830e-01 4.863296587079295463e-01 4.683986640505873322e-01 4.771361982974232085e-01 5.070798390299364744e-01 4.891997574480911326e-01 4.649738152527741475e-01 4.748262686841715485e-01 4.622287283678582770e-01 4.886774711130557614e-01 4.950378849108065249e-01 4.878981813775841725e-01 4.922115736581704204e-01 4.904400097862802177e-01 5.048111223351412491e-01 4.950745806730671994e-01 4.963370096914220264e-01 5.051299394780137675e-01 4.995577468910918362e-01 4.911237083778484669e-01 4.937317866308157388e-01 4.910870126858677964e-01 4.952647208225736120e-01 4.895383991227078013e-01 4.980179469656793589e-01 5.043059007619983269e-01 4.797837844690354125e-01 4.891811827241130395e-01 4.879367297529878522e-01 5.039350650122899067e-01 4.906496277403110673e-01 4.958967110290976588e-01 4.895081640771946629e-01 4.962017675523744953e-01 4.985933370424759370e-01 4.873656896117729564e-01 4.954854600424689060e-01 4.977766861517753938e-01 4.953789810834104967e-01 4.932252145750664618e-01 4.929884638406856756e-01 4.906744199352434666e-01 4.951987273216229002e-01 4.978762980136165472e-01 5.076686393747914527e-01 4.980302062473812574e-01 4.908633531444026588e-01 4.821515508960566576e-01 5.050269997873887418e-01 4.977986781544320727e-01 4.974892462561061879e-01 4.915735071516629806e-01 4.954543803123258039e-01 4.934933018667734816e-01 4.985009410119185524e-01 5.022610688994185724e-01 5.016285081359388442e-01 4.900198404319832668e-01 4.986966086206599535e-01 4.953619310290465205e-01 4.998557844272322193e-01 4.986958792314842848e-01 4.985718206083218362e-01 5.070804162690546457e-01 4.983062833426213922e-01 4.992669164572512974e-01 4.994585699572938742e-01 4.971712916123359194e-01 4.928106646308482164e-01 4.930380082259586683e-01 5.006796384433850333e-01 4.927768582232129324e-01 4.959118405065429114e-01 5.001565527056174298e-01 4.959760986236587121e-01 4.983776272419748188e-01 4.967535042241759125e-01 4.981372413454846493e-01 5.042248378334615033e-01 4.971175821776444015e-01 4.909516394412395957e-01 4.944047016453121945e-01 4.992229864027959430e-01 4.955802047124158727e-01 4.968600572244611935e-01 4.935521769423757976e-01 4.938262750566748682e-01 4.980845239247589928e-01 4.997395641619332141e-01 4.952846380689396311e-01
-3.024859258562286740e-02 6.839254045513662450e-02 2.344676575067557167e-01 3.557665028120721162e-01 3.118368099174139152e-01 1.000000000000000000e+00 5.308281089413379172e-01 5.084592023563661023e-01 5.151126054369673524e-01 4.870434214762399128e-01 5.496984808749841855e-01 5.692614842795887808e-01 5.257254518993667025e-01 4.969372940643259073e-01 5.871927852534777337e-01 5.762118691155490025e-01 5.136290410808768137e-01 3.911821907827243150e-01 4.778687758171930589e-01 3.464235440373726327e-01 4.017078172251223878e-01 5.210345653403199995e-01 4.628135927628063695e-01 4.405420520429839670e-01 4.787423196174163120e-01 5.614385539245968504e-01 5.608210890371523316e-01 5.561157313981085482e-01 5.266350899221862170e-01 5.650498860235562137e-01 5.905350364567032440e-01 5.454879014605836796e-01 5.363080369173074402e-01 5.538143712865998269e-01 5.377379968587804315e-01 5.648130555074660775e-01 5.762562339656356336e-01 5.832912853810606757e-01 5.933012156595511843e-01 5.778532703602705656e-01 5.975998062573529834e-01 5.999031662350751137e-01 5.931489136835605969e-01 6.003079324451435772e-01 5.986758614533438383e-01 5.966838028985782527e-01 6.015014055029662687e-01 5.986631751760612685e-01 5.958388870382111957e-01 5.804804552621531943e-01 5.968806994291536716e-01 5.764705645835223047e-01 5.926572123309536977e-01 5.871940461296337732e-01 5.764776000398929012e-01 5.875165995216167225e-01 5.727745995981956550e-01 5.995150601349912289e-01 5.923735595609126436e-01 5.949304884565291829e-01 5.963923677031924830e-01 5.928936159599279554e-01 5.856526111688602487e-01 5.932776196407543168e-01 5.933454012878492945e-01 5.840879611676560446e-01 5.988386983761775362e-01 5.875616154445445494e-01 5.824660963706387307e-01 5.753865521856678100e-01 5.927538104149692177e-01 5.969426911909110345e-01 5.750011415196758513e-01 5.828632249290688350e-01 5.987575616051585836e-01 5.958586211354148787e-01 5.952192483032958670e-01 5.876358490670721135e-01 5.947655995024557773e-01 5.959669382455882181e-01 5.934031446306460289e-01 6.030236300722968679e-01 5.952932805861709253e-01 5.894534615344665385e-01 5.969779263313711448e-01 5.973474879072654398e-01 5.997046646344104115e-01 6.055771841522333832e-01 6.016641814140021305e-01 5.999556907383798432e-01 6.041136083749411023e-01 6.073100775147826091e-01 6.062056717013780682e-01 6.069485030470894715e-01 6.043622474386145527e-01 6.035765563103109299e-01 5.993007369998973877e-01 5.855101210415961654e-01 6.032965732457663544e-01 6.061306637985579560e-01 6.059970749179965921e-01 6.003702522938664243e-01 6.020850787659763892e-01 6.070327674581583732e-01 6.032626309670037212e-01 5.884440985510049904e-01 5.993742087591502621e-01 5.985599316239115231e-01 5.979345485603908550e-01 6.023825437929207771e-01 6.042893071348373057e-01 6.040881252133631918e-01 6.000439031615670826e-01 6.018426258262296047e-01 6.015282899086910051e-01 5.958813416590638123e-01
1.730217091039494906e-02 1.462517939750778706e-01 3.565941508840002050e-01 5.556877347341733220e-01 4.661188562175907490e-01 5.308281089413379172e-01 1.000000000000000000e+00 7.295112835649760763e-01 7.511782683742352917e-01 6.987921791241031855e-01 7.664179783945375135e-01 8.144058964978435622e-01 7.273451586290116122e-01 6.968899469340034125e-01 8.429818533870363506e-01 8.197112853323718085e-01 7.491530381375949288e-01 6.262394545945388913e-01 6.915617592165026473e-01 5.338413252872081793e-01 6.548849612006761856e-01 7.397083373476686097e-01 6.986159430868557063e-01 6.601966370487948321e-01 6.843241048139047100e-01 8.212395600011102026e-01 8.055437076517042438e-01 8.130814179634526795e-01 7.870413860160341279e-01 8.069945760518522082e-01 8.406799572244800789e-01 8.075600812117520455e-01 7.961993899815078546e-01 7.882521669338389270e-01 7.876744312806500670e-01 7.960562947051561533e-01 8.284886442479831858e-01 8.397103058118216001e-01 8.367872507414804151e-01 8.372645607376918431e-01 8.431939763281893763e-01 8.396733344207950589e-01 8.196169302670487378e-01 8.426042558431028340e-01 8.397234304914027447e-01 8.466460731316426402e-01 8.354098310426041341e-01 8.321171189037929183e-01 8.355360999456330484e-01 8.264656779592296498e-01 8.402873034597083679e-01 8.013159560246387869e-01 8.081543499625325477e-01 8.290476904610476483e-01 8.266048091334725623e-01 8.442859050473349170e-01 8.088295339130132655e-01 8.320140068304935355e-01 8.375060169729358073e-01 8.223218190202065125e-01 8.342323159021949319e-01 8.184083378560926825e-01 8.294613562752254365e-01 8.287541812221267401e-01 8.239335573472507113e-01 8.239906279344517692e-01 8.384854886685505493e-01 8.296177454765729653e-01 8.285443426831561320e-01 8.273100975456865180e-01 8.430106211591728016e-01 8.367593033536853131e-01 8.146247719344200666e-01 8.140348755364541500e-01 8.468502300351347101e-01 8.393608287487249742e-01 8.435211905019370793e-01 8.339946415430971038e-01 8.420928694824829641e-01 8.384129168104251795e-01 8.431482565499975879e-01 8.486353174004648281e-01 8.434997343553292115e-01 8.342455969623480128e-01 8.425651353969974000e-01 8.351204868284842764e-01 8.409712350600223596e-01 8.486217329940753951e-01 8.433711330874424927e-01 8.487756927451469702e-01 8.495690354074900696e-01 8.470668781607797460e-01 8.464902657481344628e-01 8.490578061771454355e-01 8.385432105524843749e-01 8.385068304290927976e-01 8.375555215899720407e-01 8.232109949221517731e-01 8.379873718256899418e-01 8.468285717711870886e-01 8.370992450601832946e-01 8.384047620102617060e-01 8.387816101705284355e-01 8.436515246819847880e-01 8.402164997319517825e-01 8.271718638201263074e-01 8.366155117015268150e-01 8.373640573549316901e-01 8.429137863110796047e-01 8.384525529354778239e-01 8.430828992343954997e-01 8.355833215389861790e-01 8.351384439974690599e-01 8.379771418787114179e-01 8.367572455137619603e-01 8.342104205406505324e-01
2.707254756661886183e-02 9.903407534433752990e-02 3.440752712462139540e-01 5.499225076312349580e-01 4.458991697625881989e-01 5.084592023563661023e-01 7.295112835649760763e-01 1.000000000000000000e+00 7.171094122787511349e-01 6.698827875874708848e-01 7.449088383527812107e-01 7.963914071287843122e-01 7.106834693679521253e-01 6.955345603075754335e-01 8.063870495269682692e-01 8.108973555249099352e-01 7.057162584725651389e-01 5.380450606968244509e-01 6.156456586062917236e-01 5.343906149537505090e-01 5.961848775908255016e-01 6.982285966332036908e-01 6.138435837827768138e-01 5.812434914164196220e-01 6.199833555852870548e-01 7.861888420768569086e-01 7.703580892600524477e-01 7.622624300845407541e-01 7.468752931807171036e-01 7.702502380920553948e-01 8.113394467029445556e-01 7.427778976854113591e-01 7.224355618242973565e-01 7.318342410633673634e-01 7.228938101129500637e-01 7.510474946281531228e-01 7.780155553628816945e-01 7.922344983201385915e-01 7.934735246250134155e-01 7.773650848198674357e-01 8.099531859199317063e-01 8.037030951094686904e-01 7.961054751159075682e-01 8.236655726860804272e-01 8.058925219533811246e-01 7.997469917141845075e-01 8.096948299987100084e-01 8.080078055699367878e-01 8.122911789925341131e-01 7.945534541326145783e-01 8.144629091920586594e-01 7.970781406079047171e-01 8.070270127619737499e-01 8.049992806554785441e-01 7.989028596287640616e-01 8.044180188439418178e-01 8.035829354581056627e-01 8.132231877705052847e-01 8.083986251277914814e-01 8.132802867158323012e-01 8.160688255970676153e-01 8.087859444838798595e-01 8.101835422922385455e-01 8.142602743450548797e-01 8.105469822493682752e-01 8.105890778604266655e-01 8.109092218017315279e-01 7.850378988116690770e-01 7.841099736348751126e-01 8.029048304177203166e-01 8.069630608762202728e-01 8.019490169039092953e-01 7.696026129143586081e-01 7.678451935063451694e-01 8.193494621441642645e-01 8.076642516531500338e-01 8.076445368677463987e-01 7.990462800511108910e-01 8.053762980185487086e-01 8.095004408319665945e-01 8.038614260258867272e-01 8.208314368223521562e-01 8.035414554679205512e-01 7.942409075348425551e-01 8.068976690226483672e-01 7.985759103455680741e-01 8.063327226625408573e-01 8.149421060104015124e-01 8.112672323873537650e-01 8.126109564454774281e-01 8.093685293529635505e-01 8.180584388899637682e-01 8.156300714446321765e-01 8.166622189762279271e-01 8.152837525533097596e-01 8.141048064065316003e-01 8.185676282413112403e-01 8.151665716312133103e-01 8.196760537055896023e-01 8.225955491632723771e-01 8.155003958380204754e-01 8.199908940519784473e-01 8.203795960079104388e-01 8.209487859620481220e-01 8.198881707370364591e-01 8.155068700702303719e-01 8.176846177174204033e-01 8.121514641481814012e-01 8.144523141290387347e-01 8.198433971816225796e-01 8.179478169592193648e-01 8.183706163218504859e-01 8.165812149723995494e-01 8.189437619093083986e-01 8.175865100805300711e-01 8.178307918365828044e-01
1.470385009136198906e-01 1.759552411191624699e-01 3.422788306329450636e-01 4.601837826541640419e-01 4.551423546782522034e-01 5.151126054369673524e-01 7.511782683742352917e-01 7.171094122787511349e-01 1.000000000000000000e+00 7.552547941163552103e-01 7.803331073548064323e-01 8.055436635208728102e-01 7.486686047420715306e-01 7.230446088698371243e-01 8.461245525680854973e-01 8.403471809634106560e-01 8.023938621400542592e-01 6.627480620657785204e-01 6.961507403665306848e-01 5.276041886827708138e-01 6.231663525622972433e-01 7.214034082597742259e-01 7.441307326316211057e-01 6.825637545890802516e-01 6.979273078751571102e-01 8.532701198917673757e-01 8.411855401844234859e-01 8.424876131736211970e-01 8.522447746372480148e-01 8.427622616783834175e-01 8.561246518778966585e-01 8.500822771334621830e-01 8.043409256733715651e-01 7.900220674686313505e-01 8.316687613465686413e-01 7.778989074926159208e-01 8.219992611850703845e-01 8.551829692632162416e-01 8.457667084358303500e-01 7.987813474848985962e-01 8.604062477646521323e-01 8.466108561259870768e-01 8.139828889752059871e-01 8.581094270077289643e-01 8.434011146545170590e-01 8.564498695638601555e-01 8.685665858823290453e-01 8.795506524337405319e-01 8.801355918778749343e-01 8.541659770524162587e-01 8.716291015730770475e-01 8.118525692967735186e-01 8.417919812837700855e-01 8.916690485724917403e-01 8.872924992730746308e-01 8.776329872918331443e-01 8.836821894807458388e-01 8.621616018598997622e-01 8.801866472094760363e-01 8.758515062746613511e-01 8.790650265183458378e-01 8.781679103773860628e-01 8.806552004781742493e-01 8.828492411395433281e-01 8.771288476775084275e-01 8.863448236374513733e-01 8.792788659752326375e-01 8.648034021098065516e-01 8.753614455520916104e-01 8.448950750006452015e-01 8.613989069214158523e-01 8.647689959540343363e-01 8.517569625060935623e-01 8.482603463718038084e-01 8.828098094009430019e-01 8.788197777549697776e-01 8.770131630882358476e-01 8.854695202159900136e-01 8.686364855042267852e-01 8.815055683468966397e-01 8.776221614591422915e-01 8.770758725342747697e-01 8.716585694176210986e-01 8.776807627642869702e-01 8.715416005246523490e-01 8.614838685118235695e-01 8.558024109470594443e-01 8.708929622041059471e-01 8.687166360880846927e-01 8.689099880020549893e-01 8.498431359493467951e-01 8.662555047438406097e-01 8.670211608853227725e-01 8.666332554698411572e-01 8.744830302034029001e-01 8.759425447744567661e-01 8.591329331070078901e-01 8.804345285578356606e-01 8.746040149857525758e-01 8.719508923882598461e-01 8.513869891197677342e-01 8.784475519096400786e-01 8.713742995538982239e-01 8.676966135675012737e-01 8.662672066803158710e-01 8.806029834119052380e-01 8.834702412772584834e-01 8.810016796123512073e-01 8.833470779014841456e-01 8.768892110442133569e-01 8.706660758781085141e-01 8.762437653787107372e-01 8.781239814302543856e-01 8.798297863417635645e-01 8.790636740068566990e-01 8.860319961709470782e-01
6.847279003026264521e-02 1.756703127287188027e-01 2.997861830717771792e-01 4.293553107662191892e-01 4.073407423410959072e-01 4.870434214762399128e-01 6.987921791241031855e-01 6.698827875874708848e-01 7.552547941163552103e-01 1.000000000000000000e+00 7.365333240415807836e-01 7.473391432421857550e-01 7.047592672322318119e-01 6.799520698471231972e-01 8.013926621641396242e-01 7.848274922530331654e-01 7.424387706746518045e-01 5.888732501879790915e-01 6.487531930140103542e-01 4.581541123731236453e-01 5.436761583447790036e-01 6.666033342140247342e-01 6.715128080782905018e-01 6.158322900374482156e-01 6.414671903241320194e-01 7.886709495520169977e-01 7.724510173168070981e-01 7.864093648869806552e-01 7.884649287274785312e-01 7.884913696309986397e-01 8.036001478887470073e-01 7.855001960823926321e-01 7.618383817704194039e-01 7.470977884664227187e-01 7.845829711850915711e-01 7.432673989248965718e-01 7.836683088868666713e-01 8.053500899413920111e-01 8.034004850512411755e-01 7.646620240110458822e-01 8.116971535498270773e-01 8.053558183683168226e-01 7.753789649017335250e-01 8.078463887053995984e-01 7.920751997197370553e-01 8.064291808635256631e-01 8.194497968178413583e-01 8.257085097211211977e-01 8.209567587480378625e-01 7.909387529657211369e-01 8.135062212177380792e-01 7.552261398126592917e-01 7.873072224560550003e-01 8.269976056119274777e-01 8.228142707656739274e-01 8.210145040097289737e-01 8.052525853418611712e-01 8.142651572822012795e-01 8.219993435658982106e-01 8.149030822627832960e-01 8.224010617336633411e-01 8.127003542213484533e-01 8.169588443939654887e-01 8.179970643796876661e-01 8.089146861557129364e-01 8.139773862248538272e-01 8.220715534477345265e-01 8.087473988844811057e-01 8.152362482778018338e-01 7.775171824282183231e-01 7.994932833219782209e-01 8.090174702480269486e-01 7.875539599676397717e-01 7.906575486254849849e-01 8.268490702240054446e-01 8.249067649489474352e-01 8.238297617262213546e-01 8.245566841815934467e-01 8.161878832093315550e-01 8.257058250521702725e-01 8.235256394461889506e-01 8.232726772282966676e-01 8.160374584574461299e-01 8.243221926063357685e-01 8.169644414764481999e-01 8.092921838545745761e-01 8.101693484559197023e-01 8.203573935790335891e-01 8.192210403974251598e-01 8.184591527113095344e-01 8.081417988935777341e-01 8.181919895615228366e-01 8.161324440369481792e-01 8.187466694836653680e-01 8.231920552092650833e-01 8.240133209160790395e-01 8.091090375547546065e-01 8.098414872662175190e-01 8.223625930084281777e-01 8.171663707356269235e-01 8.085741497425208424e-01 8.211955882157567777e-01 8.148567784648328427e-01 8.178257929383182523e-01 8.128273535644304770e-01 8.163457131817660750e-01 8.249306856527367504e-01 8.260904757154050593e-01 8.282940697454479473e-01 8.199945534281521953e-01 8.193967966239834588e-01 8.213493550909002350e-01 8.201464386357958380e-01 8.226573914776295071e-01 8.191912490306402228e-01 8.215847645661776832e-01
5.709116185032301304e-03 1.459803706755720965e-01 3.487717993360471835e-01 5.507223175903408485e-01 4.543870652385931241e-01 5.496984808749841855e-01 7.664179783945375135e-01 7.449088383527812107e-01 7.803331073548064323e-01 7.365333240415807836e-01 1.000000000000000000e+00 8.512958944142265949e-01 7.695130587242039466e-01 7.373999206328050171e-01 8.670263287940905839e-01 8.598563014542793814e-01 7.876453617678569330e-01 6.201504405872008130e-01 7.167224770536465561e-01 5.235091587893220266e-01 6.283998715640016774e-01 7.707894887876279855e-01 7.022159572078821022e-01 6.599590795578331726e-01 7.081024298321020316e-01 8.402761279781999493e-01 8.356788467499708384e-01 8.319371678817976123e-01 8.100273310685809358e-01 8.447083450942818317e-01 8.746078753864772182e-01 8.290607974817904013e-01 8.133141166996950000e-01 8.256511791086416086e-01 8.200947908550180188e-01 8.321987879857036807e-01 8.586497098605266887e-01 8.674859164281392143e-01 8.747971251270091342e-01 8.499674151916375431e-01 8.802090005008993412e-01 8.838095656178307502e-01 8.707909978818405561e-01 8.880566968053507093e-01 8.763745739280206504e-01 8.764789264148397097e-01 8.842372678229396543e-01 8.865643687647388749e-01 8.862104948084116307e-01 8.621407544718587834e-01 8.817695589182340532e-01 8.506326858235548904e-01 8.694691902596666244e-01 8.781185396136250709e-01 8.679468613112345521e-01 8.799553659255603399e-01 8.635395128421602395e-01 8.837721480459763690e-01 8.819041837031340592e-01 8.812474160996579542e-01 8.877163938772643093e-01 8.792449429414010975e-01 8.783566731785610315e-01 8.831010912087391418e-01 8.812251599553856396e-01 8.762298370064836028e-01 8.877709885916910126e-01 8.746252388087466523e-01 8.691456767098821867e-01 8.571614680082714210e-01 8.813562772317564686e-01 8.826068270319253894e-01 8.537133776603336166e-01 8.556598800260460935e-01 8.912902588170612539e-01 8.857405710565179335e-01 8.856539327578742959e-01 8.794678023139251843e-01 8.835786754831272960e-01 8.858811207948538158e-01 8.850682653969182967e-01 8.923883341925659130e-01 8.849268212776748577e-01 8.831478780041489562e-01 8.874731357522719355e-01 8.847489620419997092e-01 8.879087178536888558e-01 8.917194632056950621e-01 8.924623994312750330e-01 8.882313454806245456e-01 8.901598175590471618e-01 8.940325069809060832e-01 8.925607553890186896e-01 8.935277125356859695e-01 8.908373255042194572e-01 8.920443346904238791e-01 8.865021765192451220e-01 8.776834368965463762e-01 8.905371053242309154e-01 8.945200926657250751e-01 8.909883704009977645e-01 8.897561250550328760e-01 8.912909439222549413e-01 8.936676467065474139e-01 8.921522958331131736e-01 8.811071006642153813e-01 8.901268463556996080e-01 8.902310695462483103e-01 8.903759686501699910e-01 8.912125620628527090e-01 8.916307723131718932e-01 8.913510928081469498e-01 8.894527262008178337e-01 8.919787911975005645e-01 8.897673050411465390e-01 8.879733851668468736e-01
4.254241232062686527e-03 1.104950889487368859e-01 3.709506822680138649e-01 6.110552507513161702e-01 4.859810537685470000e-01 5.692614842795887808e-01 8.144058964978435622e-01 7.963914071287843122e-01 8.055436635208728102e-01 7.473391432421857550e-01 8.512958944142265949e-01 1.000000000000000000e+00 8.029207892218112042e-01 7.731224380585021150e-01 9.049148369622742605e-01 9.001335358955665500e-01 8.215717394127317608e-01 6.197437708847994831e-01 7.210795818162498705e-01 5.926800856028607845e-01 6.679482708397573854e-01 8.093184954803769315e-01 7.126354435446820013e-01 6.776794738654852157e-01 7.253528737770762458e-01 8.725708799302739349e-01 8.670884536868832537e-01 8.516234419452478610e-01 8.260848762732373451e-01 8.623722436107573719e-01 9.183403666166931600e-01 8.475275406948838963e-01 8.243818642623823578e-01 8.519004939424501543e-01 8.228242859473138271e-01 8.706913658741762818e-01 8.893910986096134064e-01 8.984122136382906021e-01 9.043766805105806217e-01 8.869575669485241232e-01 9.175589656512472825e-01 9.132142476472554504e-01 9.079733852382328996e-01 9.279411531094537979e-01 9.132676327393873805e-01 9.063664629368484160e-01 9.216025883973044674e-01 9.172186662114149014e-01 9.214836982849405889e-01 9.001535815355955483e-01 9.161632865086017929e-01 9.088547781548543814e-01 9.165522115989243046e-01 9.079602967308336714e-01 9.021830419248781929e-01 9.095353154045192623e-01 9.072296664812184996e-01 9.216758657233942165e-01 9.174125512864613752e-01 9.235876169254120249e-01 9.240700648449378107e-01 9.178259286652160620e-01 9.180260131237708565e-01 9.202631514795117651e-01 9.179779798786478207e-01 9.157235618635669594e-01 9.202304035542501204e-01 8.972414845978462505e-01 8.934241725363414321e-01 9.087078584971316486e-01 9.162335646296703162e-01 9.154843152357036162e-01 8.841602535682939745e-01 8.819037315345262806e-01 9.243936442481736071e-01 9.164002625266859381e-01 9.126721734456744173e-01 9.047292971250084914e-01 9.137037546200114102e-01 9.133227389120754935e-01 9.116039287162015503e-01 9.294100311839310624e-01 9.168863865601761809e-01 9.045054286674144572e-01 9.175502554756427287e-01 9.166530823004960249e-01 9.223624469899773803e-01 9.263940715200671416e-01 9.227710207095412009e-01 9.213178756285066440e-01 9.209490396917557886e-01 9.271720452216439812e-01 9.279413614928063714e-01 9.267017982200187465e-01 9.258135765619048829e-01 9.241334012236686046e-01 9.226572291128138925e-01 9.163968751277694613e-01 9.258763672409968670e-01 9.293275158571022709e-01 9.247462912618255038e-01 9.270873678655733308e-01 9.301170472151604196e-01 9.293233047898377119e-01 9.321626856346373335e-01 9.200123413543398465e-01 9.257273863753811005e-01 9.214135565996548483e-01 9.212049231092755974e-01 9.278550090164573438e-01 9.281881957444652054e-01 9.282694749425008940e-01 9.264653713189993089e-01 9.260077259546884987e-01 9.256314710321215111e-01 9.248376490981338183e-01
-1.049817866898882131e-02 1.235559373836148944e-01 2.987176241738881965e-01 4.874949849528936174e-01 4.384177814282070873e-01 5.257254518993667025e-01 7.273451586290116122e-01 7.106834693679521253e-01 7.486686047420715306e-01 7.047592672322318119e-01 7.695130587242039466e-01 8.029207892218112042e-01 1.000000000000000000e+00 7.094548923671404328e-01 8.348346495619924923e-01 8.292704858581870786e-01 7.459752861669954882e-01 5.503681471104556744e-01 6.584559971344499107e-01 4.982577464305584236e-01 5.562698710026759974e-01 7.135110185800866978e-01 6.492565439654042203e-01 6.153926859118001857e-01 6.596119949595885545e-01 7.938097702090132213e-01 7.920141621114192843e-01 7.859394020347213461e-01 7.649394710766364014e-01 7.986856522929429714e-01 8.340778437005472723e-01 7.755291708930199812e-01 7.486717883667015627e-01 7.654630278066175686e-01 7.663448625475409726e-01 7.869095313966855132e-01 8.218896967999593794e-01 8.155486605877693140e-01 8.276205637594412634e-01 7.971544278419312457e-01 8.440084484278196353e-01 8.456803010383122654e-01 8.445474438227702496e-01 8.533394888602747752e-01 8.360332277178780247e-01 8.351929138084459581e-01 8.556828772820439521e-01 8.543564051504055623e-01 8.457514027776923404e-01 8.043105328515942620e-01 8.336454912149390273e-01 8.162427829445252359e-01 8.420585388535704041e-01 8.448241129378691872e-01 8.270865206876314435e-01 8.388173268602741040e-01 8.235745458797849583e-01 8.530454939332668962e-01 8.416670366409070292e-01 8.594299766923944039e-01 8.547399696003663561e-01 8.494359780409590499e-01 8.381282735726484079e-01 8.466334441164841129e-01 8.465614559341894108e-01 8.393365177238631958e-01 8.527275874826577562e-01 8.332397252855572312e-01 8.271412188949416322e-01 8.202894833234226635e-01 8.374437816372181098e-01 8.423217195494324683e-01 8.120750455928259504e-01 8.202910876986920785e-01 8.542867850107696004e-01 8.519788735995931228e-01 8.486839582784243552e-01 8.404729597796832818e-01 8.422160250213676091e-01 8.504975799283353011e-01 8.454381122839924600e-01 8.580417856910557139e-01 8.403025200172524745e-01 8.401662668062491734e-01 8.415440390045894059e-01 8.429869727472095731e-01 8.513131384433793025e-01 8.533732202988245641e-01 8.532178049264281805e-01 8.518732779137648814e-01 8.488064401262098713e-01 8.610555179356098598e-01 8.573640743186694557e-01 8.573970075091118526e-01 8.607152101190976845e-01 8.605251949469463479e-01 8.457524762152716091e-01 8.312900456623458778e-01 8.573353707459359097e-01 8.569360472331315481e-01 8.616326544452412861e-01 8.523244380959748012e-01 8.586384587926412237e-01 8.621830998476840424e-01 8.538715575268946978e-01 8.448415791925308893e-01 8.533698984721181935e-01 8.573542606163233604e-01 8.543044147626916995e-01 8.593668649065215881e-01 8.597910369386958518e-01 8.622145404753210896e-01 8.570799564195517029e-01 8.556204582824302740e-01 8.547049669581034959e-01 8.524027071043730475e-01
