1.000000000000000000e+00 8.175802194290272829e-02 6.456126193090812315e-02 4.995105023473255142e-03 3.895367226580241649e-02 -1.326566287164039799e-02 -1.728063658031845848e-02 -3.350744878360286533e-02 6.987658484193329245e-02 1.987247094044659185e-02 -9.133111731028580949e-04 -7.544739876538947287e-03 -1.936295003666059413e-03 -8.089092815969450845e-03 -1.256742619692769901e-03 -1.963454314231827952e-02 6.289314041485297158e-02 7.135757129770604369e-03 4.028019553500623157e-02 -2.989925596242172176e-02 -3.139961326096488842e-02 4.129805029403931654e-02 5.307296498719620698e-02 4.936300806777170480e-02 5.005549559689739803e-02 4.692795449338633962e-02 1.879473818146450495e-02 2.510518283531504649e-02 3.914094840502954642e-02 2.183205614588912963e-02 2.107861599132575953e-02 5.106416087582101720e-02 4.483478171349772334e-02 5.781633404856557912e-02 2.456944980952757707e-02 5.088083285166945802e-02 3.280099154350983592e-02 1.828681284232239190e-02 2.319959351731286715e-02 1.275372133826075706e-02 2.248620799922331631e-02 1.228415891197556092e-02 8.589936882786870787e-03 1.034474656531974256e-02 1.588733090920298185e-02 5.487281761372609810e-04 7.179106108700379629e-03 8.130879662166703992e-03 2.292011124897912894e-02 5.420936020641091424e-02 2.170335256132531476e-02 3.695877811913691330e-02 1.234715190010062663e-02 3.098077887990906363e-03 1.681123608699029628e-03 1.718024323863056799e-02 1.529032839592380996e-02 -2.240215401211994879e-03 -8.817503421124479879e-03 3.570432012099554117e-03 1.362816152239137079e-03 -1.933571859250634781e-02 -1.031791237446355071e-02 1.511368182012464215e-02 3.292378219756650348e-02 1.072568110743240752e-02 1.291520742705962871e-02 1.200198028100202784e-02 2.161490215007152993e-02 -1.218181404614713734e-02 5.416135489983590033e-03 1.587863614575871912e-02 9.707361970556294475e-03 1.275638783836368154e-02 1.620437764256596469e-02 8.993267221275785123e-03 7.936228981859583254e-03 1.283944986236019124e-02 1.369167046418429991e-02 1.063848699820498650e-02 1.781481777217470280e-02 5.943065347550044279e-03 3.178871246864891503e-02 1.297040130165159899e-02 2.551777512301990625e-02 1.895645919044379457e-02 1.746412364231776995e-02 1.705271624730806540e-02 1.166785431281786717e-02 1.581585691759511761e-02 1.493797920502829349e-02 6.092611863394486495e-03 9.487974953970435346e-03 3.918707134562801446e-03 3.790292965211059743e-03 8.078725144117152382e-03 3.259842893616374943e-02 3.952350985499018116e-02 1.036193790323269512e-02 2.419644101685415605e-02 8.724348049797405608e-03 1.037776034503409828e-02 1.051719623206400986e-02 3.747124700592989986e-03 2.175246694585234591e-02 1.537690207137516404e-02 1.563138336802763484e-02 5.512455374384817725e-03 1.123321553056024456e-02 8.285148332619941131e-03 6.020692696262706575e-03 1.860140983293700893e-04 -1.499484609707801537e-03 1.120578311852177614e-02 1.895466516200321194e-02 9.803662883265340522e-03
8.175802194290272829e-02 1.000000000000000000e+00 3.039766618686070426e-02 1.148292096895133819e-02 5.779190125192298910e-02 4.990251043246628909e-02 1.004290731404453019e-01 1.008197570520289327e-01 1.401772878040919712e-01 1.667126382887703373e-01 1.150166289732549446e-01 1.047714492938658370e-01 1.313754514371170967e-01 1.115986115373101689e-01 1.344975717250718739e-01 1.398983379858045883e-01 1.481442233781262718e-01 9.780832559480154287e-02 1.474399426966139792e-01 6.439102288218681580e-02 6.900018709757617386e-02 1.242308361250871046e-01 1.521165931480078504e-01 1.111928113118997724e-01 1.335168860178475025e-01 1.545235606062179967e-01 1.503931180090167796e-01 1.451766279202274246e-01 1.404922833635982582e-01 1.604337636985410653e-01 1.559740240799371014e-01 1.594174630104245871e-01 1.740345886796767494e-01 1.590917302389436849e-01 1.621758585848360745e-01 1.704662964735986497e-01 1.690933984509699062e-01 1.585223879887085463e-01 1.647708256116321157e-01 1.639021997595065949e-01 1.538546258982055881e-01 1.460423312368069049e-01 1.548213797782100332e-01 1.497582648008969897e-01 1.414815294661678213e-01 1.472374421513946430e-01 1.420039246347650219e-01 1.492478817918943546e-01 1.503093822802345492e-01 1.596489601633053756e-01 1.524461078793856450e-01 1.192512715401088386e-01 1.227208929025487560e-01 1.439218402006251507e-01 1.350644840977772154e-01 1.525706542985252323e-01 1.246255814323201094e-01 1.383401235573323562e-01 1.357835250297902419e-01 1.389421499847905417e-01 1.395392126916996933e-01 1.348814765171816032e-01 1.429186586757816291e-01 1.538617806261814158e-01 1.380952358716130701e-01 1.310447227023816275e-01 1.496075052508611114e-01 1.396811566505981039e-01 1.530186431810489356e-01 1.248945564502987049e-01 1.388343116505272867e-01 1.457114405560185622e-01 1.298582595869397505e-01 1.352741704418070900e-01 1.534801604723709245e-01 1.526955421855371586e-01 1.547777491744670997e-01 1.490215820027470939e-01 1.514604055540621497e-01 1.510271923184948184e-01 1.528613802840772529e-01 1.465979146857552817e-01 1.606413506835998872e-01 1.582894046961250689e-01 1.541574605307959589e-01 1.547654613327332229e-01 1.559780089050491203e-01 1.526440482580204983e-01 1.559940610725246701e-01 1.497625076663109400e-01 1.589268536620129790e-01 1.480054744977771786e-01 1.493740110334960958e-01 1.484416371097143361e-01 1.424333651295860148e-01 1.467390955646231399e-01 1.401910113525487167e-01 1.401041790556532551e-01 1.375763153358811886e-01 1.426917904804983206e-01 1.473010115600982828e-01 1.398739937683452506e-01 1.328359140395142801e-01 1.404719889354495710e-01 1.420914648536081848e-01 1.318396931838975439e-01 1.437882209619351648e-01 1.496272861209169969e-01 1.448342247851094333e-01 1.398773231811603623e-01 1.401146129684874841e-01 1.405334950167366204e-01 1.356452268609518175e-01 1.459151354733615458e-01 1.460465972413741154e-01 1.314336301754843173e-01
6.456126193090812315e-02 3.039766618686070426e-02 1.000000000000000000e+00 3.119975123004444240e-01 1.841579065861239095e-01 2.203685032159087842e-01 3.027659480982559659e-01 3.196645296254527202e-01 3.586224686284540386e-01 3.104686290133527593e-01 3.417805289095198207e-01 3.744637864112679848e-01 2.991796452463431621e-01 3.251809099057087482e-01 3.528879850821264874e-01 3.422429856301728579e-01 3.568318222212129021e-01 3.629199144090535234e-01 3.846583152225795388e-01 3.397229316749917905e-01 3.502633683233666861e-01 3.904300790293893653e-01 3.547101888493064958e-01 3.695813726531332888e-01 3.796592757001524543e-01 3.745083141321772224e-01 3.593587097810712616e-01 3.714764770369880509e-01 3.520731259636509236e-01 3.647315997690054323e-01 3.733191212631282729e-01 3.781104867095007593e-01 3.419253303140882272e-01 3.746479612921614355e-01 3.444686841203741801e-01 3.681492403904506050e-01 3.557913499464343543e-01 3.745172899363631291e-01 3.718641281770043161e-01 3.655892434834118743e-01 3.680300484593190258e-01 3.762001948125931472e-01 3.716503464267300050e-01 3.789717267621022234e-01 3.751996031853614411e-01 3.667228107242730961e-01 3.696779462177152142e-01 3.681813539471747165e-01 3.752918375314823196e-01 3.828665460706163759e-01 3.847950256470547004e-01 3.790817024555546699e-01 3.729571777036650992e-01 3.618240443082517688e-01 3.622812322684752506e-01 3.776781730112961366e-01 3.671291487642727724e-01 3.658491897647259683e-01 3.662233554241898226e-01 3.704073751284920890e-01 3.677731607629790567e-01 3.546396040909164937e-01 3.564976754769410561e-01 3.754913816176994601e-01 3.788183175748557341e-01 3.704575328217569186e-01 3.749789744591582874e-01 3.833886214194652253e-01 3.777189078351371743e-01 3.805935999679627701e-01 3.863593382681535515e-01 3.842738375452730004e-01 3.770996510110301014e-01 3.826197491097156900e-01 3.744984983221431030e-01 3.743047575497690516e-01 3.691411790716184194e-01 3.691267502999143746e-01 3.729547277353334467e-01 3.660876872110907509e-01 3.707469928694706596e-01 3.744993450428641402e-01 3.784036503794654949e-01 3.646971225322288568e-01 3.768888928648227443e-01 3.787884175204080384e-01 3.737899823728463855e-01 3.780142085831623144e-01 3.733047961389413527e-01 3.736713173805247812e-01 3.730631683267086052e-01 3.747844183549556285e-01 3.759278381694383109e-01 3.715987493750202986e-01 3.719370459340178292e-01 3.705394227529715812e-01 3.826108289625674841e-01 3.842504181774618055e-01 3.749119395327491500e-01 3.843747145968466339e-01 3.775979489574776693e-01 3.754146105866896788e-01 3.801044739834738562e-01 3.776028545591060825e-01 3.853338829527969134e-01 3.710713030068144569e-01 3.747798185359330625e-01 3.662150239003655328e-01 3.704737537174682127e-01 3.733769397548451496e-01 3.720029209350845245e-01 3.705636997485029505e-01 3.663957946034721025e-01 3.742117871920205285e-01 3.775989104594038026e-01 3.736558015641412989e-01
4.995105023473255142e-03 1.148292096895133819e-02 3.119975123004444240e-01 1.000000000000000000e+00 3.358073113347245231e-01 4.226827363900640400e-01 5.562987814450871538e-01 5.416318679955935966e-01 5.497116301893802959e-01 4.639653839691021964e-01 5.691398649413453859e-01 6.452073027657880822e-01 5.244076560289337996e-01 5.360242638008668736e-01 5.979696403125530635e-01 5.884750506351628108e-01 5.513020354268187706e-01 5.276339168445295380e-01 4.975491936314225816e-01 6.521450528894685572e-01 6.416248336019122478e-01 5.487690904975691675e-01 5.042857260175351852e-01 4.976811822311410505e-01 5.011265439067054128e-01 5.233110793718307452e-01 5.619918607480614003e-01 5.298158142947222426e-01 4.878395753933166823e-01 5.381548351895779625e-01 5.616763591860891580e-01 5.652291158227830126e-01 4.479358691014753147e-01 5.303100665284915527e-01 5.056487867766923383e-01 5.422383628513732790e-01 5.320934633915410661e-01 5.655394585099043914e-01 5.565598405376077640e-01 5.322104605995915394e-01 5.708144178273472091e-01 5.733892908483976258e-01 5.735234276408271992e-01 5.902106210249130624e-01 5.801627158037357956e-01 5.641653918026012793e-01 5.943231760875231640e-01 5.857823111841835573e-01 5.967573448447323070e-01 5.780523230144098967e-01 5.921459090309425521e-01 6.335468121349622228e-01 6.179576701883636725e-01 5.747537502229754791e-01 5.764998285723965665e-01 5.679932347015828054e-01 6.050525204336784091e-01 5.875143699838495381e-01 6.002371528588947847e-01 5.995916688576667930e-01 6.017896181079603890e-01 5.873805913663815437e-01 5.789262814888517239e-01 5.986144708192439046e-01 5.998552784176388597e-01 6.121715956379571999e-01 5.941775477367712277e-01 5.975286775926170746e-01 5.776497742916038014e-01 6.306656284662827128e-01 6.006653607980410037e-01 5.805311686288214812e-01 5.754467942671221969e-01 5.822740217426034537e-01 5.737682600424119927e-01 5.809162414398169050e-01 5.644824485297604832e-01 5.583180575283680502e-01 5.666704815095510162e-01 5.726585022351630139e-01 5.735773394643609580e-01 5.872965860841791175e-01 5.784620741325298132e-01 5.548040326240202269e-01 5.692777042932753995e-01 5.728931220010109460e-01 5.782976672379196437e-01 5.767167084975524105e-01 5.760428430648596443e-01 5.749087706197443248e-01 5.690712764161216519e-01 5.857568935571755286e-01 5.856827772874713123e-01 5.861715535080388451e-01 5.985905122848999005e-01 5.885092786181618241e-01 5.948931065965167297e-01 6.093620789623447331e-01 6.043312351756509049e-01 5.958131841063390999e-01 5.903190281515505733e-01 6.033425969437195002e-01 6.103895365339593315e-01 5.980623685946986345e-01 6.150826653567165181e-01 6.049303197724069658e-01 5.961725616181374754e-01 5.777243258985678143e-01 5.828093773276494804e-01 5.971516393557582125e-01 5.957155987629608740e-01 5.976178332270508653e-01 5.980053130948109752e-01 5.976059504136654876e-01 5.959544890485980462e-01 6.176929921138556434e-01
3.895367226580241649e-02 5.779190125192298910e-02 1.841579065861239095e-01 3.358073113347245231e-01 1.000000000000000000e+00 3.045581055350556898e-01 4.321141681385309852e-01 4.225232781297988960e-01 4.026987348697091962e-01 3.404843181172054201e-01 4.204962264275671768e-01 4.426120989716877396e-01 4.211862939525505833e-01 3.836929541622954298e-01 4.473574085897021879e-01 4.529836840626972894e-01 3.941247684203564305e-01 4.170324330892138387e-01 3.901296302350970024e-01 4.615421150139573103e-01 4.631423376452029061e-01 4.108387811537864143e-01 3.776207808546623301e-01 3.947787282098264017e-01 3.874433205682628611e-01 3.921927490978391329e-01 4.054535363341672527e-01 3.926655217202613124e-01 3.630136975933151433e-01 3.926546925372414454e-01 4.207518604815132512e-01 4.184281020879505597e-01 3.270730443490577066e-01 3.999548958809966970e-01 3.754434147366592645e-01 4.025191207529172366e-01 4.055561730640362406e-01 4.111113815783563052e-01 4.180350774636489852e-01 3.943251938660747302e-01 4.253235526427199820e-01 4.251278363963212903e-01 4.389057121651641080e-01 4.373969234807070783e-01 4.227164548866523819e-01 4.220120364660530643e-01 4.323508127085218811e-01 4.256739197503279781e-01 4.271474354096503334e-01 4.196319180396849147e-01 4.359400922095851283e-01 4.551540133849322212e-01 4.444787274334683347e-01 4.204469927879940783e-01 4.184457233832902801e-01 4.184591332659514662e-01 4.307274850405401478e-01 4.254674636641656571e-01 4.309684864607601917e-01 4.363116557615138724e-01 4.363582696641944425e-01 4.277677799858914942e-01 4.281116139610470217e-01 4.384568298656058016e-01 4.348081566102281470e-01 4.382631579711420700e-01 4.348830894611661613e-01 4.410408475344986812e-01 4.283827075547367857e-01 4.545833483638123673e-01 4.448926825023382658e-01 4.270705021110141608e-01 4.273707932938868859e-01 4.348933134572671166e-01 4.222326577184797869e-01 4.287454867701817052e-01 4.186254887345759457e-01 4.105887468910591198e-01 4.172539439212212820e-01 4.184059418488362825e-01 4.236375836501265479e-01 4.311094837336577612e-01 4.212125911011308510e-01 4.111682123016502932e-01 4.184861457984090372e-01 4.252826509515703624e-01 4.265946983943977311e-01 4.230578103894371278e-01 4.242384436965189742e-01 4.176440360107768757e-01 4.187595224120171933e-01 4.288384250328704517e-01 4.285173579247297249e-01 4.307438452373015259e-01 4.308043844758241980e-01 4.285717917222044981e-01 4.230347223202731155e-01 4.287860166717235577e-01 4.321980404443676038e-01 4.307721857917438113e-01 4.336115253271594638e-01 4.323847216225588652e-01 4.398175390090599546e-01 4.358389385256131732e-01 4.416600724953513302e-01 4.278044312928914183e-01 4.279051771194657960e-01 4.251787192751196875e-01 4.255206548732964333e-01 4.310327792240534750e-01 4.277505746345446891e-01 4.329097465658260369e-01 4.312662864329853130e-01 4.312917723433457029e-01 4.345643466276517541e-01 4.402737723204119269e-01
-1.326566287164039799e-02 4.990251043246628909e-02 2.203685032159087842e-01 4.226827363900640400e-01 3.045581055350556898e-01 1.000000000000000000e+00 5.387282406746815022e-01 5.070601582074402147e-01 5.478054268987340159e-01 4.728104387019712029e-01 5.646917310524837141e-01 5.918543137167202595e-01 5.249197460534589244e-01 5.163643845542811306e-01 5.873752599085131365e-01 5.775698565573544885e-01 5.320056631006458980e-01 5.045105245724420540e-01 5.177123318178212807e-01 5.157988569279818858e-01 5.217647695266960373e-01 5.425526108839070494e-01 5.079851368055513516e-01 4.826189368463983387e-01 5.134186456852088964e-01 5.668279807161461514e-01 5.666611939189150071e-01 5.635933857691527438e-01 5.489512430523643127e-01 5.717197378779823591e-01 5.894799305007205614e-01 5.677868276944284531e-01 4.992001037037353539e-01 5.365639011117825374e-01 5.477459398688695469e-01 5.303538408259109715e-01 5.536115338391977003e-01 5.878695291642526133e-01 5.788155965722769913e-01 5.641422648118203931e-01 5.901279671230684754e-01 5.925811112438750250e-01 5.862370485330457015e-01 5.997427206623434648e-01 5.930999025835751448e-01 6.006992205366991078e-01 5.976425827462072959e-01 5.989133976537103221e-01 6.027219547391636789e-01 5.740726474801163270e-01 6.004776690379295401e-01 5.744341677587680994e-01 6.001965959802152417e-01 6.043588989526155197e-01 6.136284008106317467e-01 5.986469167152455029e-01 6.150819228109841719e-01 6.037844738932001132e-01 6.185850928765970203e-01 6.041064792794197391e-01 6.085913143530060632e-01 6.069113872335279991e-01 5.981151252535540364e-01 5.984783288301750437e-01 5.981023146378493527e-01 6.054410746581692093e-01 5.945486045900240102e-01 6.033311855619574171e-01 5.910344948253355435e-01 5.957630735829103630e-01 6.013780440723115461e-01 5.973340032774149266e-01 5.800053024943219171e-01 5.870580866805039655e-01 5.965693019966180621e-01 5.948982078453236566e-01 5.866746434398659726e-01 5.927661317278820619e-01 5.901762904921682429e-01 5.946463674168204205e-01 5.907900501351304179e-01 6.030969433372003197e-01 5.890541404696374439e-01 5.831395448583122088e-01 5.867952938942350150e-01 5.847284146481627198e-01 5.867087847305823001e-01 5.920409270067233942e-01 5.962190131229119228e-01 5.957230571190853530e-01 5.865878037700357206e-01 5.968036146600762537e-01 5.938743411946534323e-01 5.983283529916868515e-01 5.999629716347271158e-01 5.982141737426098782e-01 5.949545682866631546e-01 6.009050066638529364e-01 6.012702226919660609e-01 5.976165554913450695e-01 6.000073854839366172e-01 6.060788907584281349e-01 5.992906459977505040e-01 6.042207023836033697e-01 5.985892911868385680e-01 6.090928444841334777e-01 6.039211730989398896e-01 5.956138469073022357e-01 6.024919077735382267e-01 5.975041576443985702e-01 6.016989328436523898e-01 6.015745373109747662e-01 6.053414038461304436e-01 6.011085086366323438e-01 5.993684555441995965e-01 6.051729759819507448e-01
-1.728063658031845848e-02 1.004290731404453019e-01 3.027659480982559659e-01 5.562987814450871538e-01 4.321141681385309852e-01 5.387282406746815022e-01 1.000000000000000000e+00 7.047159150451262066e-01 7.076449844012815404e-01 6.642977750506514623e-01 7.377214571799054488e-01 7.938389172339482824e-01 6.935477412205296455e-01 7.065249179287552694e-01 8.347829932681340992e-01 8.060256977528842404e-01 7.130201695095250702e-01 6.782000847594619186e-01 6.999638312508058569e-01 7.436978773602789250e-01 7.398040247683261850e-01 7.198703879558606689e-01 6.658572596849556824e-01 6.386895584401663939e-01 6.628015336971757598e-01 7.309610594959625729e-01 7.416173490713227068e-01 7.310369218034425964e-01 6.861316129220461635e-01 7.471837724964441874e-01 7.813353414205685965e-01 7.579562346198103207e-01 6.518635148431058957e-01 7.224158200214008119e-01 7.251858237255897066e-01 7.374010191742281783e-01 7.490901481834649767e-01 7.868690750420783697e-01 7.877562086137925856e-01 7.595361199682034714e-01 7.856100202793607767e-01 7.961388063695721273e-01 7.971246007889565277e-01 8.048231017075542226e-01 7.869558902406451617e-01 7.929157969671575268e-01 8.059758489128606707e-01 7.986112445280010297e-01 8.002421056756564566e-01 7.671885810276499740e-01 7.970709042356812768e-01 7.735611346220935269e-01 7.957787009785532994e-01 7.858964506387551285e-01 7.901454748262319860e-01 7.880402540066347994e-01 7.811068926376197874e-01 8.018112705559596876e-01 8.019771851467754065e-01 8.008906030441057533e-01 8.067811160163105288e-01 7.995334957367620232e-01 8.005295515635023618e-01 8.036183079177228183e-01 7.888379377128860170e-01 7.979210918054445711e-01 8.043300692514432360e-01 8.044031360869359215e-01 7.893330514797509689e-01 8.157739784384684389e-01 8.081544160051625791e-01 7.961739799664900863e-01 7.728284096376222267e-01 7.806508380125449786e-01 7.959991498600461624e-01 7.986116072918935105e-01 7.887514181300545602e-01 7.751684042852938772e-01 7.904151127466655380e-01 7.864278735143084287e-01 7.865366455994093897e-01 8.011464979753831761e-01 7.924869043209311625e-01 7.798705844844466828e-01 7.913077972207557265e-01 7.878818793576938262e-01 7.932019224017098358e-01 8.009177419398869624e-01 8.019902904119278197e-01 7.985735389850466825e-01 7.969779515590560415e-01 8.067636863231062438e-01 8.027840480421660763e-01 8.069690745948113753e-01 8.070659671245080657e-01 8.051976556965291243e-01 7.939477377948916947e-01 7.909639141544602126e-01 8.078441397797301304e-01 8.046399843269151919e-01 8.081940503853850544e-01 8.067926454027594119e-01 8.065806621397572096e-01 8.085921988615730749e-01 8.055249917479334609e-01 7.948264343991523484e-01 8.044353949284147598e-01 8.022913704826414305e-01 8.043066089697287202e-01 8.055811268294215122e-01 8.076993574620957572e-01 8.065903121784769869e-01 8.054683322922181476e-01 8.064124064818096738e-01 7.997154138594252393e-01 8.017651315623658403e-01
-3.350744878360286533e-02 1.008197570520289327e-01 3.196645296254527202e-01 5.416318679955935966e-01 4.225232781297988960e-01 5.070601582074402147e-01 7.047159150451262066e-01 1.000000000000000000e+00 6.829964557315728602e-01 6.376073961681192337e-01 7.171950097053647610e-01 7.705344820130232142e-01 6.689122986340176880e-01 6.710640063442286918e-01 7.822148291457287073e-01 7.750539419877197078e-01 6.890669169603419464e-01 6.629412493386022120e-01 6.824828358837582432e-01 7.038813144198781124e-01 7.165553127473810457e-01 7.006215426375200783e-01 6.435354422166026378e-01 6.318035624672433404e-01 6.462615973083706278e-01 6.982021907629465396e-01 7.173258182312380882e-01 6.983333317766647896e-01 6.658090739385656986e-01 7.247570560120323302e-01 7.542008131081903155e-01 7.329677678690490472e-01 6.286874330673630773e-01 6.956124649524346726e-01 6.991595113732363975e-01 7.024662146427975706e-01 7.172870951081793400e-01 7.591968780261401095e-01 7.539036070534740341e-01 7.274691500269457878e-01 7.540893163984053738e-01 7.624815945152370045e-01 7.713756734065148057e-01 7.763773098705043507e-01 7.604622043412652133e-01 7.674444051731176275e-01 7.752957894265117833e-01 7.715797071866919987e-01 7.687134903433510136e-01 7.379492472094381084e-01 7.707470241884747386e-01 7.519988433103443892e-01 7.714118945975037001e-01 7.683949448229927537e-01 7.697902948131135625e-01 7.569463653100368949e-01 7.705920367429558437e-01 7.778733886120942076e-01 7.815299386541336712e-01 7.787926668809043163e-01 7.831197716683556687e-01 7.811154811259360953e-01 7.779054427678895323e-01 7.764311428514628632e-01 7.696891071620659552e-01 7.800860114766212661e-01 7.755141305582498035e-01 7.770143426114924923e-01 7.647495848992117429e-01 7.843084373827444722e-01 7.811007640767181348e-01 7.693869941790996148e-01 7.545847184724184809e-01 7.541306563294761789e-01 7.652242865848957187e-01 7.666982284125730684e-01 7.572590732939837865e-01 7.498384807330972235e-01 7.578179697775293544e-01 7.586201291110832301e-01 7.592443538162673144e-01 7.720658469743785224e-01 7.628960483800365511e-01 7.537977357190203120e-01 7.580926992180477830e-01 7.614737790710657261e-01 7.619516194843029000e-01 7.681724646582119842e-01 7.706664165570461522e-01 7.699098651912852365e-01 7.621633237331815192e-01 7.729915151960101705e-01 7.710046200456662779e-01 7.770191831589249309e-01 7.769316239266708113e-01 7.740646847213871196e-01 7.603784280924001937e-01 7.668013184745526845e-01 7.761494795477397179e-01 7.703376088419608969e-01 7.768898067521557982e-01 7.817181459497756224e-01 7.737875894249994779e-01 7.799096354913312990e-01 7.785423775089833631e-01 7.768492690392234667e-01 7.741598338833826087e-01 7.731700594877248811e-01 7.750120200252974545e-01 7.769721494413376339e-01 7.793827373324534458e-01 7.786380941956116963e-01 7.798557592985543296e-01 7.786584605044977181e-01 7.747621372140496288e-01 7.801304494762889563e-01
6.987658484193329245e-02 1.401772878040919712e-01 3.586224686284540386e-01 5.497116301893802959e-01 4.026987348697091962e-01 5.478054268987340159e-01 7.076449844012815404e-01 6.829964557315728602e-01 1.000000000000000000e+00 7.424279726578790761e-01 8.023862088509808865e-01 8.276380321416306751e-01 7.377806021008711523e-01 7.582648742522676288e-01 8.405605982324378944e-01 8.135633833674646986e-01 8.057369268482287294e-01 7.520638964764703172e-01 7.935689876424910638e-01 7.086372804410181470e-01 7.107719434752512999e-01 8.023955261038027142e-01 7.834384508151676085e-01 7.487261620645651039e-01 7.714908853709234737e-01 8.402404663857264699e-01 8.317717063385591247e-01 8.343900729663509264e-01 7.983185777071976075e-01 8.538670526579085207e-01 8.687963723865993471e-01 8.601251067128103944e-01 7.769412265378107252e-01 8.321869968577358945e-01 8.337758340467978924e-01 8.298597653327419721e-01 8.519375965310987953e-01 8.616861218061770966e-01 8.672318064253764502e-01 8.321149238832055151e-01 8.745513363705801346e-01 8.687008051421148958e-01 8.593526443858192643e-01 8.758702800295170565e-01 8.723994174071324492e-01 8.666166487174095101e-01 8.783779103192954629e-01 8.797726819172925206e-01 8.773043897605917740e-01 8.472052062004958861e-01 8.724543874119138342e-01 8.374663501939033639e-01 8.658339201235166760e-01 8.697943404331125450e-01 8.709789742667121137e-01 8.734351709137352371e-01 8.549005353803311724e-01 8.709529039177547061e-01 8.669980846692547649e-01 8.788280090319275928e-01 8.726216465003682199e-01 8.614711013280079710e-01 8.628928750528691571e-01 8.766345105485765510e-01 8.774799614088769628e-01 8.742511077850456669e-01 8.816627710871568491e-01 8.806593270560073572e-01 8.804345823012282857e-01 8.664973407395019089e-01 8.726480808998658967e-01 8.804259851651927704e-01 8.625233850690878779e-01 8.657640100256808191e-01 8.816220514875261483e-01 8.801385293378175545e-01 8.737763922569280473e-01 8.703382032812452263e-01 8.763648557306135123e-01 8.799247846868173406e-01 8.790983210357203870e-01 8.815541766301774329e-01 8.835048425279207196e-01 8.761962805043780333e-01 8.772350718228176802e-01 8.784429298117647500e-01 8.789696443092182010e-01 8.805141023382742071e-01 8.813345113358300731e-01 8.790334452825547817e-01 8.759223733225995900e-01 8.793864196732777971e-01 8.779318072349774349e-01 8.800930890024882824e-01 8.782959500653280127e-01 8.793989146535021728e-01 8.651284611998241170e-01 8.714589624063926454e-01 8.753064026793568875e-01 8.782706992805989765e-01 8.773408437416155836e-01 8.773083295255028613e-01 8.780346133215003457e-01 8.793781172228813947e-01 8.801596541231758719e-01 8.735924120813336469e-01 8.818614733227725377e-01 8.786405036911671962e-01 8.820738179681011371e-01 8.772116547037137613e-01 8.786822938323863852e-01 8.783247350907437134e-01 8.756357503170640877e-01 8.799472382345833177e-01 8.815626726011952519e-01 8.796147025000219388e-01
1.987247094044659185e-02 1.667126382887703373e-01 3.104686290133527593e-01 4.639653839691021964e-01 3.404843181172054201e-01 4.728104387019712029e-01 6.642977750506514623e-01 6.376073961681192337e-01 7.424279726578790761e-01 1.000000000000000000e+00 7.386873343531689118e-01 7.653211976640934555e-01 6.894032859426272308e-01 7.019762694373615775e-01 7.763269970521149421e-01 7.583563361500487154e-01 7.391058006823689741e-01 6.895720488718438679e-01 7.367311486768567397e-01 6.523752204090651485e-01 6.315359163767645390e-01 7.271369047130273877e-01 7.394903162817709763e-01 6.989940820669000576e-01 7.157634148207526747e-01 7.903913512949234388e-01 7.776697527060205672e-01 7.850730479294786290e-01 7.503964195180370389e-01 7.979320307443795723e-01 8.110650397623849761e-01 8.113758003624467197e-01 7.467304018487288531e-01 7.899672479493023980e-01 7.830126999763604712e-01 7.825445868930072102e-01 7.987013996887388778e-01 8.155009269819804008e-01 8.206971459799242696e-01 7.891946776360396765e-01 8.126191863390268555e-01 8.124475906358346045e-01 8.055495507611685202e-01 8.163694417487182831e-01 8.127238488214996170e-01 8.099749437251694273e-01 8.119398743887186187e-01 8.164232079872872916e-01 8.121580234149573529e-01 7.913403607006943563e-01 8.143480609965584316e-01 7.598870708350183856e-01 7.914836003460253844e-01 8.045079876799966501e-01 8.069651506641430938e-01 8.171896087462959812e-01 7.797055731010794632e-01 8.048706746257451305e-01 8.046646976976595811e-01 8.085342637746119054e-01 8.095580213969281180e-01 7.962288940816859562e-01 8.044693549754795558e-01 8.151479329258440876e-01 8.012376507352152455e-01 7.973692867353601166e-01 8.179484530891526495e-01 8.145976671873715880e-01 8.236915430737511423e-01 7.994934411856520207e-01 8.054352320652036212e-01 8.137509311068144013e-01 8.033337785388137142e-01 8.045689839843044311e-01 8.190991321249481150e-01 8.168704619414345336e-01 8.170952802826980665e-01 8.109714778170732385e-01 8.180746770405230572e-01 8.163925339674014126e-01 8.182421661847903982e-01 8.201130347556834232e-01 8.238480789258637582e-01 8.142124227706779571e-01 8.220830453601732923e-01 8.226486908324794900e-01 8.221946370412928085e-01 8.210290808702225274e-01 8.227943145853604534e-01 8.181125620888961558e-01 8.204562641713470938e-01 8.178759082713543682e-01 8.184212223774939288e-01 8.176347498633007582e-01 8.121759465984349502e-01 8.152939330840414112e-01 7.980059783256896466e-01 7.945880049529324696e-01 8.083463224692410964e-01 8.120791846150675619e-01 8.171218521159503423e-01 8.092495193195591296e-01 8.064024505618759830e-01 8.127191820600008221e-01 8.115551390176479751e-01 7.951355551709076153e-01 8.120450961247033250e-01 8.147982523322511161e-01 8.176011313614259812e-01 8.080637031272172033e-01 8.105452446959270363e-01 8.112785046614555684e-01 8.060839538297643880e-01 8.151086421249156277e-01 8.129514199100292826e-01 8.034196678699274674e-01
-9.133111731028580949e-04 1.150166289732549446e-01 3.417805289095198207e-01 5.691398649413453859e-01 4.204962264275671768e-01 5.646917310524837141e-01 7.377214571799054488e-01 7.171950097053647610e-01 8.023862088509808865e-01 7.386873343531689118e-01 1.000000000000000000e+00 8.558058368530606641e-01 7.565105339372645288e-01 7.672993105557539550e-01 8.632577644968311148e-01 8.406561901292596284e-01 8.017394295630968504e-01 7.707619329021424548e-01 7.983979937227453361e-01 7.414002668942573093e-01 7.580757198854635170e-01 8.223073717158710938e-01 7.971392149802087879e-01 7.670018677704844023e-01 7.866398317337380819e-01 8.521927142214542616e-01 8.516768070892861697e-01 8.446955510009047652e-01 8.164947927286261287e-01 8.645635778645356373e-01 8.830385896577493954e-01 8.707992361050815866e-01 7.875093924990050898e-01 8.489970656037377772e-01 8.442353228078289806e-01 8.358865407904533251e-01 8.603817575191733402e-01 8.751793601951137758e-01 8.796197280266571106e-01 8.461544219160440639e-01 8.857553534224369418e-01 8.824630456039475046e-01 8.748167221749139078e-01 8.883500904429287859e-01 8.852011078833657010e-01 8.837071833852029323e-01 8.872253416045730035e-01 8.879308635534288729e-01 8.839492183537324133e-01 8.513914427540612007e-01 8.843774069215071254e-01 8.484535351020681126e-01 8.808049060797352725e-01 8.803232628933784776e-01 8.831278477377105807e-01 8.857426770526429793e-01 8.647008444762318558e-01 8.812241350873390999e-01 8.848200244098171074e-01 8.902947901514234319e-01 8.863664628770024922e-01 8.796169824243369462e-01 8.832044634865856558e-01 8.843108136822275256e-01 8.834106452998596870e-01 8.854275370495792163e-01 8.935770715448270174e-01 8.944103418641407011e-01 8.926862026115425230e-01 8.868066381523245223e-01 8.921303053205902334e-01 8.928234436186300860e-01 8.803913475184734772e-01 8.823658859073084670e-01 8.920661633306247174e-01 8.895507966682407730e-01 8.849452892113718327e-01 8.833772961960455472e-01 8.851845070520989456e-01 8.894198958330865601e-01 8.906930791640902401e-01 8.960874798149920384e-01 8.917739046576813600e-01 8.854048714350578608e-01 8.892231035358345581e-01 8.919000969031092296e-01 8.909811505339639837e-01 8.905703736573881146e-01 8.923124274533553724e-01 8.906837233777684659e-01 8.871998336324887768e-01 8.893700771075538913e-01 8.894693689469919118e-01 8.909056762292832943e-01 8.903522198733826443e-01 8.911863764517209408e-01 8.731846646642245080e-01 8.766909329486698432e-01 8.876880113673395467e-01 8.858254886191413435e-01 8.905804459946611296e-01 8.914247873420088064e-01 8.893410468399264301e-01 8.924846882947514715e-01 8.921070914608556501e-01 8.849850639146007447e-01 8.909891527731735872e-01 8.891048638951167815e-01 8.931530720040897764e-01 8.886361660225671200e-01 8.896357794064172486e-01 8.918299282817304663e-01 8.899142832088342558e-01 8.924032651437425745e-01 8.920447256081160958e-01 8.913755619952874465e-01
-7.544739876538947287e-03 1.047714492938658370e-01 3.744637864112679848e-01 6.452073027657880822e-01 4.426120989716877396e-01 5.918543137167202595e-01 7.938389172339482824e-01 7.705344820130232142e-01 8.276380321416306751e-01 7.653211976640934555e-01 8.558058368530606641e-01 1.000000000000000000e+00 8.048880364411629129e-01 8.167902301944185428e-01 9.131801699910049308e-01 9.008264893173532073e-01 8.273098127710190042e-01 7.816376367225188471e-01 8.160499419636874086e-01 8.134862214442416528e-01 8.256842451521632098e-01 8.359206461278628764e-01 7.846815525220648402e-01 7.594139181312565823e-01 7.830634261967684973e-01 8.573629206725575935e-01 8.661856225139736853e-01 8.574614596668175270e-01 8.142285948873694279e-01 8.834254980733973195e-01 9.088758443710458490e-01 8.842679098403208870e-01 7.755179405347916166e-01 8.516913428707707512e-01 8.543229520380747344e-01 8.597636214760108198e-01 8.833415012430737567e-01 9.070083076248411924e-01 9.122512439801103712e-01 8.696004017992137181e-01 9.103978611208727312e-01 9.189943346100015731e-01 9.109673704333280941e-01 9.293838659294488824e-01 9.204863000996547084e-01 9.168421778313680104e-01 9.351905117994124828e-01 9.309773995852644868e-01 9.266630289327097980e-01 8.885780057225798334e-01 9.234699021147262377e-01 9.023063835153610768e-01 9.302640590640474105e-01 9.217952030125842189e-01 9.198490228855230599e-01 9.147960034995462619e-01 9.123043728159632160e-01 9.295091737142150423e-01 9.306065059725999733e-01 9.372025132309733664e-01 9.350014311557093283e-01 9.290884329473998449e-01 9.280270284611695786e-01 9.340907289416896520e-01 9.282206181480577856e-01 9.367130455333406713e-01 9.350909020886082335e-01 9.334703683483390746e-01 9.224957987092511358e-01 9.416301500367983968e-01 9.329608845729558952e-01 9.274361780739670547e-01 9.075997842754018885e-01 9.141489888333894642e-01 9.246642888631180224e-01 9.305412001441182301e-01 9.188656096598126766e-01 9.125132369120221298e-01 9.170202789574376512e-01 9.219133995586655805e-01 9.234818167557055091e-01 9.336115335335111176e-01 9.245054398932371909e-01 9.140168604779126404e-01 9.187419549810675878e-01 9.212665394152166343e-01 9.274846705451768036e-01 9.275971458063578812e-01 9.293895209309923633e-01 9.269350651969384680e-01 9.205592569271929815e-01 9.326331529301611356e-01 9.320607419341416788e-01 9.337794340602114662e-01 9.376089055448609821e-01 9.351079570931039031e-01 9.178057424952181798e-01 9.266352099511591112e-01 9.354291536079157865e-01 9.296854689272455730e-01 9.321668209028655117e-01 9.379814150496016412e-01 9.386734606522876279e-01 9.382586023318538748e-01 9.386521098247387895e-01 9.309932128682295582e-01 9.356826212738409421e-01 9.314265290576563272e-01 9.329418554741006897e-01 9.366835735198366653e-01 9.361800727168093639e-01 9.387447729353265435e-01 9.384169111124546214e-01 9.384201082369514335e-01 9.366145089141256763e-01 9.409697075965601787e-01
-1.936295003666059413e-03 1.313754514371170967e-01 2.991796452463431621e-01 5.244076560289337996e-01 4.211862939525505833e-01 5.249197460534589244e-01 6.935477412205296455e-01 6.689122986340176880e-01 7.377806021008711523e-01 6.894032859426272308e-01 7.565105339372645288e-01 8.048880364411629129e-01 1.000000000000000000e+00 7.365963833169822950e-01 8.234964603700134500e-01 8.144988329073664657e-01 7.249379051248465711e-01 6.792633052252089465e-01 7.317828416195589769e-01 6.952290088582364636e-01 7.040281236914888163e-01 7.325675801063868953e-01 6.895520046623866417e-01 6.601950654501312910e-01 6.861367331119730961e-01 7.713907600127578590e-01 7.754402467252859976e-01 7.654127981050554697e-01 7.275458306515458773e-01 7.941182033527978135e-01 8.171356318291236320e-01 7.832290185577729380e-01 6.892036667624256152e-01 7.516400248265111550e-01 7.723723015389032387e-01 7.635599133248383019e-01 8.034876376011785837e-01 7.974688856240832457e-01 8.213033269798764024e-01 7.667327636027757576e-01 8.216191768707021836e-01 8.234748932552491407e-01 8.121855041094978578e-01 8.311791441563629590e-01 8.213463870453733273e-01 8.186693676265367481e-01 8.443224811734534319e-01 8.409685644107149916e-01 8.242075994600801536e-01 7.838054466595052450e-01 8.159307882015062185e-01 7.980544066823505034e-01 8.304483104167821317e-01 8.262281070486303669e-01 8.171126584030884432e-01 8.169080055682055308e-01 7.992284473070928597e-01 8.335123114963310931e-01 8.199524749349387243e-01 8.424015505453473773e-01 8.354450746595929456e-01 8.271194118467958267e-01 8.309977638249187448e-01 8.373111174566618686e-01 8.401481608770141607e-01 8.403882466950644003e-01 8.415772279656099641e-01 8.358771311973360874e-01 8.291551803208530025e-01 8.382159371341539877e-01 8.310618443428587909e-01 8.330004982513707912e-01 8.068707338578097188e-01 8.149750902435499711e-01 8.339888878805070682e-01 8.375399979901463343e-01 8.344038411355074736e-01 8.194730722912411114e-01 8.287946920213025148e-01 8.341522622599691905e-01 8.349434014048916497e-01 8.414925365555822045e-01 8.294575077180363909e-01 8.258582262233932214e-01 8.209796154842261551e-01 8.250530946233836094e-01 8.349191345828987920e-01 8.339966110398380206e-01 8.368381544433862729e-01 8.329722665861589714e-01 8.281439770752324625e-01 8.407966123331576114e-01 8.410350655857440350e-01 8.428335371697138756e-01 8.454609418486248584e-01 8.445041152096117720e-01 8.159841616928963370e-01 8.267383317368460771e-01 8.392339514502218378e-01 8.306007629707224948e-01 8.371884987555179292e-01 8.385328173458138634e-01 8.441618406233352134e-01 8.439352590869521054e-01 8.395059061157283953e-01 8.292262189135907180e-01 8.411532086118373996e-01 8.424685087988706966e-01 8.395244754920264674e-01 8.424180857127843147e-01 8.401082342772225875e-01 8.462633426010044424e-01 8.425626755176729432e-01 8.442813895492550236e-01 8.440074829369152987e-01 8.455096895121270162e-01
