1.000000000000000000e+00 1.981054410806460941e-01 9.304044233996014435e-02 -7.849843259111892457e-02 2.512758351938620266e-02 3.905919699482415797e-02 2.265196774373717456e-02 -1.005201023908108664e-02 1.356558290848380588e-01 7.423876959338784887e-02 4.690022998063756582e-02 -3.374741917787962148e-02 9.116867241870703006e-03 2.374471297853392171e-02 7.742490960355742071e-04 -1.928087354731849654e-02 8.729753401050803496e-02 1.405435916139145536e-01 1.046694730442568472e-01 1.606173851561936983e-01 7.882486429561623431e-02 1.089869526942994771e-01 1.672865773265911904e-01 1.532387107883262101e-01 9.966033287483358483e-02 1.060994564710786986e-01 9.892863104819890618e-02 7.144257173179482945e-02 1.270237266934921838e-01 1.086001775682228637e-01 7.213746690740449607e-02 8.760678019498560620e-02 7.457220989561030855e-02 8.290173609012552181e-02 1.153169877592316178e-01 3.003447860609814724e-02 4.584475123484567372e-02 3.261949686077476873e-02 4.159034704732077897e-02 -1.414489902459796240e-03 1.622526080389922673e-02 5.750514847421105483e-03 -2.353370803110201026e-02 4.090531371434584160e-03 8.980269117694599651e-03 1.522386729267366338e-02 8.733021797577410900e-03 2.962037885975040905e-02 -6.640773654753000937e-03 -1.038219458615734746e-02 1.145441625989692541e-02 -2.938293590361891125e-02 -1.959434777519571125e-02 4.850691811759961364e-02 2.285756246780444936e-02 4.554539963584182394e-02 2.342489129859577288e-02 2.169873087114757015e-02 1.578076336630986065e-02 3.102756925046313771e-02 -6.806038293202368999e-03 2.249008123535152504e-02 -1.819932905047317792e-02 3.268180306960574710e-02 4.233820523617116277e-02 4.687389625052697240e-02 3.940327362633963548e-02 4.947459718459862321e-02 5.631479967266231346e-02 5.565795293202344118e-02 3.977660172806412459e-02 4.866208763307242058e-02 7.044835952070806206e-02 5.554861635292563521e-02 3.316539927501249707e-02 3.095982665460229183e-02 2.320328012132026607e-02 5.535663496678478596e-02 3.696234580494704713e-02 3.961493729979825851e-02 4.201838526585797290e-02 2.922502675823332452e-02 5.150316507160831309e-02 4.930574467124135274e-02 2.835365404862351738e-02 4.677724393688000026e-02 2.616832267193905034e-02 9.804671676763559302e-03 1.902866828363826771e-02 2.548519600728947621e-02 4.313378599271875703e-03 4.248052001560739810e-03 3.543964199591473699e-03 2.364620988775469491e-03 -4.278786977356399614e-04 1.280916674285952767e-02 -2.248557634120089063e-02 7.597814135884056221e-03 -7.261180571157251594e-03 -5.028277922329483889e-03 -1.128381963135238059e-02 -1.172135881084288359e-02 -7.146518886441254742e-03 -2.456405955351937797e-03 3.804175267919351986e-03 -3.834437040033117881e-03 8.482604072437385442e-03 1.798567226823412704e-02 1.724810532957812143e-02 1.370183595902152961e-02 3.110876367434177534e-03 1.603150202518444437e-02 5.174542772876335704e-03 1.856858273576058802e-02 1.994808244480166665e-02 2.558622676172435731e-02
1.981054410806460941e-01 1.000000000000000000e+00 8.226482383935627973e-02 -4.112442992267259512e-02 9.722170173039568208e-02 1.062152806047587522e-01 1.461334745790118794e-01 1.148644414398894004e-01 2.122852998271670399e-01 2.561680335191058866e-01 1.342526288906767118e-01 9.519500612703542253e-02 1.256140087677290185e-01 9.049325218080633837e-02 1.541250988461832783e-01 1.385003910923514880e-01 1.611195889533536263e-01 1.197828717277266003e-01 1.400569256936065599e-01 9.411906794426729006e-02 6.895139683000230113e-02 1.266334919053401509e-01 1.650072102130249185e-01 1.425328362969553175e-01 1.737674062116550955e-01 1.982930473788647729e-01 1.607385022518438566e-01 1.872988563726319944e-01 2.266143228813734256e-01 2.062198808365483527e-01 1.840418952385379225e-01 1.995264411359719547e-01 1.926280863493013973e-01 1.948026260746978655e-01 1.977642542945402260e-01 1.546594806037855929e-01 1.815443388298519645e-01 1.999403657463765249e-01 1.861036466826505587e-01 1.625840191288856207e-01 1.634458686438954589e-01 1.654112132153379433e-01 1.402148456439660795e-01 1.480156991599530236e-01 1.568654953342058511e-01 1.814635917074541027e-01 1.633547248215269920e-01 1.791438146782969587e-01 1.477524185271349433e-01 1.365133096137091662e-01 1.672083074483704801e-01 8.068371293791083698e-02 1.200626567525235056e-01 1.837760522323161894e-01 1.786611868063464059e-01 1.801738949178554039e-01 1.455941031297475763e-01 1.762293017895100733e-01 1.746483705960156230e-01 1.545179573454026345e-01 1.389280383544979069e-01 1.700661638661483677e-01 1.345283294941700958e-01 1.532513198381117714e-01 1.410704085829280752e-01 1.572084925469736105e-01 1.670742019919420340e-01 1.653982846924831329e-01 1.782581699244391860e-01 1.431944949416551482e-01 1.430985265677696128e-01 1.660759723780790564e-01 1.720634291213916922e-01 1.632313825519181860e-01 1.644683556980605643e-01 1.623076464039961697e-01 1.710789798576106413e-01 1.809102836708093853e-01 1.822886253318306837e-01 1.763922315898003301e-01 1.662483737059003153e-01 1.699121805824602427e-01 1.698785848882494176e-01 1.750077478837244738e-01 1.705372141685335130e-01 1.814709338754230683e-01 1.679572234521604923e-01 1.743827669249340961e-01 1.699277166541623696e-01 1.612533245290292683e-01 1.658112388744850119e-01 1.588247650452651039e-01 1.556108244609142044e-01 1.626775104373316960e-01 1.587471936325519917e-01 1.673674608291896293e-01 1.352680327030498786e-01 1.414859006762784199e-01 1.463454696683304523e-01 1.553158290277099340e-01 1.488042769327242998e-01 1.461763673270503883e-01 1.410470792026287112e-01 1.513895683911740675e-01 1.407123284456404111e-01 1.444915006022276793e-01 1.557994344036630341e-01 1.701378342207074679e-01 1.693066728847746616e-01 1.665146688171951772e-01 1.680458556517240576e-01 1.582842568619740597e-01 1.582287882209306162e-01 1.618236689510030024e-01 1.499667878687506728e-01 1.602920550218964457e-01
9.304044233996014435e-02 8.226482383935627973e-02 1.000000000000000000e+00 3.276337255700215167e-01 2.015452330130485525e-01 2.419369084624833355e-01 3.396476093153740217e-01 3.115544665961388349e-01 3.645655105072774793e-01 3.176613251052378684e-01 3.949772903080807085e-01 4.002316625178672371e-01 3.582734275996687923e-01 3.202795733510111487e-01 3.878716316307023737e-01 3.670167110289919155e-01 3.833034713655582015e-01 3.751685409482918288e-01 3.945112230465821490e-01 3.201569830504876202e-01 3.982550240563785815e-01 4.177671261343779419e-01 3.520614078171409589e-01 3.680639054017516565e-01 3.723641834546039253e-01 4.100157400202702473e-01 4.360821437826428726e-01 4.339343822714628041e-01 4.040170949034738723e-01 4.126439062136438851e-01 4.135766790489254774e-01 4.072904217396114968e-01 4.114015089426585337e-01 4.034829441696108354e-01 4.052241975474637492e-01 4.028043790714616601e-01 4.031296188255779622e-01 3.879448534742008792e-01 3.977316806396040128e-01 4.163241752092161629e-01 4.123793956786111492e-01 4.139941431475980260e-01 3.978107382567088179e-01 4.146738145179530433e-01 4.136616696738220633e-01 3.958546408672939387e-01 3.942049376077259581e-01 3.930185344674407277e-01 3.877368975719291400e-01 3.888379935841573265e-01 3.982344017484905629e-01 4.015549285341563079e-01 4.004121416529831112e-01 3.951628316514846362e-01 3.931602717145897263e-01 4.049374595223476092e-01 3.910914746147840515e-01 3.993879516514352579e-01 3.884864126189429001e-01 3.986390960971918362e-01 3.933656622834956762e-01 3.867137479991636373e-01 3.793510574926153289e-01 3.874616167912937614e-01 4.133519142311575800e-01 3.987662711662718906e-01 3.992436487836975578e-01 4.116956858091708749e-01 4.031454148443057162e-01 4.068843754436995419e-01 4.238942156353777135e-01 4.162890770234064508e-01 4.109487413675325662e-01 4.169621161741609572e-01 4.128234541857658257e-01 4.139875266584200353e-01 4.115906687365933903e-01 4.046975778569812388e-01 4.033667894859166991e-01 4.042973815991620090e-01 4.104859180863359991e-01 4.051376119837943324e-01 4.060075615706152385e-01 4.040424708764008277e-01 3.992019374125345688e-01 4.013607125708662515e-01 4.063451869106819436e-01 3.937696101746357424e-01 3.945614332302744831e-01 4.066849105240341045e-01 4.088269650266377897e-01 4.030494688716764751e-01 4.071583696948827824e-01 3.999596886129922479e-01 3.917373080527806195e-01 3.921732081460094776e-01 3.931834044125741001e-01 3.911754864372534723e-01 3.899057445086732132e-01 3.961408287489042168e-01 3.951276727831343205e-01 3.886078938476946742e-01 3.945243633925016313e-01 3.964125695849642916e-01 4.059690119969772137e-01 3.899234215219048449e-01 3.940882960011113378e-01 3.935800908811353804e-01 3.979133691113079796e-01 3.947362621629933455e-01 3.913124157887924448e-01 3.955164285264561874e-01 3.893062667877719707e-01 3.894803450986594751e-01 4.025429498070121626e-01 3.971045237363109437e-01
-7.849843259111892457e-02 -4.112442992267259512e-02 3.276337255700215167e-01 1.000000000000000000e+00 3.159058543255632290e-01 3.991192578648890543e-01 5.486906381907389330e-01 5.279014435375033454e-01 4.961942526207719917e-01 4.416687215238547792e-01 5.808782646135179917e-01 6.657314464541174148e-01 5.623024353948836707e-01 4.706487655217904131e-01 5.902850458627441066e-01 6.014900907061713209e-01 5.452846478575117395e-01 4.656315923359543030e-01 4.828904451424848032e-01 4.013556790731848123e-01 5.416523467803374681e-01 5.135906891169983446e-01 3.843774620305409617e-01 3.968872735258443529e-01 4.083509570317309101e-01 5.096701595443887678e-01 5.555945976859432145e-01 5.467816597055071837e-01 4.815569560700096452e-01 5.270181810335310413e-01 5.751726276540372051e-01 5.401654913683535675e-01 5.071282448794071085e-01 5.243726181929567742e-01 5.121792643706343240e-01 5.914518283259181386e-01 5.654622511382902950e-01 5.321475631622983871e-01 5.784520420421370712e-01 5.736516077223094978e-01 5.935986342322902010e-01 5.949460187493608165e-01 6.114789834630252052e-01 6.142933985763227023e-01 6.041275395410344862e-01 5.866712668385871687e-01 6.024274273389372825e-01 5.812502488864611516e-01 6.120715826128863002e-01 6.170846305748998173e-01 5.923659337342592757e-01 6.530843545886686474e-01 6.349086782871048440e-01 5.675257060592695524e-01 5.654144380699597239e-01 5.562699154278716307e-01 6.145245644330937784e-01 5.928588110986376947e-01 5.789613009369550811e-01 6.130798949642080053e-01 6.214707731332012042e-01 5.917655121122998851e-01 6.136261014399021496e-01 5.987113221426144660e-01 6.170238759787416427e-01 6.081389081068980795e-01 5.936448529138189656e-01 5.808114130855906998e-01 5.654532204810158724e-01 5.917814375964887130e-01 6.016568595135400876e-01 5.815176364663995345e-01 5.552092087352845651e-01 5.638485978708297486e-01 5.939768159984039064e-01 5.995781351743515453e-01 5.912684218722501495e-01 5.729396824772114982e-01 5.824434690048559959e-01 5.836043460425525131e-01 5.852372334910399543e-01 5.916895766328397199e-01 5.862640273088242093e-01 5.688754928832140401e-01 5.880855067249360912e-01 5.766887379660312618e-01 5.926032311508053763e-01 5.868996339168531806e-01 5.915057863895690771e-01 5.999983232079755258e-01 5.964268205314866567e-01 6.059063146879961614e-01 6.106228257935431003e-01 6.018883366152438796e-01 6.049344624135885029e-01 5.972338982720026834e-01 6.230226299980308191e-01 6.163999435148758144e-01 6.114695518325181656e-01 6.073848125410103993e-01 6.112979822727184764e-01 6.135411244569339839e-01 6.292812933401475961e-01 6.096208646922015584e-01 6.236382925481230854e-01 6.219742322937475976e-01 6.056818756956824368e-01 5.900242609621988432e-01 5.927144738920866462e-01 6.004989756193990225e-01 5.949864944765206332e-01 6.091935233141131389e-01 6.045114320131933505e-01 5.997338336327010522e-01 6.113290882519094582e-01 6.067822674482649115e-01
2.512758351938620266e-02 9.722170173039568208e-02 2.015452330130485525e-01 3.159058543255632290e-01 1.000000000000000000e+00 3.291297392554684009e-01 5.155962393376514186e-01 4.644102401926665791e-01 4.561534217658674284e-01 4.045857130638474963e-01 4.590092673311628735e-01 5.004019043026591840e-01 4.939656471628869339e-01 3.788026375466739815e-01 5.177120175450932171e-01 5.150814075759623245e-01 4.509420445576255432e-01 3.375058543469786065e-01 3.702211041126818314e-01 3.214350648766002294e-01 3.599493741065352692e-01 3.812918785933973043e-01 3.129167271759896729e-01 3.073254309105652449e-01 3.230017476711106728e-01 4.649804633678132904e-01 4.668662933863614861e-01 4.829499677862227336e-01 4.456724752932925138e-01 4.707093387156235376e-01 4.927043128260708005e-01 4.382547422788569680e-01 4.157996944503844494e-01 4.285697589851284461e-01 4.302633090585920583e-01 4.459037808830330074e-01 4.660851985572083689e-01 4.682027109875171456e-01 4.846881204818341837e-01 4.539199191139962064e-01 5.008297640250247706e-01 5.027245623459178914e-01 4.973755603225417099e-01 5.137235298670747019e-01 4.925617945275120313e-01 5.060340587568745718e-01 5.055658739938165835e-01 4.987826516375652441e-01 4.967020593393920436e-01 4.838744681360498956e-01 4.925468833914553590e-01 4.896579536784386177e-01 5.123944834151804573e-01 4.869028556557298271e-01 4.776738767975652333e-01 4.556393805286683141e-01 4.850331365051389065e-01 4.998346612284040869e-01 4.841063049010454478e-01 5.143385109674332156e-01 5.128024760267640980e-01 4.998563828084473526e-01 5.010625026187833786e-01 5.046923213308919243e-01 5.058784936963209855e-01 5.008933804872179874e-01 4.999842151145594271e-01 4.851263704241615127e-01 4.791261542825647757e-01 4.803617601722068309e-01 4.785114080997605601e-01 4.860853041856620926e-01 4.658565870851958390e-01 4.532242455573203821e-01 5.101577514978724581e-01 5.026124152590153438e-01 5.100678321931632064e-01 4.948986679246306086e-01 5.072720096054333938e-01 5.015391312309057659e-01 4.944128955275885473e-01 5.057254755981528405e-01 4.766626060538086129e-01 4.900313230695387268e-01 4.927622048532273036e-01 4.850396793355828406e-01 4.881843332388587364e-01 5.036607408065565394e-01 4.999099402128310277e-01 4.844888316627175007e-01 4.984865893010434479e-01 5.119181154105306719e-01 5.073974885447825045e-01 5.097463920493213729e-01 5.091508884873922058e-01 5.037171909827798943e-01 5.018592437720098554e-01 4.983167203162170988e-01 5.083736358238791775e-01 5.045883345207502479e-01 5.076002172167159987e-01 5.010997467575436515e-01 5.101347815791406060e-01 5.128214714890825254e-01 5.064188630720579676e-01 4.924526424573560379e-01 5.018615309464863339e-01 5.017471453563991934e-01 5.009159114296354298e-01 5.057288480459655178e-01 4.954047934457557756e-01 5.131918954590121151e-01 5.051704575876294623e-01 5.038945178238745104e-01 5.086281077373828730e-01 5.044255657045583208e-01
3.905919699482415797e-02 1.062152806047587522e-01 2.419369084624833355e-01 3.991192578648890543e-01 3.291297392554684009e-01 1.000000000000000000e+00 5.594031719254991541e-01 4.922089505882967786e-01 5.372189233007776954e-01 5.039861543748783701e-01 5.768828286388855142e-01 5.798222441645213276e-01 5.580235949813728835e-01 4.785310893127690535e-01 6.029152953556913275e-01 5.867817283018703645e-01 5.652159915855573535e-01 4.795147714817928897e-01 5.183852073144048500e-01 4.289845474657698055e-01 4.814558616314987827e-01 5.165041831168324382e-01 4.456725779223062456e-01 4.388560603199459509e-01 4.557493777170865679e-01 5.565830534114006856e-01 5.587859980132450222e-01 5.809410048731582510e-01 5.528153066509420288e-01 5.810873528036752944e-01 6.030389645823844846e-01 5.754345019381318371e-01 5.334957857984005125e-01 5.542906552187994995e-01 5.499331479709446135e-01 5.766584283899748309e-01 5.882324681506329034e-01 5.868847763972662168e-01 6.042210615205144686e-01 5.840597725956218067e-01 6.136394459102360033e-01 6.089291784760951787e-01 5.952476340934866883e-01 6.109116781822572229e-01 6.064923093808167742e-01 6.120760916383221062e-01 6.147524552381617990e-01 6.174668537762344478e-01 6.100599682687213310e-01 5.905873449837308886e-01 6.040608394766917577e-01 5.749124781582533039e-01 6.069960162938942139e-01 6.141248539127937001e-01 6.009321617216196731e-01 5.897650419927695786e-01 5.975444779955512153e-01 6.066812469185917100e-01 6.075563304446062185e-01 6.192761904588287569e-01 6.075212512607613968e-01 6.149404051796125703e-01 5.980158779144507664e-01 6.092913111497133549e-01 6.148994255020461264e-01 6.120780317908642854e-01 6.161375734202553245e-01 6.089216110628238310e-01 5.988262678477686007e-01 6.044568876449041284e-01 6.022859616398251736e-01 6.098130985648223534e-01 5.890775287331425636e-01 5.870568925712683628e-01 6.153911088651147221e-01 6.151804812087090513e-01 6.165674097236321094e-01 6.048929406778156270e-01 6.131744569651412791e-01 6.082386022301160544e-01 6.121586509050724878e-01 6.134169455978637497e-01 6.031948794419146331e-01 6.021821338665670487e-01 5.998864810169959316e-01 6.077872835789134287e-01 6.115451396364400827e-01 6.135515676794107698e-01 6.157888149334013184e-01 6.096130503730916583e-01 6.125264399347091215e-01 6.207323469590945164e-01 6.180222454728081516e-01 6.194012003448766679e-01 6.191465477471086443e-01 6.191803710472363331e-01 6.042357176540757990e-01 6.034852969718758064e-01 6.137711486568093733e-01 6.145424621974583390e-01 6.140602863340166584e-01 6.112467005008661580e-01 6.144420467145708109e-01 6.169458304884485322e-01 6.142103455151151081e-01 6.059104217731793307e-01 6.153818280684765218e-01 6.188093454675231975e-01 6.162299690711668942e-01 6.184950359009967480e-01 6.134380809374649912e-01 6.195823279889430824e-01 6.171966023118913292e-01 6.176089720213189249e-01 6.206698592004050719e-01 6.168360239915279264e-01
2.265196774373717456e-02 1.461334745790118794e-01 3.396476093153740217e-01 5.486906381907389330e-01 5.155962393376514186e-01 5.594031719254991541e-01 1.000000000000000000e+00 7.238418089803870803e-01 7.204716272124727094e-01 6.806929613910075449e-01 7.744777033773746489e-01 7.980473683439671673e-01 7.692154119882779195e-01 6.335365207525893716e-01 8.534515370844072413e-01 8.305337170859324880e-01 7.290048213845721214e-01 5.915400338964956761e-01 6.580332472991540227e-01 5.118662095107083809e-01 6.196814855485397455e-01 6.554642925544079679e-01 5.531699817396689145e-01 5.484420048711891038e-01 5.755270089270273504e-01 7.528383431795109271e-01 7.577015631146434282e-01 7.796320338922606563e-01 7.317708849950003147e-01 7.774053619774062840e-01 8.113980235725336554e-01 7.548605170759598026e-01 7.116820745181728913e-01 7.422950431247041791e-01 7.367135629450844991e-01 7.642141806733535603e-01 7.805986954961028346e-01 7.916229646690474686e-01 8.167422533786200534e-01 7.718972567539347240e-01 8.189797097335882459e-01 8.284273679818860980e-01 8.158346417263552253e-01 8.333913466874731668e-01 8.102955065622303721e-01 8.308653408644702809e-01 8.256970473739552174e-01 8.228680217311704626e-01 8.137059731440955401e-01 8.024194060923128813e-01 8.154649134634113228e-01 7.843086884434992134e-01 8.199377051786166382e-01 8.100981148009157584e-01 7.957170583654558094e-01 7.744684324297604894e-01 8.056242098256661821e-01 8.236676655590896567e-01 8.097971980809878234e-01 8.347225333845621487e-01 8.303284062506692820e-01 8.243158344345116184e-01 8.186895896496385605e-01 8.242820079732887661e-01 8.192549653902798656e-01 8.218667958812211349e-01 8.232245138653037086e-01 8.086274079887610933e-01 7.967293837139732826e-01 7.909659116698003478e-01 7.967286545441231160e-01 8.058360415388317044e-01 7.789152951546808312e-01 7.715573877025202476e-01 8.289013503566056151e-01 8.243330616618856910e-01 8.302656699855919253e-01 8.103301604836595784e-01 8.276092182808121311e-01 8.224316198346043327e-01 8.132389081060910074e-01 8.287276218917372095e-01 8.012851676253911481e-01 8.106929579136576969e-01 8.137505459487375248e-01 8.127862385982556059e-01 8.132177323312419492e-01 8.295287807962585802e-01 8.275671355582087108e-01 8.105830725806837389e-01 8.207901163060110639e-01 8.365655237322706661e-01 8.296213848406698288e-01 8.366586170516580045e-01 8.328221276686295083e-01 8.288717096576322385e-01 8.189306046279140050e-01 8.179058854446105142e-01 8.301148283613943857e-01 8.302430975610597397e-01 8.335519167321253642e-01 8.267606855450089220e-01 8.290884452481370737e-01 8.347529700867619695e-01 8.275936607028873127e-01 8.164616333625023259e-01 8.242661734939137341e-01 8.274250582384097275e-01 8.256480363325574556e-01 8.301361932917695752e-01 8.233777520407122852e-01 8.347944613486421028e-01 8.296549684467366959e-01 8.283025828434619209e-01 8.276197261277252748e-01 8.271237665134044681e-01
-1.005201023908108664e-02 1.148644414398894004e-01 3.115544665961388349e-01 5.279014435375033454e-01 4.644102401926665791e-01 4.922089505882967786e-01 7.238418089803870803e-01 1.000000000000000000e+00 6.664289318283085350e-01 6.265223021056588459e-01 7.158783407695130663e-01 7.516455523544300910e-01 7.144694875743253792e-01 5.998328980513435438e-01 7.787346470695818423e-01 7.947262634901932632e-01 6.848181159826273179e-01 5.680286443384570116e-01 6.006066726363749053e-01 4.866144147057895886e-01 5.971693332532119758e-01 6.254418006728700297e-01 5.039323993829747383e-01 5.030585556973422579e-01 5.444844601881143609e-01 6.913293550607676474e-01 7.008018112955372025e-01 7.161152990222852122e-01 6.881964990991429332e-01 7.212095936425795273e-01 7.573360075480004561e-01 7.045537195783733164e-01 6.786163505950916219e-01 6.977250784210520251e-01 6.941093052624037751e-01 7.210563869532985448e-01 7.306474206479657285e-01 7.557495719694813374e-01 7.669889904430644556e-01 7.406294198548106777e-01 7.611048593951307284e-01 7.730559110721300087e-01 7.672175160476354394e-01 7.785807351640269269e-01 7.563441472599987669e-01 7.738031550528473579e-01 7.745093179121945726e-01 7.662452212917950645e-01 7.726481630653256882e-01 7.662132522758925424e-01 7.697597740583611570e-01 7.336002326045538702e-01 7.611753574352398966e-01 7.623778272371125597e-01 7.649006624203505966e-01 7.408018410014307609e-01 7.683639839303573194e-01 7.830371940948545051e-01 7.778744965516228849e-01 7.715174617647300170e-01 7.782513270835632602e-01 7.754315510071431161e-01 7.793292559924235308e-01 7.644663489792963285e-01 7.573635204248641006e-01 7.656195750864691618e-01 7.638198217602749640e-01 7.511648644155697330e-01 7.356513409231461020e-01 7.432602139679638231e-01 7.487448193722879841e-01 7.527907769835252560e-01 7.226442980956950812e-01 7.187253829902161550e-01 7.644120414554217424e-01 7.658278373453080157e-01 7.669362138738832213e-01 7.559176433094212388e-01 7.669710684906978493e-01 7.702371628003139570e-01 7.576806995324369964e-01 7.709576041523458212e-01 7.485466455889188131e-01 7.583819839210558245e-01 7.670679680310636961e-01 7.561867727872596534e-01 7.612574462173482548e-01 7.761153762493103736e-01 7.733113026658061662e-01 7.631119467335726325e-01 7.626075706407112742e-01 7.782373097037189602e-01 7.703044073394486047e-01 7.778305745765710100e-01 7.758818076338066527e-01 7.715389689959986086e-01 7.769368931513760401e-01 7.776156939455611816e-01 7.791875374987784486e-01 7.766130640243179561e-01 7.783180619719668458e-01 7.807990930838174526e-01 7.748308166450592616e-01 7.796923252646625890e-01 7.746964998481471465e-01 7.769158471117196818e-01 7.754951336998248124e-01 7.695921510437540025e-01 7.749278592955224365e-01 7.791350975862507688e-01 7.811496059499549727e-01 7.757482595959980243e-01 7.775169193205396789e-01 7.722811025735119017e-01 7.679203625871545702e-01 7.717320865844923272e-01
1.356558290848380588e-01 2.122852998271670399e-01 3.645655105072774793e-01 4.961942526207719917e-01 4.561534217658674284e-01 5.372189233007776954e-01 7.204716272124727094e-01 6.664289318283085350e-01 1.000000000000000000e+00 7.504863900635738716e-01 8.072182706021087117e-01 7.954678207120630118e-01 7.502351258465250750e-01 6.563229111955206641e-01 8.293101029756542175e-01 8.074936467232085580e-01 8.133589314997138331e-01 7.006784720018788271e-01 7.479860840110190701e-01 6.331874299417016294e-01 6.607659912332791707e-01 7.164629458423265040e-01 6.945235814009168562e-01 6.748490586477134956e-01 6.558762920534622065e-01 8.202897001047645409e-01 8.124572989812620660e-01 8.118526347582084579e-01 8.238486467481503928e-01 8.554799022248614770e-01 8.732154664584863557e-01 8.417991535937020542e-01 7.795958821154856944e-01 8.238070722387361711e-01 8.281438828734842827e-01 7.979025670472384979e-01 8.326867916225914046e-01 8.303591831760467334e-01 8.557474100675040996e-01 7.891737761299493226e-01 8.488219583082767805e-01 8.397211343926115346e-01 8.065422616978767945e-01 8.474007762946009770e-01 8.410710923273743145e-01 8.570928007263114434e-01 8.705032301023605257e-01 8.804307157124527938e-01 8.474516889500030015e-01 8.158834472682421346e-01 8.496973337694319062e-01 7.829730316539742496e-01 8.359973328024137285e-01 8.816348955191047887e-01 8.591166100897401625e-01 8.486247707730211198e-01 8.552400210825324978e-01 8.646731106099737607e-01 8.594841809555793244e-01 8.743905089555171761e-01 8.588701102176381497e-01 8.759114976649624573e-01 8.440727346990819502e-01 8.702298223098496877e-01 8.650573583745929662e-01 8.762188836796666047e-01 8.781505917132145234e-01 8.731049104925255877e-01 8.714534842364546341e-01 8.595482034460921739e-01 8.507901387144846117e-01 8.651416701360470363e-01 8.599957645044719046e-01 8.392518544508559275e-01 8.722279304333738770e-01 8.746283613469284512e-01 8.651039436444163400e-01 8.777660535816571574e-01 8.703238577669680787e-01 8.803155398877214877e-01 8.701852903451601229e-01 8.786273379811279094e-01 8.665703492860082902e-01 8.748707851942632008e-01 8.627024620450683967e-01 8.754616278348369418e-01 8.614149151370250612e-01 8.646983501499519997e-01 8.704439448159738690e-01 8.622087729283556268e-01 8.506935818757709322e-01 8.629379173671917203e-01 8.624579442667024143e-01 8.648000508761730654e-01 8.694242268799070583e-01 8.743224648812673028e-01 8.356307393607497191e-01 8.508241198448990295e-01 8.608101327355578425e-01 8.549438655871931525e-01 8.510000918052741392e-01 8.570079944472390743e-01 8.585219484504295062e-01 8.628213115392516785e-01 8.606252835813412716e-01 8.503140348281280625e-01 8.673440510835986883e-01 8.758557696766162692e-01 8.739289116540359670e-01 8.729522602141364107e-01 8.640086198521094163e-01 8.755058629798661007e-01 8.709698730527527522e-01 8.742883668142644726e-01 8.694318933027593843e-01 8.776386356770736752e-01
7.423876959338784887e-02 2.561680335191058866e-01 3.176613251052378684e-01 4.416687215238547792e-01 4.045857130638474963e-01 5.039861543748783701e-01 6.806929613910075449e-01 6.265223021056588459e-01 7.504863900635738716e-01 1.000000000000000000e+00 7.415130006062259360e-01 7.385808184488118489e-01 6.908749067689161638e-01 5.954067185172312593e-01 7.821577793850316151e-01 7.684495517510667728e-01 7.318162785067450216e-01 6.300731592411529247e-01 6.789991625068513281e-01 5.567428268473281205e-01 6.025641860902173352e-01 6.596883106363738980e-01 6.243134630308185828e-01 6.068444990515571291e-01 6.284241453030408042e-01 7.589881288766955336e-01 7.409494077393916633e-01 7.644553476475072218e-01 7.733437942585302816e-01 7.928248856841341174e-01 8.030346568102159077e-01 7.871439088139612350e-01 7.395979808438007952e-01 7.703349236625962604e-01 7.601685961753866794e-01 7.533422984435398373e-01 7.792817682613150110e-01 8.070704566284221393e-01 8.066749285012179138e-01 7.723281605821534779e-01 7.998931664094240945e-01 7.971317439949161532e-01 7.706163603363500592e-01 7.909602096792307524e-01 7.867264875790777046e-01 8.093485522785833775e-01 8.049908389893657423e-01 8.150986755564543218e-01 7.918469901357025886e-01 7.674897912812085332e-01 8.048256574977189493e-01 7.125053251428695722e-01 7.650774228547281286e-01 8.130051335019659042e-01 7.973472248868685996e-01 7.942918286943594364e-01 7.767720854664498242e-01 8.073824592412075507e-01 8.081881093749169187e-01 7.989484635478195651e-01 7.871288606850390668e-01 8.068390999979812017e-01 7.795068043718614836e-01 7.982633969448806877e-01 7.855540035796307885e-01 7.952921354539357335e-01 8.110972645846481477e-01 8.017445057407478481e-01 8.039942083931185257e-01 7.855891934254519704e-01 7.827962666564332039e-01 8.029590607183898499e-01 7.892606149105807489e-01 7.772487342903133811e-01 8.044560036191222840e-01 8.064187701816982745e-01 8.081744729946835903e-01 8.129358630762688609e-01 8.151054315594353783e-01 8.154742676630972742e-01 8.053821461093721989e-01 8.129949081227949570e-01 8.068214215582111271e-01 8.064990552811821534e-01 8.034936966674283143e-01 8.121784354032953734e-01 8.059522091430180168e-01 8.135044278190469713e-01 8.127142212471025751e-01 8.027669094311655762e-01 8.035374071492116244e-01 8.083531696537441524e-01 8.051040799661174363e-01 8.087658089992204591e-01 8.085132994799361095e-01 8.122087885649761363e-01 7.806513790671438802e-01 7.804261535266110439e-01 7.968198038696632235e-01 8.040682145252172619e-01 7.977115875265032852e-01 7.961970155902804436e-01 7.910332577807058785e-01 7.999136810964136979e-01 7.936014514240813389e-01 7.803745342052333944e-01 8.015789990626389638e-01 8.137136279953397500e-01 8.100376142502876409e-01 8.121705619143287924e-01 8.115059025415800598e-01 8.040666884059207709e-01 8.048686157210936942e-01 8.065638456696569980e-01 7.988281333684711383e-01 8.047461357755071321e-01
4.690022998063756582e-02 1.342526288906767118e-01 3.949772903080807085e-01 5.808782646135179917e-01 4.590092673311628735e-01 5.768828286388855142e-01 7.744777033773746489e-01 7.158783407695130663e-01 8.072182706021087117e-01 7.415130006062259360e-01 1.000000000000000000e+00 8.740937768932137697e-01 8.029941620462712759e-01 7.001693250360110365e-01 8.793137274531939163e-01 8.608859138379680864e-01 8.314214207744446972e-01 7.404714784357241397e-01 7.922005961640247174e-01 6.579382024560656017e-01 7.351939107246864280e-01 7.858819248931366852e-01 7.140852447480249277e-01 7.084708310243166274e-01 7.173467280218871478e-01 8.513297982906607997e-01 8.623135478033270296e-01 8.652446847754639014e-01 8.393505275266149868e-01 8.741744079281129620e-01 9.105669499573434411e-01 8.804307194586614704e-01 8.316184219411654199e-01 8.595684580480451586e-01 8.557276912950566583e-01 8.619097775779845927e-01 8.849434950784035303e-01 8.731132202961118249e-01 8.976565671951404202e-01 8.677660898743898565e-01 9.040563524642225568e-01 9.004877967275909389e-01 8.802694306633453980e-01 9.082797998352416524e-01 8.997920285139290320e-01 8.963297555770899372e-01 9.095034512362256685e-01 9.102792538662021204e-01 8.985352368619131669e-01 8.816548352059491167e-01 9.013029862194513742e-01 8.559038543360565354e-01 8.905203747806521575e-01 9.059182096060646172e-01 8.959347839841472760e-01 8.919417851297428701e-01 8.931770774140984637e-01 9.008633403418585539e-01 8.996380949313829145e-01 9.097190726695180141e-01 9.053534373486615827e-01 9.038500316024105086e-01 8.895628934560079193e-01 9.031690872343971499e-01 9.039292060744930080e-01 9.060021194818630441e-01 9.120422227308685459e-01 9.128259505050292377e-01 9.034825233977661352e-01 9.047473228206409646e-01 9.054976673291349476e-01 9.116742157105495181e-01 8.949592617056737476e-01 8.895777925032799516e-01 9.161943233235637640e-01 9.168311400000581646e-01 9.115537553778718660e-01 9.082355222425949615e-01 9.084370859125718844e-01 9.109309888746033312e-01 9.120300889103321040e-01 9.137614011449890494e-01 9.078529786075354435e-01 9.080674292884981513e-01 9.048094565153668167e-01 9.097059345112250561e-01 9.122352208292062725e-01 9.080518104874290009e-01 9.119279628769381141e-01 9.113647317708475359e-01 9.087621011674079652e-01 9.128798691419307554e-01 9.141739172773389877e-01 9.116395894036271041e-01 9.117026384682321849e-01 9.124678891911613965e-01 8.966523827583713357e-01 8.970600171600046080e-01 9.072011566067853527e-01 9.086603105758642718e-01 9.057085187598559184e-01 9.037462702061519471e-01 9.077972767660142939e-01 9.110890038082627429e-01 9.125903403664914482e-01 8.952176971223058111e-01 9.078577907840902350e-01 9.124086642547352133e-01 9.134328137303054929e-01 9.101138644332509298e-01 9.079716443429772799e-01 9.126393684084217472e-01 9.097176510630543556e-01 9.097737332060826798e-01 9.099613597932254550e-01 9.123100144927400734e-01
-3.374741917787962148e-02 9.519500612703542253e-02 4.002316625178672371e-01 6.657314464541174148e-01 5.004019043026591840e-01 5.798222441645213276e-01 7.980473683439671673e-01 7.516455523544300910e-01 7.954678207120630118e-01 7.385808184488118489e-01 8.740937768932137697e-01 1.000000000000000000e+00 8.309381272576101818e-01 7.103173325887615075e-01 9.027513380148791677e-01 9.030506813444806324e-01 8.296941580975203401e-01 6.999029175659715607e-01 7.585525057163126084e-01 6.155507021884574215e-01 7.310478800879215422e-01 7.568972116826058194e-01 6.534414066465132898e-01 6.588135406696123963e-01 6.673291390955005120e-01 8.266100655036204836e-01 8.453847576870380243e-01 8.580094192546231513e-01 8.044540327287944548e-01 8.543944559958366325e-01 9.042063065755501228e-01 8.576351589850248480e-01 8.089605087444993181e-01 8.394182337574470631e-01 8.312597031593167429e-01 8.791829165503044496e-01 8.832101267656449206e-01 8.696695664050861918e-01 9.065378061664730591e-01 8.773858187657644914e-01 9.149232712263848377e-01 9.143055399713164721e-01 9.126810240427707388e-01 9.300314002107440414e-01 9.185450884582369024e-01 9.147137552492862200e-01 9.298779638759623323e-01 9.215602154737225771e-01 9.234101354638072356e-01 9.080721554608692792e-01 9.143932435639040568e-01 9.004024795329358399e-01 9.287875512959139490e-01 9.106794378618431329e-01 8.998893289668652429e-01 8.854639862708039155e-01 9.161913191231660925e-01 9.206955169229482649e-01 9.099370201912801992e-01 9.342507859536388626e-01 9.358382208442120875e-01 9.239828721138819700e-01 9.206474395765938956e-01 9.224697179992048524e-01 9.251682918668281408e-01 9.258747868699253036e-01 9.236725656206732360e-01 9.128066753939719780e-01 8.998121832336586357e-01 9.044902873776026198e-01 9.098961263048626069e-01 9.111312554190268420e-01 8.839944728908141203e-01 8.836374556160999649e-01 9.241469516739110324e-01 9.269772886026411696e-01 9.218499184825944548e-01 9.080464853222363075e-01 9.161837026034858056e-01 9.184115744478956733e-01 9.164147664806022719e-01 9.257926576542824249e-01 9.094041456430732584e-01 9.079138235561601267e-01 9.121484894546251221e-01 9.123176754572646097e-01 9.214914246631750183e-01 9.219500724013589554e-01 9.264029034141365582e-01 9.223597297137636764e-01 9.210932040880239757e-01 9.329449343534985672e-01 9.346199801654337946e-01 9.320060912449611434e-01 9.340975385698232492e-01 9.308527941651605353e-01 9.257099168814276746e-01 9.196392207767356552e-01 9.304441013263544669e-01 9.288878147281919295e-01 9.324910976469775736e-01 9.302022429003283799e-01 9.396644818995057991e-01 9.354264852694694765e-01 9.369336661580279779e-01 9.249179145415172831e-01 9.289273222548627418e-01 9.272658144694018167e-01 9.270708115772420266e-01 9.312231517174928142e-01 9.257823263863331764e-01 9.357628761048047972e-01 9.324637118273424452e-01 9.300539341377423996e-01 9.326577631213927022e-01 9.314893078402324278e-01
9.116867241870703006e-03 1.256140087677290185e-01 3.582734275996687923e-01 5.623024353948836707e-01 4.939656471628869339e-01 5.580235949813728835e-01 7.692154119882779195e-01 7.144694875743253792e-01 7.502351258465250750e-01 6.908749067689161638e-01 8.029941620462712759e-01 8.309381272576101818e-01 1.000000000000000000e+00 6.436144296121545372e-01 8.499450270583149836e-01 8.444660618806668628e-01 7.670805533154094746e-01 6.555842297740882563e-01 7.058621215705789265e-01 5.809853269869997838e-01 6.615358349259530257e-01 6.999194200347795825e-01 6.249782437787679834e-01 6.223584883366871656e-01 6.277775283780095972e-01 7.862683771741535432e-01 7.894490257196710159e-01 8.033170043920815351e-01 7.675282010151551759e-01 8.086679226457420544e-01 8.445377064829333591e-01 8.027276882799896374e-01 7.490684940898425515e-01 7.852603803195979948e-01 7.806363781797127643e-01 8.012177550025313399e-01 8.221547931506358875e-01 8.128851001673526033e-01 8.436223854467101990e-01 8.000722285384351817e-01 8.497844487012556902e-01 8.460425329827291341e-01 8.388033741627306528e-01 8.585533708492631977e-01 8.422241593738546417e-01 8.508181551003091148e-01 8.592356402034860841e-01 8.557022786803316627e-01 8.481224187516106516e-01 8.253143133033908896e-01 8.438564019776984004e-01 8.098864711498361402e-01 8.468721131496447230e-01 8.511194277295006660e-01 8.377190108800386392e-01 8.194963492359280677e-01 8.392266847945425434e-01 8.533701776918306559e-01 8.410383947274169270e-01 8.655449324447200832e-01 8.604738482134876021e-01 8.542799825437134009e-01 8.422401578206469841e-01 8.519957624409105756e-01 8.558220335563020420e-01 8.542266175394062078e-01 8.580751864427208497e-01 8.497610402050738143e-01 8.428807609602960715e-01 8.395754484503383797e-01 8.396392929149880668e-01 8.453129941303096917e-01 8.280779195758041222e-01 8.188027779439444043e-01 8.607314640353427304e-01 8.591367246600202234e-01 8.566866240375571318e-01 8.483521758704624105e-01 8.575409907774846907e-01 8.575577850002968905e-01 8.519261075366953984e-01 8.615278008719662317e-01 8.427540377253627257e-01 8.480137821142129662e-01 8.460213008451431538e-01 8.500010455594904091e-01 8.517900813768622958e-01 8.557499721199047782e-01 8.602287372131548482e-01 8.500202742748407259e-01 8.516405977064874788e-01 8.636803117837543731e-01 8.617658117817108554e-01 8.647170058764813705e-01 8.632941399615078337e-01 8.618261675828019497e-01 8.468291982886134717e-01 8.457456820763989969e-01 8.588419760348459109e-01 8.568157634397955968e-01 8.589558932280562109e-01 8.567944652087881030e-01 8.631642341815588537e-01 8.642026268963223234e-01 8.613625279343909424e-01 8.476443822524805105e-01 8.569047854328869507e-01 8.611479088723955622e-01 8.597380369208721396e-01 8.624441333362409257e-01 8.550526936013144175e-01 8.659683926186486636e-01 8.609929007933561085e-01 8.598339475599912074e-01 8.615840156154582763e-01 8.630004980969128159e-01
