1.000000000000000000e+00 2.627538933793066578e-01 2.032411720531680510e-01 -1.251379775040764308e-01 4.751071440507925042e-02 -1.588733715159306933e-03 -9.846930866676611993e-02 1.371452727955851589e-02 5.929309210685189402e-02 4.603924027786196471e-02 8.057643098946701277e-03 -1.807539695253142578e-02 -3.025271314487273239e-02 -2.675107396533987769e-02 -5.939243961586353204e-02 -1.332166066056133732e-02 1.047848495714736317e-01 2.257665580302406216e-01 1.820476781477508021e-01 8.779987841720802988e-02 1.292435612046395343e-01 1.626774181916729456e-01 2.410202274937080780e-01 2.250973495306535233e-01 2.240574982559207506e-01 1.484383707187231505e-01 8.541081908291926761e-02 1.148572447340761443e-01 1.585326458172118258e-01 1.485042834811405865e-01 1.200988677627449486e-01 1.047827969362229439e-01 1.113389919892864705e-01 1.308572010797643126e-01 1.435111225675488600e-01 1.100559492145619239e-01 1.287347240979226648e-01 4.371214124684697638e-02 9.211808417933613213e-02 -2.810642788981091919e-02 1.864237819970507998e-02 1.259833181182328475e-02 2.835968974983646418e-02 1.894713276751927578e-02 7.249627560699808959e-02 3.329602483712334332e-02 2.219766466105660765e-02 1.935042375095273604e-02 8.062427625047094426e-03 3.796251636018117132e-02 2.329705299604718088e-02 1.129990826834753603e-02 1.161523042619504696e-02 4.564748381199221217e-02 6.526411516210876840e-02 6.053245432279577565e-02 3.840755524543010974e-02 1.654736093978013967e-02 2.382723636534483241e-02 2.554943451271473112e-02 2.062924076385898309e-02 1.975909072690470308e-02 1.828868000196118976e-02 2.724164023790013114e-02 5.516943998811874028e-02 6.712914202789314888e-02 5.738181494123890253e-02 8.425352132020903773e-02 9.689688021834241827e-02 6.443027665636605339e-02 8.468117706922301258e-02 8.726504948948947404e-02 1.086691700279779765e-01 1.199122334041111404e-01 5.490884954077088209e-02 4.789823682299037405e-02 5.691972608767743858e-02 7.711499237487884351e-02 5.069912758391260238e-02 8.194507284268595648e-02 9.373376084969384237e-02 6.783573677676724145e-02 8.461420508430397835e-02 7.255951983235005287e-02 5.830726507346463416e-02 8.163785491628217095e-02 8.283941484413828715e-02 3.156673094161519671e-02 4.022212733244225763e-02 5.844115162760933624e-02 3.735721186005227373e-02 1.886581353218978047e-02 3.047959100433664248e-02 2.184427409184755073e-02 1.012443389384176315e-02 2.064521121361246811e-02 -1.204107701405151068e-02 3.310477429493403206e-02 1.161597370991521508e-02 1.721340506071469476e-02 6.009756693907397467e-03 1.313665215687848629e-02 5.318911548804460161e-03 1.038943524584490241e-02 3.333231794010245441e-02 3.352157713867474909e-02 2.354927661873929684e-02 3.947787078879580469e-02 4.105843583119127282e-02 1.252855049781580535e-02 1.181111243307936265e-02 1.048348546524474449e-02 8.591488646319027367e-03 2.233825881536776262e-02 3.439013879163612536e-02 3.630056454690740869e-02
2.627538933793066578e-01 1.000000000000000000e+00 1.954683160364404648e-01 4.183749580217737199e-03 7.077666534723441039e-02 1.007869910200762803e-01 7.655816362771909744e-02 1.455858591563874982e-01 1.653880490434211648e-01 1.972329918188357734e-01 1.432522432463952666e-01 1.285169257231330298e-01 1.092013275066670702e-01 1.010397272390796686e-01 1.035326532904735225e-01 1.243500202339350019e-01 2.112068064872411333e-01 2.901886107879688703e-01 2.794881353018045522e-01 1.542816723018226588e-01 2.128227000403436486e-01 2.621822998189760057e-01 2.947934122587494987e-01 2.874605153801760293e-01 2.913884694511409967e-01 2.670299644669204553e-01 2.196080108588363833e-01 2.598081528192413558e-01 2.879180213090394291e-01 2.605627787228989023e-01 2.604558430308744343e-01 2.404683833698199602e-01 2.505252385426706141e-01 2.608582922010455607e-01 2.573188304284078076e-01 2.408128968317949647e-01 2.534703303958253384e-01 2.023114467819228934e-01 2.335910411571748280e-01 1.396297146678893430e-01 1.652820315382836081e-01 1.636531957658641789e-01 1.789566183296865676e-01 1.632022036703709156e-01 2.158688603094882641e-01 1.816100953910717852e-01 1.655993225435557770e-01 1.624090169474763923e-01 1.545228676894301878e-01 1.866064044738421079e-01 1.744475562848106232e-01 1.471275343584530770e-01 1.493289143278234699e-01 1.764842429885810082e-01 1.975833034991094084e-01 1.959285769992328285e-01 1.697999906282754434e-01 1.598220404559072272e-01 1.698770531569244180e-01 1.609975686820374896e-01 1.587510893125077815e-01 1.586516217052252320e-01 1.588507544446815523e-01 1.653364596529294239e-01 1.873068113244797106e-01 1.910848656264143575e-01 1.923522832047708797e-01 2.202412782916623457e-01 2.266729424032526419e-01 1.988986441261515470e-01 2.209305383249006993e-01 2.237817621711523930e-01 2.343988246538643849e-01 2.416218460605324136e-01 1.928642903573254963e-01 1.942787766124751958e-01 2.028415380720111905e-01 2.212203968009401334e-01 2.003517757923874987e-01 2.256714727148347310e-01 2.330668833329493372e-01 2.114103744595252632e-01 2.123336011921922450e-01 2.125046783008498474e-01 2.037041376730134024e-01 2.166568316083559431e-01 2.209226772613520906e-01 1.810879415872261589e-01 1.857819636278742748e-01 1.886105754437504833e-01 1.835612770856237530e-01 1.644591828553147450e-01 1.734139019016207039e-01 1.706329359967875270e-01 1.539675005254470541e-01 1.626373352494550617e-01 1.352746439792409106e-01 1.668647860817215611e-01 1.552412907344199733e-01 1.667063897277512585e-01 1.535486719558367685e-01 1.556284972957371893e-01 1.491432541614065022e-01 1.551944455606078521e-01 1.697107452728066068e-01 1.617778466211700072e-01 1.627267996697777941e-01 1.735995901255015239e-01 1.794615608158399711e-01 1.588511422973045983e-01 1.591223307087623051e-01 1.499312251564059451e-01 1.488600130759639706e-01 1.610854013355822734e-01 1.701525599834645130e-01 1.665019621516295178e-01
2.032411720531680510e-01 1.954683160364404648e-01 1.000000000000000000e+00 2.505547740673743085e-01 2.014741345196784938e-01 2.486553351456992911e-01 2.560621408620726291e-01 3.637593030213948087e-01 3.734085535533635536e-01 3.356043003092245014e-01 3.729063074579763160e-01 3.690499766356346578e-01 3.006557133846876617e-01 3.154087371036189413e-01 3.188494737551297309e-01 3.493622910618050525e-01 4.222909953259284532e-01 4.869161466063932631e-01 4.825456068125332787e-01 3.531417327596473310e-01 4.583475209971461517e-01 4.894382079528105112e-01 4.624489703355029735e-01 4.795443241403864465e-01 4.737354384550622743e-01 4.562171222696665418e-01 4.186660373732294382e-01 4.279185086757382739e-01 4.349926784935572721e-01 4.367122269730105977e-01 4.363198768861022980e-01 4.464797340213999544e-01 4.380075821478296993e-01 4.672153723657840874e-01 4.399197748401775243e-01 4.452016182617856144e-01 4.483410459865604936e-01 3.952427620289025167e-01 4.242066656167699512e-01 3.604775219986554036e-01 3.951043152636581901e-01 3.779104658178781828e-01 3.897123776786576843e-01 3.800505232583397119e-01 4.321185090072702795e-01 3.806565946966330438e-01 3.743276537547394756e-01 3.767147559962200076e-01 3.695456776389358100e-01 4.051219639103775805e-01 3.939772834722390371e-01 4.018487680300883436e-01 3.902275658901309119e-01 3.840984488071654823e-01 3.976404952465859011e-01 4.054805049988974841e-01 3.778414958356668962e-01 3.755317327711221176e-01 3.811214997047761011e-01 3.689977891305725177e-01 3.779358748530345924e-01 3.667629707520885241e-01 3.667161945370123743e-01 3.705349103759600915e-01 4.082079373469723049e-01 4.039294038092665073e-01 4.063315132813419273e-01 4.442601442186457916e-01 4.447815070443099095e-01 4.398058960716727528e-01 4.594523575835281481e-01 4.400134219605424390e-01 4.587881485293721084e-01 4.566639587527716593e-01 4.045938985508109043e-01 4.081595668316324033e-01 4.062192747188353437e-01 4.221689663104704060e-01 4.119067559297843739e-01 4.212113690809958233e-01 4.305473173042250190e-01 4.164817298220833686e-01 4.268587353205563484e-01 4.154943206959556545e-01 4.248768501712597012e-01 4.334509740280545476e-01 4.335016843655461471e-01 3.929836032780147925e-01 4.002569371932799269e-01 4.068818966978311469e-01 3.988494473954655728e-01 3.833711530261052491e-01 3.928959512041693136e-01 3.873576462096600115e-01 3.717545432076942435e-01 3.758955844655912926e-01 3.716955418593198002e-01 3.857796187034203683e-01 3.762841588303437734e-01 3.875128272039255473e-01 3.777986891927865298e-01 3.783752064500399137e-01 3.781390203561901253e-01 3.759563367202769513e-01 4.034239457841576337e-01 3.823183017178032883e-01 3.802300501619893525e-01 3.850414288033384702e-01 3.946620500891342420e-01 3.757759484878711032e-01 3.768948889554397108e-01 3.666591638046820534e-01 3.703058770240483799e-01 3.794527808233331689e-01 3.892284222938413030e-01 3.865073345788833659e-01
-1.251379775040764308e-01 4.183749580217737199e-03 2.505547740673743085e-01 1.000000000000000000e+00 3.316809210799632202e-01 3.984712681953745950e-01 5.797950634247484025e-01 5.172991898177748959e-01 4.725892776974181531e-01 4.290282715362553900e-01 5.310914656465898220e-01 6.381501448881549132e-01 5.087739691589944213e-01 5.056929549156745640e-01 5.759296794067710890e-01 5.645190011939761332e-01 4.536385025496595391e-01 3.124676089689632508e-01 3.759289367641669988e-01 4.703350534851554743e-01 4.435527735197509203e-01 4.289303349954567968e-01 2.768711810814112328e-01 2.951586274516470598e-01 3.105935336375362232e-01 4.883492070638183469e-01 5.193278992892734758e-01 4.788525613977782092e-01 4.031690663699818433e-01 4.142939572803138182e-01 4.775998129862726316e-01 4.619635938205899350e-01 4.341584764096391158e-01 4.351597586415490992e-01 4.030343115426214262e-01 4.693826995725709494e-01 4.454488470563059965e-01 5.039653921734127406e-01 4.798622441986390430e-01 5.521431025922655111e-01 5.629025498157027574e-01 5.437991861128220750e-01 5.486896975398576348e-01 5.606506925869529923e-01 5.347552611259255295e-01 5.227837068503657925e-01 5.417018919499905216e-01 5.311334785431799377e-01 5.504624175919705653e-01 5.477630983074479598e-01 5.500262371053002974e-01 6.191144943516616594e-01 5.919823436757536417e-01 5.215570339511774733e-01 5.340758415059249087e-01 5.139219829988420640e-01 5.512862426238164248e-01 5.495351370367165256e-01 5.421027422977358068e-01 5.459923727423258155e-01 5.608157801840840673e-01 5.441602558972973291e-01 5.546982247891808493e-01 5.405371600912755037e-01 5.528813304941536666e-01 5.491027765425893215e-01 5.266871451836098172e-01 5.119737438927383089e-01 4.954843774401900824e-01 5.676962738038143774e-01 5.322210763805049760e-01 5.092855691020078401e-01 4.832332723909902872e-01 4.662580024490018960e-01 5.396394390064134239e-01 5.405535107329985101e-01 5.369790268368477282e-01 5.222694389115073443e-01 5.342921344403852579e-01 5.028368402395360093e-01 4.917729422029520348e-01 5.275530078432209002e-01 5.175063129222180480e-01 5.050598214334566238e-01 5.222388013733786361e-01 5.036251190520156795e-01 5.130193459160784508e-01 5.383377481308159185e-01 5.234597272465715267e-01 5.473436249614862525e-01 5.432562981569503124e-01 5.511401598388282475e-01 5.505668886492695036e-01 5.492984861364293980e-01 5.473378104763069185e-01 5.394537296826631412e-01 5.857133407436364569e-01 5.615348676208643530e-01 5.611449352192576789e-01 5.534324757723944055e-01 5.577938567671774095e-01 5.601395300181343240e-01 5.750379583146343343e-01 5.605025593817530849e-01 5.688921821640129384e-01 5.615527570958355197e-01 5.494915768747491436e-01 5.303121505286143567e-01 5.426490206714481568e-01 5.508670511953356330e-01 5.568697400459630131e-01 5.537871416458344243e-01 5.589295813842274363e-01 5.498273560156886619e-01 5.505377283896764062e-01 5.550618021464422958e-01
4.751071440507925042e-02 7.077666534723441039e-02 2.014741345196784938e-01 3.316809210799632202e-01 1.000000000000000000e+00 3.035743448106580367e-01 4.281870419891279922e-01 4.462737380955501543e-01 4.382313976289267110e-01 4.126579668882103813e-01 4.529147452081594416e-01 4.928738234829802556e-01 4.501893390768446079e-01 4.316555232896473471e-01 4.785722465347742038e-01 4.851050970551625818e-01 4.175337430376957482e-01 3.162975488241488442e-01 3.641130306591320864e-01 3.519240359384901429e-01 3.524073016217170173e-01 3.913016391781096726e-01 3.056236899561921572e-01 3.073434916392763228e-01 3.606221054043682317e-01 4.552647206594233054e-01 4.715422148605286634e-01 4.482638334361449539e-01 3.737242826773968241e-01 4.253335189719398834e-01 4.546435567137192546e-01 4.424577701966918020e-01 4.156852001013053299e-01 4.127723623451541868e-01 4.260664143021493655e-01 4.422405642800301684e-01 4.513793572187748682e-01 4.518414113302581803e-01 4.629797647312616782e-01 4.611332268118231714e-01 4.849777096240635021e-01 4.861227346522520865e-01 4.822844063475265619e-01 4.902532188133633118e-01 4.836885489887119971e-01 4.673207692310577532e-01 4.922558725042059380e-01 4.825322777970488253e-01 4.839979706238010659e-01 4.784069156184275751e-01 4.839702660774601317e-01 4.988829005170665742e-01 4.923168292700924042e-01 4.860720438842051627e-01 4.895506586488886369e-01 4.786046006440087819e-01 4.901853826776431111e-01 4.919983814395930688e-01 4.855900279117361107e-01 4.939586897768536433e-01 4.970579956536883559e-01 4.877914955687684406e-01 4.827621763014396383e-01 4.826987975035287315e-01 4.899325306095031474e-01 5.019818411577834372e-01 4.886235312445381118e-01 4.794484650347489718e-01 4.700753900936019969e-01 4.858205606658601017e-01 4.829800433332973597e-01 4.830713797431326340e-01 4.535700057655058237e-01 4.626645796715583292e-01 4.936953940909027394e-01 4.896183919239498472e-01 4.912008537646163076e-01 4.737784732806877286e-01 4.830120920662376305e-01 4.826168772027882858e-01 4.802321302633037470e-01 4.840240637659045664e-01 4.789925437337550496e-01 4.805576136084248606e-01 4.782763316472259385e-01 4.713924553212692214e-01 4.896899100948446382e-01 4.832069593535955887e-01 4.815750069498181962e-01 4.936341522921967040e-01 4.883615388012731429e-01 4.937091935103050666e-01 4.929148504521068674e-01 4.940888330754230617e-01 4.908839040050991809e-01 4.894031321915749411e-01 4.957655819460036750e-01 4.955825659884730561e-01 4.972422296068641501e-01 4.935198601240288752e-01 4.948821690115082217e-01 4.973878610873236905e-01 4.938561962131579608e-01 4.970790857600291268e-01 4.987414047765065805e-01 4.998179682021737791e-01 4.947256943508254734e-01 4.924739457379910812e-01 4.915091347405937672e-01 4.912211619572121601e-01 4.939154711627403160e-01 4.953174387180960259e-01 4.945497263779828900e-01 4.926641606011871732e-01 4.913695272284158144e-01 4.984488476252018629e-01
-1.588733715159306933e-03 1.007869910200762803e-01 2.486553351456992911e-01 3.984712681953745950e-01 3.035743448106580367e-01 1.000000000000000000e+00 5.352053605299943451e-01 5.062173594193073445e-01 5.409261820070758731e-01 4.859765080915301461e-01 5.523290156392515193e-01 5.833365883731913559e-01 5.134822969639956103e-01 5.375380806194942629e-01 5.824252486349550395e-01 5.851480548742705734e-01 5.378826075314043775e-01 4.446062814520683748e-01 4.884308046815338256e-01 4.163821926933130579e-01 4.512348395770598430e-01 4.931737756263241401e-01 4.322814978730733504e-01 4.398788710586580275e-01 4.554617484628357138e-01 5.598506375069109975e-01 5.723892081432451207e-01 5.467527829257478045e-01 5.058170635430923046e-01 5.247449067028614467e-01 5.657444867350660545e-01 5.649988572382494967e-01 5.317459307772753885e-01 5.448288730639359034e-01 5.133475866530424758e-01 5.527203365622507247e-01 5.519366600809662016e-01 5.771983324348214373e-01 5.737077250011709539e-01 5.809496461577258186e-01 5.994759169388385045e-01 5.895399795757185757e-01 5.909882581371651566e-01 5.918806383921850767e-01 5.951863698072400455e-01 5.815011507213848629e-01 5.960241190386313948e-01 5.920073187420016314e-01 5.988613221886484039e-01 5.886650770191386162e-01 5.937124229218592175e-01 5.961156258276408826e-01 6.017337881818787260e-01 5.867779298031133850e-01 5.851574944040377479e-01 5.871418562476466985e-01 5.931633181238840091e-01 5.929616842207640071e-01 5.885021520702131692e-01 5.933084307358592602e-01 6.008877389800719726e-01 5.913684973589962146e-01 5.919760570897987240e-01 5.898389116202099602e-01 6.016341263423835573e-01 5.971770262206390623e-01 5.979855106525725494e-01 5.966444525170250257e-01 5.924760122426344644e-01 5.966303169311730770e-01 5.952003410436561559e-01 5.952988413380422283e-01 5.880704242928339598e-01 5.785307448272392072e-01 5.983828228440237762e-01 5.988471173510717671e-01 5.938081479398564788e-01 5.950092933409336649e-01 5.993008111512344582e-01 5.926289714842971623e-01 5.807904174070865899e-01 5.935763011539010314e-01 5.989407757263165433e-01 5.881166939572580743e-01 5.942598409401567139e-01 5.923873639973059602e-01 5.957120719850884649e-01 5.970070343139334268e-01 5.973503658168125563e-01 5.986622042590662440e-01 5.986306390449592785e-01 6.010420123907287415e-01 5.992606978038372834e-01 5.978090433015932348e-01 5.980073096498674801e-01 5.954261808444893944e-01 6.012074402965532638e-01 5.986432973303370542e-01 6.003056822244974278e-01 6.030723432497535619e-01 6.010001845678482058e-01 5.949249003091902077e-01 6.035872819443819370e-01 5.988563916797641218e-01 6.067075571659908961e-01 5.944557651287619704e-01 6.002872440923368025e-01 5.947022557569825452e-01 5.956405104003649198e-01 5.982253716292591506e-01 5.960928368933974264e-01 5.966265352523065779e-01 5.970298603518862102e-01 5.991430539582015546e-01 6.004974001187483035e-01 5.981584567109684558e-01
-9.846930866676611993e-02 7.655816362771909744e-02 2.560621408620726291e-01 5.797950634247484025e-01 4.281870419891279922e-01 5.352053605299943451e-01 1.000000000000000000e+00 6.980737297789989526e-01 7.159795763914715838e-01 6.528760064684672182e-01 7.256232162489874016e-01 8.005485726499511623e-01 7.349258306647105110e-01 7.316728168654317299e-01 8.368457383068503841e-01 8.029028056201097385e-01 6.788893498365193846e-01 4.312729087511368298e-01 5.247247017671273772e-01 4.735119992184243509e-01 4.604275468294429796e-01 5.284832694938237374e-01 4.449783088967200206e-01 4.306235825513755056e-01 4.818343192188541124e-01 6.942403955786509151e-01 7.270405032928776157e-01 7.021869142611711911e-01 5.987419743118458371e-01 6.452875636022067374e-01 7.127924498676290188e-01 7.055018804660048160e-01 6.762802829806010552e-01 6.664292587970658266e-01 6.409551570633276185e-01 6.855422675915364694e-01 6.848100678912253381e-01 7.701924757918482412e-01 7.448951089907233092e-01 7.889715530391316900e-01 7.918698591610235926e-01 8.014730075188321035e-01 7.972207712493486476e-01 8.058100175999085568e-01 7.591517102694811392e-01 7.841759140032251718e-01 7.991279183967411326e-01 7.919879007383837655e-01 8.036165409961185668e-01 7.766379146631589014e-01 7.947597148616076801e-01 7.727246774927323258e-01 8.010049112882170474e-01 7.781427134702718629e-01 7.671191669449584083e-01 7.553745084685616895e-01 7.861283026138559116e-01 7.956642664316065927e-01 7.931330712650428438e-01 8.016588442514670509e-01 8.058365633083396373e-01 7.963171351260164288e-01 7.905657814689546203e-01 7.932549226396414799e-01 7.789545495655408880e-01 7.845784051429679495e-01 7.842735464139876100e-01 7.530731335489090350e-01 7.491178316174152974e-01 7.472311932373165710e-01 7.354083409818484851e-01 7.493009363470066742e-01 7.166353757275962799e-01 7.072929008776271953e-01 7.920310889311510394e-01 7.880842771569032124e-01 7.895733325238888378e-01 7.676044332650884261e-01 7.879608738654791944e-01 7.665491160525678138e-01 7.553358714696912779e-01 7.798628358324061205e-01 7.672563212186559456e-01 7.733083286023615388e-01 7.777407661022941454e-01 7.635938461909930197e-01 7.683950947619035965e-01 8.016519971895875729e-01 7.929598445628291969e-01 7.874318363276832100e-01 8.006649726148716839e-01 8.084282889353469059e-01 7.985728377599943251e-01 8.056404459981235666e-01 8.039655855380297700e-01 8.009192101914510697e-01 8.175052284422726911e-01 7.952746026067388785e-01 8.077106120372151699e-01 8.060555233880657422e-01 8.112432821897729296e-01 8.030024513216004189e-01 8.129484847504772072e-01 8.079189394526226087e-01 7.987188285923039199e-01 7.976769381835557837e-01 8.033327172564738161e-01 7.930567993767706492e-01 7.944178412184045301e-01 8.026941744672851931e-01 8.057997792877202858e-01 8.071279191392357610e-01 8.078542917994739891e-01 8.026527382199453164e-01 7.984487637027064544e-01 7.987776502874164297e-01
1.371452727955851589e-02 1.455858591563874982e-01 3.637593030213948087e-01 5.172991898177748959e-01 4.462737380955501543e-01 5.062173594193073445e-01 6.980737297789989526e-01 1.000000000000000000e+00 7.080708736363199307e-01 6.473297645941140654e-01 7.304044901720508909e-01 7.713862619952888133e-01 7.002624593154932464e-01 7.006625490745421736e-01 7.788148873820398554e-01 7.889542825287797490e-01 7.087094338670301141e-01 5.810084804677089210e-01 6.400432145134854478e-01 5.487264449257895915e-01 5.985823628875186486e-01 6.477738849428500423e-01 5.791453522535544574e-01 5.797296086796493997e-01 6.158809624054688570e-01 7.504996441658587925e-01 7.557038517727180382e-01 7.370819386800543382e-01 6.620020854762233009e-01 7.091271940323432554e-01 7.388893552000037612e-01 7.706617687344261558e-01 7.278282265511610838e-01 7.409363584735887409e-01 7.074513424942713291e-01 7.562616488064887177e-01 7.404666113578008968e-01 7.908663312057566674e-01 7.778199459723348363e-01 7.852625937277837309e-01 7.939313567679093797e-01 7.876942203664729636e-01 7.985476081651047275e-01 7.950007107876289059e-01 7.891806060852196714e-01 7.768624265336195878e-01 7.961735815693107288e-01 7.888662701636355301e-01 8.035084826171933203e-01 8.012844471797235801e-01 8.102698526316758354e-01 7.826412052938446218e-01 7.966984953967061189e-01 7.837236459536741640e-01 7.949497625154779978e-01 7.948924764286948719e-01 7.987016594593181473e-01 7.929941018215697079e-01 8.005074194332502113e-01 7.908458476953951211e-01 8.040471417496581896e-01 7.916128060933265154e-01 8.013275160387787199e-01 7.899747372578843629e-01 7.917166543768925369e-01 7.972947424649103887e-01 7.963276730632432576e-01 7.881535986964106621e-01 7.873212359304584407e-01 7.842604967609561051e-01 7.874955072169411707e-01 7.876623375543885253e-01 7.739016434982365356e-01 7.675983491194376951e-01 7.960851392341870003e-01 7.918987424176509027e-01 7.928182479323148124e-01 7.833145626153285024e-01 7.899904164332676171e-01 7.859413117815022831e-01 7.842760217583892857e-01 7.870040964838033171e-01 7.961557592129128169e-01 7.873303083269221903e-01 8.003516495904767769e-01 7.912034512432751798e-01 7.947494321897502489e-01 7.992066805528783568e-01 7.932563811079671456e-01 7.991797937139555330e-01 8.011637815348342517e-01 7.959445915309631969e-01 7.959642239265062313e-01 7.954308278243750197e-01 7.932308939750646326e-01 7.897318673503993525e-01 8.094801577215748889e-01 8.026230454823257698e-01 7.999201079393024605e-01 8.069468649968027929e-01 8.024364833328834212e-01 8.006889985333704995e-01 7.988857316314558199e-01 7.966236783108089359e-01 8.060403415690100548e-01 7.974627961587639202e-01 7.998502838303425122e-01 7.892716850964142106e-01 7.960574006608602815e-01 7.940136188762472180e-01 8.003347455664721055e-01 7.924407309800213239e-01 7.952800294931898772e-01 7.971220386433557348e-01 7.962785961230259835e-01 7.941279143585284750e-01
5.929309210685189402e-02 1.653880490434211648e-01 3.734085535533635536e-01 4.725892776974181531e-01 4.382313976289267110e-01 5.409261820070758731e-01 7.159795763914715838e-01 7.080708736363199307e-01 1.000000000000000000e+00 7.694250929694526064e-01 8.257062779730173219e-01 8.146184261317631625e-01 7.679309954595482379e-01 7.817773195023424160e-01 8.452556976953377044e-01 8.420763952690032417e-01 8.128321148041320887e-01 6.392959413672668623e-01 7.147875726609647096e-01 5.088538614578412833e-01 6.036591595610865113e-01 7.076401459922142534e-01 6.623989562162916345e-01 6.308690499425478881e-01 6.958276183004435955e-01 8.349094956680347401e-01 8.437507548422663595e-01 8.305659845759120197e-01 7.434548728929714079e-01 8.203599070573376340e-01 8.491129569018345258e-01 8.511628074549629774e-01 8.215693154685549393e-01 8.127255144408314091e-01 8.092790229034352301e-01 8.214852757796519134e-01 8.446928359741315839e-01 8.638979482939982413e-01 8.713597861708416437e-01 8.408641992095978734e-01 8.851680059692579317e-01 8.806947861986109682e-01 8.705100477101095358e-01 8.803370835081882895e-01 8.747445158877978910e-01 8.748329694023385672e-01 8.869084306395547124e-01 8.937301773655506043e-01 8.817487792328196905e-01 8.477469059961908471e-01 8.776107933653343185e-01 8.253966796913732029e-01 8.667840633961978458e-01 8.868174896010392327e-01 8.706901715207331360e-01 8.724749489514771472e-01 8.697473102720366667e-01 8.820290122979311809e-01 8.780535329491020446e-01 8.865674333852894273e-01 8.842077595666730794e-01 8.818586331336086825e-01 8.659995484363884888e-01 8.817039005634804694e-01 8.831758941563843113e-01 8.823472981950759575e-01 8.942901702368813988e-01 8.837731184446018240e-01 8.816410337586476631e-01 8.404430373484733652e-01 8.639514891722815948e-01 8.839077944930435748e-01 8.601486639790411060e-01 8.624452244772120579e-01 8.921478903759840762e-01 8.907141877389112006e-01 8.902715546947573833e-01 8.791079135938655309e-01 8.863856691910014796e-01 8.885498028446126018e-01 8.850186801149834137e-01 8.910412193592426311e-01 8.918882691695436682e-01 8.901274842562258982e-01 8.780615947563514823e-01 8.819061473969848075e-01 8.875271255916774571e-01 8.888775474767505180e-01 8.913868487827171228e-01 8.885550779606981031e-01 8.880639040139984841e-01 8.898299440578792963e-01 8.885888375417755336e-01 8.905059426032527758e-01 8.896779092207492967e-01 8.911069831627412841e-01 8.668393069795891082e-01 8.730873377914256661e-01 8.864358164410509611e-01 8.854707521227983547e-01 8.892776648593672117e-01 8.829479612984807435e-01 8.841302127892020080e-01 8.866253572678469697e-01 8.864451529244494754e-01 8.823209258093509533e-01 8.884722237268575240e-01 8.925255348773083464e-01 8.906563006900338753e-01 8.893313352361631452e-01 8.845955524142287141e-01 8.893889348585957144e-01 8.868136630742441406e-01 8.911900265641916619e-01 8.911690846695961010e-01 8.891929969983665138e-01
4.603924027786196471e-02 1.972329918188357734e-01 3.356043003092245014e-01 4.290282715362553900e-01 4.126579668882103813e-01 4.859765080915301461e-01 6.528760064684672182e-01 6.473297645941140654e-01 7.694250929694526064e-01 1.000000000000000000e+00 7.627698188648504019e-01 7.505052816340114230e-01 7.069462262315714396e-01 7.265254856594987043e-01 7.773540790197204231e-01 7.836922242259640736e-01 7.435161450521255988e-01 5.798628941741514886e-01 6.497678786088311176e-01 4.511399564604263168e-01 5.426572539370423387e-01 6.393859113245379255e-01 6.041265026873522404e-01 5.722764104627864334e-01 6.310963589194915624e-01 7.690147939668255939e-01 7.794994757664786000e-01 7.683773583513711092e-01 6.978333424861729029e-01 7.632660023466483201e-01 7.926252419222546974e-01 7.856783142264386344e-01 7.572273702785354832e-01 7.505080468385829651e-01 7.488743085813627243e-01 7.567141542394120179e-01 7.830140779097577441e-01 7.978359286643922355e-01 8.123382677894283033e-01 7.767876394469354073e-01 8.197110315306822548e-01 8.143772707237925124e-01 8.008154948350050262e-01 8.123931657864922329e-01 8.122797710362306134e-01 8.118167851192334972e-01 8.231075411704448230e-01 8.282233719443005127e-01 8.136042782604565593e-01 7.853201983619628734e-01 8.097303046762409640e-01 7.575792255425743971e-01 8.010151802350200523e-01 8.265960794681345147e-01 8.082744579270747520e-01 8.131197800678559018e-01 8.037393930271556908e-01 8.166992649641198199e-01 8.164513139062369307e-01 8.227276589122057837e-01 8.178136073238790882e-01 8.207441467361319409e-01 8.027061989774206818e-01 8.135256763276963454e-01 8.106099706432978724e-01 8.163997433746621457e-01 8.290683653608073023e-01 8.168768531376897624e-01 8.151379826898075276e-01 7.745510956202280584e-01 7.975384260442767159e-01 8.179041548009203799e-01 7.941996548275171985e-01 7.966157547484329360e-01 8.267882031614824934e-01 8.258441825124963609e-01 8.236887440637005176e-01 8.183088907367122022e-01 8.220584368532991570e-01 8.276988990538107771e-01 8.238187296534589255e-01 8.267250691378567051e-01 8.241459156220748428e-01 8.256925982513617646e-01 8.151175742128882185e-01 8.170330239064247380e-01 8.239412041718914281e-01 8.251994353047663600e-01 8.280364827158906982e-01 8.211894446031161587e-01 8.240006723063098004e-01 8.245763357150410755e-01 8.259841002074033156e-01 8.260472659816197050e-01 8.242783048262295464e-01 8.270217184919543829e-01 7.995762081586579306e-01 8.059174416607973734e-01 8.200614546339266564e-01 8.213953298493398281e-01 8.232733356816673842e-01 8.166489422224102457e-01 8.189660478742453176e-01 8.201825909100998180e-01 8.183872414829451714e-01 8.170146543708731723e-01 8.222050872390552767e-01 8.288292097856050367e-01 8.283992374237364453e-01 8.257714766235937365e-01 8.194350392070564038e-01 8.242957094791801831e-01 8.228956413854019436e-01 8.243558805598046879e-01 8.218866057731644137e-01 8.217918729997331084e-01
8.057643098946701277e-03 1.432522432463952666e-01 3.729063074579763160e-01 5.310914656465898220e-01 4.529147452081594416e-01 5.523290156392515193e-01 7.256232162489874016e-01 7.304044901720508909e-01 8.257062779730173219e-01 7.627698188648504019e-01 1.000000000000000000e+00 8.515682564314178693e-01 7.698270613309913246e-01 8.040175150359391010e-01 8.588992401468393822e-01 8.557147982638084738e-01 8.066968416541095976e-01 6.602782404042173425e-01 7.315029994992010565e-01 5.397127237013952250e-01 6.525019389546568016e-01 7.388673622853417777e-01 6.644164532595104866e-01 6.454069173100976942e-01 7.031543984347724541e-01 8.435240407099264814e-01 8.575349168946289069e-01 8.435559450501208811e-01 7.714428597083797801e-01 8.407044865276418477e-01 8.719178720250316816e-01 8.587041713743700511e-01 8.324833966054571155e-01 8.240635180104568525e-01 8.219891435507147293e-01 8.332631208844454296e-01 8.616608196633595007e-01 8.760877291116183629e-01 8.790482557616615678e-01 8.619580066579877187e-01 9.013562195111223252e-01 8.876929871882978107e-01 8.840589944703379777e-01 8.893448299376390809e-01 8.936454401137966519e-01 8.869979054447075795e-01 8.958630470045997329e-01 8.980282882130277144e-01 8.924431598215178951e-01 8.671838183437251546e-01 8.923038747434699491e-01 8.546360903665051190e-01 8.846175112389977890e-01 8.908718414649370310e-01 8.816295439747564577e-01 8.841904299413668733e-01 8.771036824389966124e-01 8.902251018010589600e-01 8.899076216246435411e-01 8.916488796395661831e-01 8.964012827323910582e-01 8.903108869361341382e-01 8.795474554362820996e-01 8.881058849916705356e-01 8.938098816053638984e-01 8.886441844704559001e-01 8.980783844582332920e-01 8.933771409198678626e-01 8.902695747354276712e-01 8.629384868009535303e-01 8.846670092077356662e-01 8.940643538010238922e-01 8.712248197813360351e-01 8.714484675109036571e-01 8.995346630512334185e-01 9.016898040566798667e-01 8.985303883772635114e-01 8.955964634336244234e-01 8.999300895001245415e-01 8.956884295667811857e-01 8.910149253234505018e-01 9.019834139476775592e-01 8.964661198634322758e-01 8.958572158833314480e-01 8.897917573372040589e-01 8.881127631391504407e-01 8.935848939198473007e-01 8.996820360436084130e-01 8.989490692964700047e-01 8.964598479168855993e-01 8.996751746578970366e-01 8.980279620024614884e-01 8.997437603966915720e-01 9.012875743615178514e-01 8.969521903176040922e-01 8.969934323799190201e-01 8.819113301303183050e-01 8.802610758729436657e-01 8.944280161429885023e-01 8.987945026043301366e-01 8.997676926862545610e-01 8.926199271730145268e-01 8.969112881597354203e-01 8.969087901786874095e-01 8.982627592440064479e-01 8.895472622778370919e-01 8.942260692969474789e-01 8.979804508116827622e-01 8.988457139978316413e-01 8.997493248399754950e-01 8.946346283844107683e-01 8.964097832214655837e-01 8.953799963951697416e-01 8.975530165584895137e-01 8.995344371875656497e-01 8.953913511650849477e-01
-1.807539695253142578e-02 1.285169257231330298e-01 3.690499766356346578e-01 6.381501448881549132e-01 4.928738234829802556e-01 5.833365883731913559e-01 8.005485726499511623e-01 7.713862619952888133e-01 8.146184261317631625e-01 7.505052816340114230e-01 8.515682564314178693e-01 1.000000000000000000e+00 8.126420209400171402e-01 8.109832793303736187e-01 9.042615063098986550e-01 8.969861800413301278e-01 7.973194637425065068e-01 5.703712802427408635e-01 6.651863720647517297e-01 5.895737894474417651e-01 6.063606833582071420e-01 6.881154356139732586e-01 5.687744027295494886e-01 5.655566244984661095e-01 6.259416701829115803e-01 8.217635999400744184e-01 8.496516154604483173e-01 8.131584867535439631e-01 7.094942504009351669e-01 7.679456073991565157e-01 8.444811010371798821e-01 8.306969793529931367e-01 7.796925020291392006e-01 7.901479341851502802e-01 7.594382680370845851e-01 8.082241968084679096e-01 8.095922409085969385e-01 8.702207997083016844e-01 8.645425881853630035e-01 8.777179509751876774e-01 9.038042167838137297e-01 9.093207631530609847e-01 8.980840749123991662e-01 9.206934126560687437e-01 8.900442986587654426e-01 8.903280202485118755e-01 9.186522430584946886e-01 9.112442634576013445e-01 9.182202233778480327e-01 9.044517571977211956e-01 9.131272961788540199e-01 9.089161816223231272e-01 9.209162983129992597e-01 9.011706820318584610e-01 8.967490742114648805e-01 8.849592328880691028e-01 9.062155986783068107e-01 9.166784810547758955e-01 9.140706772888625986e-01 9.186851638817695731e-01 9.251418764615889634e-01 9.156250134906830374e-01 9.106258231889304833e-01 9.070098441502746356e-01 9.073129804110401375e-01 9.157080294138164600e-01 9.107466532288652772e-01 8.880937888399508262e-01 8.755474686449759014e-01 8.878775009684296560e-01 8.825364871942350531e-01 8.884618352552587917e-01 8.525778563353813011e-01 8.491738433993233359e-01 9.159931545295774136e-01 9.121225478661131314e-01 9.103055101208887834e-01 8.906737134747901852e-01 9.059804687586704430e-01 8.892358780467314316e-01 8.819493468772213740e-01 9.015050475012400533e-01 8.924833014605219050e-01 8.924566527564918861e-01 9.025700043792950211e-01 8.902394364389022430e-01 8.957573897755750636e-01 9.157243948526653243e-01 9.097567263304100482e-01 9.114204637091261052e-01 9.165518512844863519e-01 9.241060522630177854e-01 9.207735326958129685e-01 9.224707934215572447e-01 9.217898996835255376e-01 9.187111081521948108e-01 9.280911492300208954e-01 9.196352294868134214e-01 9.267286146515220091e-01 9.231555761489772527e-01 9.232306463797236296e-01 9.246252256826831273e-01 9.311414973091084457e-01 9.270269325337320288e-01 9.250843266159999301e-01 9.197690794613072596e-01 9.223730434853255611e-01 9.145469249952676849e-01 9.162912332498693857e-01 9.225665618260592282e-01 9.242895169824408841e-01 9.223321648252689187e-01 9.241910713405648847e-01 9.193938326526529536e-01 9.193826546145865697e-01 9.210390769075349482e-01
-3.025271314487273239e-02 1.092013275066670702e-01 3.006557133846876617e-01 5.087739691589944213e-01 4.501893390768446079e-01 5.134822969639956103e-01 7.349258306647105110e-01 7.002624593154932464e-01 7.679309954595482379e-01 7.069462262315714396e-01 7.698270613309913246e-01 8.126420209400171402e-01 1.000000000000000000e+00 7.561299344464199601e-01 8.408483914803769332e-01 8.285538022689367121e-01 7.304273355998303074e-01 5.075653993556599186e-01 5.872487771202897777e-01 4.904590244099580887e-01 5.070283839664460057e-01 5.930662643272358592e-01 5.230591249001290688e-01 5.000170973091488946e-01 5.673052727111257409e-01 7.503036338660201698e-01 7.770949915812446207e-01 7.475958229403202315e-01 6.447149567532715064e-01 7.234244257811657253e-01 7.761358986084185840e-01 7.621516597207448340e-01 7.170524629829607699e-01 7.151820500327765728e-01 7.084702975923311552e-01 7.310456377980835141e-01 7.507083022186800125e-01 7.952494728376077182e-01 7.972069093481690683e-01 7.999802733978090830e-01 8.337369994998985456e-01 8.404220138312745725e-01 8.198034135912681819e-01 8.482859955301963462e-01 8.131354018973253606e-01 8.295480846893771298e-01 8.476360410676149204e-01 8.486316792127404085e-01 8.411336234705717452e-01 8.074232647427946885e-01 8.249173339062785271e-01 8.148295064170750779e-01 8.365334818197462941e-01 8.430096785040481766e-01 8.174142501782055703e-01 8.131278077877224231e-01 8.281948016323004147e-01 8.447256009351892247e-01 8.344806948350941278e-01 8.567268301359237670e-01 8.509690294597499483e-01 8.465949388703079004e-01 8.285302978041797495e-01 8.388589828316035391e-01 8.343541668544067758e-01 8.430790387552491438e-01 8.416844757428798562e-01 8.169003537987898911e-01 8.082474492541205091e-01 7.971408054920194886e-01 7.974367368538595180e-01 8.147102308464516662e-01 7.800686930914971784e-01 7.813201461367470513e-01 8.483149479906071377e-01 8.407884336143091053e-01 8.380209176901091128e-01 8.175075396399342775e-01 8.368730516451080570e-01 8.271354682639934230e-01 8.152733534587029984e-01 8.378622029417674977e-01 8.246230053896631551e-01 8.297187363545047711e-01 8.251403032242892177e-01 8.186558881626858630e-01 8.255471339875344317e-01 8.457026756147367763e-01 8.426590675706986389e-01 8.401993567129079077e-01 8.441926470033204177e-01 8.556844918344225226e-01 8.520536550577587631e-01 8.540180234958327787e-01 8.563900211432182719e-01 8.559091058001550012e-01 8.431751137157337261e-01 8.385184087297810063e-01 8.545688374597039116e-01 8.462394671068039775e-01 8.534994159455353557e-01 8.509965231621889892e-01 8.579266160547120990e-01 8.566026865296325621e-01 8.478547691269022746e-01 8.481216341767758848e-01 8.509675598108340511e-01 8.503786729059541472e-01 8.485103623897082281e-01 8.531709169838961326e-01 8.512912782135192424e-01 8.602800999324742293e-01 8.562669980201480513e-01 8.525652584126401923e-01 8.483213926278144745e-01 8.548849006077137158e-01
