1.000000000000000000e+00 2.692918924418808979e-01 1.491342565568680445e-01 2.049333612670845850e-01 1.325423760153944808e-01 7.828584167860293264e-02 1.914189640626381694e-01 1.148489366812697754e-01 1.161738482971942099e-01 1.011614970283788717e-01 7.506303619444677777e-02 7.256212759271972457e-02 8.166473565275675361e-02 -1.485880225974947925e-03 8.001753909392271547e-02 9.491331745201087022e-02 1.047815158797407997e-01 1.460441172456054815e-01 7.346198578587614936e-02 1.564388851706007555e-01 1.976466075919963428e-01 1.196059048096897726e-01 1.283740960545955434e-01 1.158321863583331168e-01 1.049091013680409634e-01 1.233959386394677948e-01 1.243434747387628658e-01 1.248263096226402691e-01 1.463236263415574889e-01 8.451964059612145086e-02 5.772487914078733295e-02 8.846270945222906024e-02 7.725727470745601122e-02 6.114660439672924691e-02 6.711940971755096796e-02 6.487640684062838392e-02 4.851105611629351333e-02 5.244353964267192691e-02 5.410106972157148475e-02 6.284163801360434509e-02 4.909470296256099320e-02 3.877401047708127491e-02 2.903321538833157286e-02 5.119262038473944981e-02 4.541706931295264732e-02 3.679243124656494252e-02 4.338595243819352160e-02 4.450223800029712989e-02 6.879197175805264186e-02 4.516913766678502112e-02 4.294561406567920514e-02 5.381926996738001234e-02 3.841450389736639909e-02 6.497628202579155965e-02 6.394086162376423632e-02 4.822631309050011417e-02 7.601732995699581052e-02 4.006519834099032951e-02 4.500900255175432213e-02 6.140886825005801436e-02 4.203987358379451117e-02 4.698611888276371662e-02 4.860818863543539536e-02 4.710347426786307135e-02 5.632494518946531276e-02 6.216611983099995520e-02 3.528644185592742094e-02 3.088222889833758603e-02 4.840659766871877046e-02 5.615972888993835815e-02 4.638513120402490419e-02 3.373990567192597378e-02 4.150253735653437748e-02 4.411584737008855672e-02 5.424855069116177320e-02 4.783108136041318986e-02 6.566165313893411459e-02 8.070972182379382298e-02 5.099766510046058188e-02 4.027528466230465010e-02 4.020404534849143785e-02 2.226011847571960148e-02 4.557691096873436182e-02 3.488912814848513927e-02 1.715362032075854956e-02 1.447573968278393144e-02 1.486690448324844149e-02 2.767896698097505395e-02 2.233774444624975555e-02 4.505473579372132331e-02 3.735230408851415024e-02 2.629662647074810025e-02 1.930776598560199689e-02 2.183510849005777105e-02 1.238331984653440708e-02 1.991548138007610130e-02 8.887444369744711831e-03 4.905049985750992159e-02 2.525545496377332860e-02 2.157779623636249880e-02 2.856876553281219398e-03 2.740694811795944472e-02 2.217905203725136984e-02 1.797457471819293232e-02 9.424144368665898774e-03 5.047981379127692431e-02 4.248138229677791283e-02 2.520635515357905893e-02 3.823191526731901241e-02 3.224055634098647177e-02 2.275296623897492265e-02 2.336655000326352122e-02 2.490310142340323649e-02 1.605053622740913039e-02 3.085648815510298043e-02 3.351278659717422947e-02
2.692918924418808979e-01 1.000000000000000000e+00 1.791893703816716810e-01 2.813982579810615503e-01 1.612079132298537554e-01 1.314177242087561093e-01 3.326537491218713449e-01 2.636072001615661908e-01 2.149483991224703239e-01 2.156630971167765032e-01 1.990227223306325066e-01 2.261442461625559619e-01 1.736321698766844224e-01 1.323362136511231635e-01 2.339648483020638770e-01 2.447929921725016111e-01 2.275134458229429724e-01 3.183140240619556915e-01 2.214183782245652266e-01 2.611764882854267222e-01 2.955549084440907692e-01 2.418480737323535634e-01 2.690007920235371608e-01 2.787445600456973649e-01 2.444827888836975938e-01 2.948569722725110087e-01 2.727406247671290140e-01 2.815987231751362896e-01 3.056465487761466093e-01 2.145950284735789748e-01 1.709228932834630232e-01 2.755643924270425038e-01 2.434468233049135732e-01 2.394946190031647937e-01 2.065280008581974192e-01 2.215506474475306964e-01 1.747777742588031979e-01 2.374287436540216678e-01 2.117659730161145504e-01 2.626896666563980909e-01 2.117176605434068770e-01 2.073211726156372614e-01 2.058656325865087788e-01 2.088522665005496104e-01 1.954008634893338314e-01 1.926473080688645700e-01 1.895458040425758717e-01 1.915067500511557219e-01 2.324518243975757237e-01 1.921334865983025664e-01 2.083174454239067330e-01 1.829647223259563138e-01 1.827881002547713796e-01 2.019479997287771389e-01 2.073810190450586510e-01 2.198483084340992211e-01 2.141467008904196223e-01 1.820317407652281838e-01 2.126074346946419114e-01 1.869876508964634920e-01 1.797423771389824732e-01 1.840269699928882285e-01 1.864305835563264124e-01 1.890460680375711522e-01 1.717725031514199252e-01 1.782860773918412134e-01 1.774712884044174488e-01 1.804741783537394118e-01 2.121542658753450827e-01 1.896973053966868883e-01 1.826752835712755207e-01 1.717436914083643740e-01 2.003382548861451784e-01 1.895968209369753299e-01 2.081665044214665028e-01 1.926414151806249142e-01 2.232377675051732679e-01 2.323414333122170716e-01 2.088347101834391872e-01 1.702580870252065337e-01 1.753985675001332456e-01 1.552635994726188073e-01 2.101113651721509545e-01 1.854597130846275532e-01 1.848161104826796242e-01 1.746325209733033124e-01 1.573835161312959197e-01 1.969269443294168476e-01 1.761684682219245845e-01 2.143875436039318350e-01 2.129472395908476590e-01 1.779207454279550238e-01 1.711312086966714496e-01 1.722684641460664745e-01 1.508192162487639598e-01 1.651788381002519124e-01 1.758607240054600451e-01 1.825468825084215485e-01 1.767441594682765682e-01 1.796196124507735692e-01 1.552112817009257684e-01 1.732838437943166332e-01 1.655230063110405270e-01 1.636780356686095006e-01 1.535956494180900633e-01 1.915087076538482258e-01 1.930574520690894746e-01 1.644586539558026417e-01 1.938386748030494766e-01 1.712825196624058188e-01 1.742230153512387136e-01 1.608213091812713824e-01 1.647982696641454026e-01 1.577927763289129481e-01 1.584248735840291245e-01 1.603724324113406097e-01
1.491342565568680445e-01 1.791893703816716810e-01 1.000000000000000000e+00 3.717117951378116625e-01 2.267293544020005103e-01 2.501851008255829845e-01 4.205098362846473314e-01 3.677246893214262680e-01 3.743760396358463693e-01 3.459610748116173085e-01 3.550917097289686408e-01 4.092233025764663856e-01 3.457587177612153617e-01 3.279267242239964353e-01 4.138730194234701010e-01 3.985795143221356751e-01 3.846286426276545600e-01 4.303157075576032331e-01 3.876876370248683035e-01 4.035826596616732265e-01 4.363069941124709250e-01 4.123702447543699523e-01 4.131593658676797620e-01 4.112113587227486100e-01 4.161567193885697402e-01 4.213357469028318758e-01 4.170890552569330167e-01 4.183605825139301571e-01 4.354463458870614367e-01 4.011362594505113455e-01 3.864494809399607322e-01 4.179420890693253399e-01 4.047240759668422339e-01 4.079899590509388219e-01 4.091265921310050513e-01 4.004641690065218751e-01 3.814689586364850560e-01 4.060056934139809615e-01 4.018315114952801248e-01 4.099089495670218963e-01 4.028185723259658513e-01 3.954835240805236740e-01 4.009350910044226501e-01 3.987833648128136232e-01 3.979480292709250966e-01 3.940530432106708059e-01 3.910650082072914535e-01 3.871080602050170349e-01 3.993993857002736125e-01 3.851491023965560312e-01 3.919874539924156909e-01 3.823131609861589175e-01 3.844843046446363433e-01 3.949580732611782108e-01 3.945346888782825245e-01 4.026519693954159207e-01 3.985902494355919035e-01 3.829748753718810184e-01 3.889482589938011992e-01 3.856113371331865158e-01 3.863175381516917306e-01 3.832953791831308354e-01 3.872596064365551038e-01 3.868579890331598214e-01 3.764696298171457123e-01 3.849909881785042454e-01 3.807505167150206371e-01 3.876233280214430033e-01 4.029006651542119122e-01 3.972909193778010328e-01 3.916356010085987882e-01 3.825466340755219186e-01 4.009465281768891942e-01 3.958225309470514430e-01 3.989659178507025672e-01 3.955603046605540296e-01 4.057551887492693021e-01 4.144982135443847082e-01 4.005501430956800446e-01 3.936360101171449966e-01 3.916939487287621757e-01 3.746568873950586465e-01 3.988921696775638570e-01 3.936172345272431761e-01 3.854747691615456051e-01 3.824401767188274626e-01 3.804584761072525301e-01 3.946338792412099616e-01 3.882484231046278156e-01 3.985993343280264667e-01 4.012861528280618484e-01 3.865457368915904413e-01 3.833647486504797031e-01 3.839753889844582657e-01 3.734600320710227406e-01 3.774948169101671192e-01 3.827337117235132258e-01 3.811577785045170974e-01 3.850969273094654310e-01 3.884218160001002840e-01 3.786651772656773329e-01 3.819595038193353553e-01 3.809738597081065437e-01 3.781398208454626042e-01 3.757884297203096247e-01 3.900219845842355926e-01 3.884908545132815805e-01 3.765785040808916073e-01 3.916749656908306565e-01 3.791323233481829202e-01 3.849652266936162692e-01 3.749090642063303003e-01 3.775549435478516846e-01 3.746477057843656810e-01 3.764473661479186273e-01 3.766788343972919395e-01
2.049333612670845850e-01 2.813982579810615503e-01 3.717117951378116625e-01 1.000000000000000000e+00 4.030764711895869490e-01 4.241901768838341469e-01 6.842030927148280428e-01 6.019078272123908890e-01 5.530225124674530424e-01 5.373140206790486539e-01 5.574418466991047927e-01 6.340232475632892051e-01 5.585269127984782145e-01 5.181352097654954303e-01 6.452580818944253505e-01 6.457922329232756997e-01 6.104168181207634269e-01 6.812418738479826263e-01 6.259240769637427482e-01 6.017671708155299948e-01 6.931584376520768531e-01 6.538176606920892420e-01 6.422639062306402247e-01 6.100085748532795282e-01 6.588644202323064025e-01 6.850272326458713978e-01 6.740470069149696597e-01 6.773979903102683719e-01 6.640074918004629234e-01 6.276750415849176035e-01 6.001642901261504681e-01 6.505924702568286477e-01 6.408453529138313787e-01 6.385213081758924769e-01 6.206924747588209446e-01 6.490215327532556921e-01 6.141343144170301471e-01 6.418844756451123068e-01 6.313931511092567561e-01 6.727445716308638746e-01 6.280700694499395942e-01 6.326210197092564380e-01 6.397051645851061785e-01 6.383432812508471610e-01 6.370325450792849731e-01 6.238857830232733548e-01 6.182553080308935689e-01 6.051725828724991985e-01 6.402165739723612026e-01 6.287665833251657732e-01 6.284145457843939298e-01 6.488086491869167194e-01 6.345404035711712520e-01 6.204332015580842352e-01 6.362875092867411597e-01 6.381434467961444312e-01 6.493972961692273671e-01 6.200335423741445418e-01 6.190609302756855392e-01 6.086337462876275639e-01 6.151382495504154058e-01 6.107070126383549180e-01 6.132219226640116538e-01 6.149970527563007883e-01 6.182048466111478291e-01 6.193177232669712096e-01 5.978885568017899832e-01 6.074718436637940311e-01 6.257578661840249579e-01 6.198132845938604252e-01 6.231451187293681748e-01 6.056547876744856618e-01 6.110682652474789256e-01 6.164733354785663089e-01 6.384005426857626286e-01 6.298073010683042927e-01 6.509691522185326873e-01 6.475738503337681307e-01 6.246690335608131583e-01 6.016445370321054087e-01 6.142387735965987305e-01 5.809242646043313307e-01 6.349918645957033370e-01 6.162205422907677255e-01 6.094052920611908730e-01 5.967916151110611578e-01 5.980827875321532705e-01 6.246876878027701752e-01 6.102552270586943939e-01 6.383885288831736560e-01 6.465691860654272372e-01 6.179396636279461674e-01 6.040753758304518994e-01 6.067253195968494994e-01 5.876660968824831688e-01 5.930687058514524379e-01 6.310332867120828082e-01 6.374967758149298058e-01 6.215107781517477115e-01 6.205999790335976485e-01 6.061340257358246442e-01 6.169453530766018101e-01 6.110695271029661368e-01 6.091664231459469336e-01 6.098954640746092615e-01 6.357891550919589907e-01 6.204788226088068237e-01 5.936325675488793863e-01 6.257661484382986972e-01 6.055083910618205278e-01 6.098592856153109976e-01 5.940286015318297919e-01 6.033181635197123471e-01 6.012255378519515414e-01 5.993571059503653986e-01 6.074812896718555510e-01
1.325423760153944808e-01 1.612079132298537554e-01 2.267293544020005103e-01 4.030764711895869490e-01 1.000000000000000000e+00 3.547928695954051248e-01 4.729413806426241429e-01 4.916644095338611464e-01 4.652063495038388230e-01 4.503613591668502725e-01 4.575864658545983343e-01 5.086493322412571905e-01 4.867686561955615887e-01 4.619824182054454997e-01 5.287550926110318184e-01 5.128569885945372109e-01 4.902630059428650378e-01 4.942666612595240649e-01 4.963006371716985887e-01 4.476774339519915547e-01 4.906699038102592669e-01 5.223074351329012321e-01 4.889478375399648469e-01 4.557895115059622526e-01 5.230813452842238975e-01 5.353439352160872522e-01 5.297901956386087408e-01 5.305545269636882111e-01 5.184799078463164790e-01 5.284931374997499098e-01 5.295586812427877099e-01 5.016679457496334704e-01 4.964455836685084389e-01 5.130397585511644598e-01 5.042306777553143826e-01 5.067531419168196383e-01 5.219621946333241613e-01 5.189317668146454787e-01 5.195401875431807648e-01 5.136120898704800153e-01 5.244563013247401928e-01 5.270481473412418350e-01 5.130513588008663861e-01 5.299173062408818469e-01 5.258827673167341121e-01 5.186340582160944290e-01 5.185375963258068710e-01 5.168015751677526026e-01 5.112356750890736379e-01 5.136812634212137851e-01 5.193872519170671387e-01 5.189222548245135958e-01 5.176957019493755308e-01 5.095947255100339301e-01 5.134660411764919719e-01 5.153995871415515406e-01 5.040817213173733879e-01 5.192211982155041650e-01 5.071810482487473237e-01 5.154337328490536940e-01 5.178074060260402511e-01 5.007298591990408942e-01 5.066339714368295333e-01 5.113710610915522814e-01 5.204385857479133515e-01 5.072950236152711234e-01 5.123084579938516070e-01 5.166610220111069740e-01 5.174886808696439466e-01 5.170597368653134795e-01 5.265701758895111606e-01 5.174401968398890661e-01 5.092797679911535980e-01 5.213943981908711889e-01 5.313355900088180261e-01 5.277307050865311933e-01 5.365714004156642014e-01 5.331115905624996820e-01 5.234940907967289281e-01 5.187253176642985242e-01 5.224518578075815212e-01 5.128602608948731323e-01 5.166991733599155534e-01 5.214296555336354055e-01 5.153033980704443406e-01 5.087745001175593140e-01 5.136825644402149837e-01 5.213396672166682455e-01 5.181828240530880203e-01 5.232520860856025857e-01 5.290691914986496158e-01 5.232682960778235470e-01 5.213737527895784263e-01 5.202151087096021920e-01 5.104454663953090776e-01 5.131298536239310426e-01 5.101796905938054127e-01 5.096605972037965282e-01 5.146471069991758185e-01 5.162598093616166395e-01 5.145709162355033284e-01 5.104533829566437753e-01 5.184948857074379580e-01 5.211042397155558614e-01 5.150784187254813240e-01 5.070011676074122065e-01 5.129986996232919205e-01 5.115818676450765157e-01 5.180671917475223598e-01 5.162153296648936962e-01 5.103361202246766704e-01 5.132996580363256012e-01 5.060464301563112333e-01 5.130809826328837087e-01 5.137557235194782912e-01 5.099084443032262381e-01
7.828584167860293264e-02 1.314177242087561093e-01 2.501851008255829845e-01 4.241901768838341469e-01 3.547928695954051248e-01 1.000000000000000000e+00 5.342884329982473535e-01 5.197490710953059923e-01 5.188116841218590736e-01 5.122407347246444864e-01 5.199284854615836560e-01 5.852897911486319993e-01 5.429028318850518398e-01 5.487218281313569479e-01 5.933049466117463755e-01 5.812907815212789986e-01 5.471485065131311831e-01 5.649359885416110894e-01 5.737792046839018667e-01 5.175020996046948429e-01 5.532845628906249980e-01 5.966755162027160830e-01 5.801545835301532561e-01 5.434720431139817842e-01 6.017430579318758799e-01 5.839355801004985080e-01 5.936214512680291211e-01 5.941292969024403181e-01 5.691138288288467573e-01 5.923343337261257613e-01 6.118222372088510941e-01 5.990003899335486492e-01 5.885470535694999894e-01 6.079554348088606064e-01 5.871098008974908744e-01 6.110127100676643330e-01 6.104473973072277460e-01 6.155210625851244011e-01 6.173907008937097318e-01 6.088087525117049648e-01 6.095067902969960594e-01 6.172487837141980016e-01 6.097408424463195420e-01 6.153374337615022949e-01 6.105252141336106053e-01 6.163381911558392101e-01 6.106444715101443377e-01 6.038114793024283999e-01 6.080956005163102862e-01 6.130087945617751499e-01 6.224777816478078707e-01 6.101315120527400770e-01 6.015706900437531868e-01 6.023197463570825194e-01 6.022897218199124714e-01 6.139890692943863471e-01 6.060029671017971298e-01 6.074121415670244994e-01 6.093036821762949362e-01 6.000738683249975391e-01 6.123609155259498449e-01 5.968864234463583385e-01 6.083567712874622391e-01 6.033884328673211339e-01 6.113362072623109711e-01 6.036740329516810943e-01 6.049757895822126530e-01 6.101820383918657997e-01 6.098956208343613294e-01 6.148425716709383648e-01 6.156025283348072197e-01 6.134541878747846733e-01 6.072575112870401970e-01 6.185511669014359670e-01 6.162377150978206597e-01 6.180487298486528891e-01 6.151359802187997827e-01 6.089639493569775075e-01 6.105389864462934524e-01 6.105565867446370865e-01 6.185040774354841897e-01 6.088850758750021797e-01 6.215851514522746646e-01 6.145256009926045593e-01 6.121721645885221941e-01 6.144800978777279488e-01 6.140396609219448409e-01 6.177587676030078523e-01 6.179093787250893310e-01 6.143740995131157234e-01 6.213779081429489093e-01 6.161209422792350843e-01 6.125856386005312793e-01 6.140338882341566107e-01 6.076135575875516448e-01 6.073872405823256271e-01 6.129074979606188300e-01 6.134628832068744764e-01 6.141680737438637294e-01 6.132133406377863194e-01 6.123783981080732630e-01 6.141490412410396393e-01 6.110950430750182738e-01 6.128426996622196032e-01 6.156689731065526638e-01 6.068047313734911130e-01 6.087730236764892222e-01 6.081252212974148641e-01 6.121447039947488511e-01 6.101906739726173923e-01 6.060619758699696824e-01 6.076497251514487719e-01 6.056609050069515776e-01 6.096195964470094708e-01 6.127487374092233097e-01 6.072528235220808757e-01
1.914189640626381694e-01 3.326537491218713449e-01 4.205098362846473314e-01 6.842030927148280428e-01 4.729413806426241429e-01 5.342884329982473535e-01 1.000000000000000000e+00 7.491777593413665448e-01 6.814815369521075583e-01 6.726121664439297376e-01 7.033787609315378386e-01 7.844626517988255721e-01 6.939753250811242502e-01 6.615931418646420203e-01 8.283389191883093750e-01 7.997243952227713892e-01 7.408858734453303008e-01 8.216409377502793543e-01 7.764519538789853570e-01 7.426804327746688861e-01 8.089601303151954248e-01 7.972455725248090985e-01 7.915386368104714299e-01 7.522165549166942577e-01 8.042686509144768570e-01 8.448576807830148194e-01 8.351361647865656046e-01 8.360441947403417506e-01 8.120202348513700930e-01 7.720012149136734614e-01 7.585557113010245045e-01 8.058309112034003352e-01 7.847580282010971908e-01 7.945561940377685595e-01 7.635219795445574720e-01 7.849558939870364682e-01 7.644047346506439577e-01 8.049551320887039507e-01 7.926221490590688035e-01 8.272084141670589252e-01 7.877982612432646858e-01 7.971032576860986874e-01 7.908514625703360057e-01 7.961989956441564154e-01 7.888262955968246004e-01 7.817585130124481418e-01 7.699752217914986874e-01 7.618197777517032865e-01 7.884467854844169343e-01 7.808208403101640771e-01 7.879488867350350478e-01 7.787672422044058518e-01 7.772984279954208153e-01 7.717630159961701430e-01 7.785170976475036531e-01 7.875026023513711504e-01 7.801425846569068900e-01 7.628587700753135525e-01 7.675879749988603340e-01 7.569102929200909324e-01 7.639961637631182967e-01 7.488950942320296011e-01 7.610412956452045075e-01 7.646235129250998908e-01 7.562875956740982009e-01 7.565574349817242306e-01 7.514396030374698165e-01 7.624085268417449823e-01 7.808459587138512070e-01 7.760781547226998089e-01 7.735424914998962898e-01 7.594347374678603879e-01 7.664737687571520075e-01 7.729186753626582362e-01 7.978825851995918761e-01 7.853229657443153711e-01 8.120689278626315177e-01 8.012468228387398250e-01 7.829862271943393015e-01 7.572795019117161130e-01 7.664160231938412782e-01 7.414336990286377604e-01 7.893698120592484990e-01 7.701113859778153659e-01 7.667632661297684171e-01 7.551085093981484420e-01 7.559878113100010344e-01 7.809546847997647090e-01 7.698506969174173653e-01 7.894569132744446716e-01 8.088892995566902000e-01 7.761018820204051982e-01 7.626216150973694763e-01 7.673180806070815096e-01 7.427864607632064242e-01 7.475530657263045331e-01 7.755389225600477499e-01 7.750801742699376939e-01 7.712736836151560249e-01 7.753903677382697479e-01 7.595328417754080297e-01 7.645375446701325739e-01 7.599846212565546377e-01 7.618605474809051481e-01 7.574746627799200382e-01 7.716458521776939916e-01 7.712670231970797374e-01 7.492754576657779664e-01 7.761599956753980623e-01 7.582040132444149982e-01 7.584940065098756401e-01 7.467616999828626811e-01 7.491623115707533032e-01 7.514918456038098826e-01 7.484412642201092591e-01 7.496073521239682291e-01
1.148489366812697754e-01 2.636072001615661908e-01 3.677246893214262680e-01 6.019078272123908890e-01 4.916644095338611464e-01 5.197490710953059923e-01 7.491777593413665448e-01 1.000000000000000000e+00 6.965670428204381315e-01 6.802167120815910684e-01 7.047273886003283527e-01 7.882220886850522801e-01 7.302567477848209698e-01 6.966056486318331631e-01 8.178352342438361955e-01 8.072907175927528378e-01 7.453057036694132886e-01 7.944424231552146276e-01 7.781657407988967767e-01 7.317154855432317362e-01 7.746039642684586779e-01 7.989637690240750656e-01 7.628695492263964928e-01 7.368344719315927938e-01 7.908759855835957309e-01 8.136752353641696356e-01 8.016187035742333711e-01 8.065242204843861007e-01 7.872425850310333928e-01 7.781754703849286248e-01 7.879003435143616674e-01 7.996826376235262046e-01 7.680590560462570160e-01 7.963361015733581016e-01 7.756854693329096051e-01 7.944260717790081472e-01 7.735206744700957593e-01 8.161591945977423324e-01 8.100122685506587761e-01 8.090189416964129743e-01 8.007335948552360971e-01 8.133260774581596575e-01 8.155237810330910886e-01 8.141986896165139820e-01 8.021926885257555373e-01 8.059903113603219538e-01 8.033900681601301441e-01 7.953465111519549824e-01 8.086393069381400123e-01 7.988364385672596102e-01 8.120422001881101304e-01 7.932071587936847523e-01 7.989468563956254599e-01 8.012527594141772846e-01 8.076095228932692605e-01 8.078760957939503662e-01 8.088145559100107240e-01 8.032293716277925100e-01 8.068318970122171363e-01 7.936888958457790633e-01 8.015009300493936006e-01 7.931815617633823923e-01 8.008444161464010058e-01 8.002011137855573608e-01 7.889942802297619240e-01 7.936527867709223250e-01 7.893018667321840542e-01 7.994426454756804468e-01 8.053187049877027492e-01 8.102004029286851150e-01 8.077174985280649588e-01 7.958152538687788269e-01 7.987531082463713572e-01 8.051642909172678220e-01 8.136919149701685727e-01 8.042862251457268963e-01 8.167113721067849053e-01 8.138310499690288857e-01 8.066137448040803237e-01 7.932480812764339806e-01 8.000881694241759323e-01 7.857795094913386791e-01 8.089324701475766322e-01 7.988692322250339206e-01 8.023516039713635140e-01 7.941733517084412775e-01 7.906687834662508019e-01 8.078811165826534912e-01 8.017709401790164003e-01 8.118566035903060918e-01 8.132939702897911127e-01 8.025209546308091912e-01 7.979082043656324785e-01 7.989098576533988361e-01 7.865549479828617407e-01 7.890073944001589901e-01 8.042397334221856875e-01 8.015643142869312010e-01 8.027237512918048434e-01 8.031053497165042687e-01 7.951039013411723699e-01 8.006611636433574875e-01 7.942807302266101654e-01 7.989848892056522489e-01 7.956651278588269260e-01 8.051244930227159369e-01 8.029076419755031280e-01 7.875257956841924534e-01 8.067935306641109694e-01 7.966970114184288576e-01 7.981876694188363430e-01 7.894410294995403143e-01 7.925839847683181505e-01 7.923511380457978204e-01 7.894720725787248705e-01 7.913836090035286652e-01
1.161738482971942099e-01 2.149483991224703239e-01 3.743760396358463693e-01 5.530225124674530424e-01 4.652063495038388230e-01 5.188116841218590736e-01 6.814815369521075583e-01 6.965670428204381315e-01 1.000000000000000000e+00 7.515259037863167846e-01 7.700562560221784203e-01 8.300852783949296265e-01 7.512028063649840437e-01 7.741436758350529468e-01 8.399967502457234003e-01 8.185285117032015112e-01 8.012321927041120562e-01 7.697415163410149530e-01 7.998378630976855641e-01 7.259050045091108849e-01 7.479686289884815986e-01 8.146472366018641109e-01 7.547601860724556522e-01 7.157569272017999529e-01 8.025871857750417337e-01 8.148681658509260295e-01 8.154973132053223717e-01 8.095275429160695424e-01 8.000001192874580669e-01 8.085564441983733586e-01 8.620209407962426962e-01 8.218053775529833294e-01 7.683286434421439104e-01 7.994409034664939906e-01 8.142750194399775987e-01 8.021721338289974357e-01 8.155571427020825714e-01 8.377168947217967787e-01 8.437750352860181602e-01 7.888458856598257185e-01 8.598259197814803745e-01 8.502741186534402695e-01 8.249370993449501865e-01 8.567803540023672948e-01 8.465743663852643985e-01 8.593419916649194246e-01 8.657197932919712402e-01 8.764759024370579743e-01 8.604742361856612121e-01 8.302158357489597407e-01 8.442980601694798359e-01 8.140186907720161624e-01 8.499736753539534062e-01 8.774869262569905404e-01 8.641394083978398699e-01 8.468731027114589915e-01 8.494120892776458875e-01 8.626743255016310341e-01 8.554860121864140687e-01 8.776329203909258858e-01 8.630539264584898840e-01 8.705053754619399564e-01 8.661210277735043039e-01 8.646477204055580401e-01 8.592192437085368617e-01 8.700903237416790503e-01 8.697556872032110586e-01 8.625927916310455190e-01 8.582420272750104218e-01 8.655123383676979198e-01 8.637520950336008418e-01 8.627603450982664901e-01 8.452718456621358678e-01 8.527360965271842952e-01 8.653077443046794937e-01 8.627033715585734619e-01 8.622982388957516342e-01 8.643989021016607044e-01 8.638578786914624663e-01 8.696662522932360195e-01 8.587104292064879907e-01 8.705418738597365813e-01 8.429525165068818549e-01 8.594729248308439207e-01 8.492273276947315264e-01 8.476729993902734073e-01 8.554606271603535372e-01 8.559322295710413142e-01 8.609044301737202032e-01 8.491881850459992442e-01 8.389341225815651892e-01 8.588238101724086082e-01 8.624720186366318098e-01 8.632148494324652921e-01 8.634349675691056492e-01 8.675892545915174781e-01 8.293251508648837866e-01 8.528170749068476608e-01 8.618655465582095720e-01 8.539188801154761199e-01 8.521697034815479688e-01 8.644407545653015612e-01 8.602484297914640976e-01 8.611237393016104580e-01 8.516000560429504151e-01 8.616251923943861746e-01 8.691796859756505400e-01 8.683586613251057518e-01 8.651502203719767525e-01 8.687203010959773097e-01 8.623537925280175820e-01 8.707282974425187838e-01 8.678061058447924525e-01 8.652860497530588946e-01 8.617177211275562909e-01 8.682487022478656558e-01
1.011614970283788717e-01 2.156630971167765032e-01 3.459610748116173085e-01 5.373140206790486539e-01 4.503613591668502725e-01 5.122407347246444864e-01 6.726121664439297376e-01 6.802167120815910684e-01 7.515259037863167846e-01 1.000000000000000000e+00 7.327570174285608084e-01 7.870477982111611093e-01 7.172016496880582181e-01 7.324761064428426671e-01 8.065272285494367033e-01 7.784182408655299090e-01 7.641727203696642157e-01 7.495187158008149719e-01 7.747025364014658022e-01 6.634678412284027438e-01 7.147560636637481091e-01 7.775022107674863792e-01 7.393619131252093801e-01 6.920587876602413147e-01 7.723541724530252894e-01 7.868156487930495491e-01 7.874899425987555990e-01 7.732905782119674498e-01 7.573361367244382247e-01 7.744757125896234440e-01 8.181057561323293870e-01 8.016152405983235640e-01 7.638297919633322275e-01 7.921137486143733364e-01 7.825133813846890662e-01 7.913066876524585957e-01 7.943750011700095870e-01 8.116540499342972392e-01 8.208796608919647353e-01 7.908148648134151193e-01 8.256797060744965888e-01 8.197181178900603271e-01 8.035216924043013798e-01 8.251342924701232651e-01 8.216078645514651724e-01 8.184334330276790137e-01 8.265175819396766155e-01 8.334193183630438373e-01 8.207378676420978847e-01 7.951058221827170813e-01 8.120675505708702113e-01 7.853644594066416795e-01 8.076748108098684709e-01 8.269078860933548603e-01 8.087720286177833007e-01 8.173371645898506177e-01 7.996586571136794497e-01 8.158126820249894662e-01 8.109620471040626111e-01 8.249368916643055050e-01 8.159254113517148133e-01 8.162300542693763372e-01 8.110590157408102963e-01 8.235787842113672097e-01 8.155528730507112245e-01 8.149171987337365808e-01 8.282325906493372969e-01 8.207797041062986354e-01 8.241999156691874884e-01 8.192906309701789569e-01 8.227877904938473153e-01 8.232829820454670156e-01 8.072087623121859679e-01 8.179323459519101114e-01 8.298358318588350269e-01 8.255948711595167966e-01 8.226352306963832239e-01 8.194032073970320962e-01 8.264828233726824180e-01 8.240560498150705238e-01 8.225928326251956690e-01 8.226049241665011058e-01 8.219404740803224474e-01 8.239589520719332594e-01 8.170428896622803361e-01 8.161336792119957551e-01 8.210834748307543896e-01 8.261890511452770758e-01 8.280465245225845372e-01 8.247669231225196462e-01 8.203075146648572957e-01 8.262667981523802441e-01 8.260230954198448661e-01 8.264893319419143181e-01 8.219052301614803158e-01 8.268135227007806787e-01 8.039797196097139276e-01 8.068965053830002843e-01 8.198188345486954187e-01 8.213825062570725422e-01 8.188790638077052542e-01 8.190474411878859717e-01 8.206041035655654570e-01 8.219442883857606130e-01 8.161827655267793746e-01 8.190193748598750823e-01 8.263943204481166704e-01 8.264938779731872964e-01 8.280604418220600671e-01 8.255344304514191656e-01 8.239236299625924964e-01 8.243920597014411378e-01 8.217457509385270864e-01 8.230708149657971484e-01 8.202499897010758767e-01 8.191786856779721404e-01
7.506303619444677777e-02 1.990227223306325066e-01 3.550917097289686408e-01 5.574418466991047927e-01 4.575864658545983343e-01 5.199284854615836560e-01 7.033787609315378386e-01 7.047273886003283527e-01 7.700562560221784203e-01 7.327570174285608084e-01 1.000000000000000000e+00 8.253083072432475520e-01 7.393768909073790141e-01 7.516281618886632154e-01 8.365109191632452701e-01 8.101472627633420354e-01 7.777732378945670932e-01 7.839201423460870899e-01 8.122800709981425893e-01 7.252881930853796177e-01 7.495447861101260933e-01 8.161907291911124629e-01 7.748712337698641095e-01 7.427128423135119784e-01 8.095061899168599640e-01 8.203970547632236654e-01 8.155823221752501739e-01 8.108620269193187458e-01 7.900701177618655313e-01 8.117896115599633200e-01 8.421245596911521858e-01 8.367758432133490798e-01 7.924924341615940948e-01 8.250846302525938203e-01 8.163910369422407998e-01 8.213022796594523500e-01 8.240666031774716016e-01 8.431650634193695870e-01 8.459575616053924829e-01 8.204776105969199262e-01 8.529805609839170577e-01 8.483232845632712182e-01 8.411375649212515793e-01 8.543176318097448485e-01 8.506228002834956836e-01 8.499012401152105101e-01 8.548880076949885165e-01 8.538085111587508935e-01 8.465097719602233672e-01 8.326457623750238568e-01 8.433453028410876628e-01 8.153965759923987866e-01 8.401142667385247398e-01 8.497983309979062483e-01 8.402775810737871387e-01 8.426945222474393482e-01 8.301799939501404157e-01 8.424159013773014903e-01 8.382048633831848949e-01 8.498365267508984910e-01 8.472242821356726905e-01 8.399557697824080460e-01 8.442853774587303350e-01 8.506845162722599385e-01 8.375810801573799758e-01 8.429888773796506696e-01 8.516012732283348985e-01 8.529326763852428384e-01 8.536344676450048352e-01 8.521224616170036681e-01 8.524172806805294655e-01 8.509257534131009493e-01 8.443926002999792013e-01 8.494851699906456055e-01 8.592394123407233186e-01 8.543130186406148185e-01 8.540567237739895567e-01 8.490200579525402080e-01 8.555881198183519221e-01 8.535582609881389171e-01 8.519411758280512892e-01 8.507418217591331544e-01 8.478817675915211183e-01 8.557854107343056960e-01 8.526377191413201384e-01 8.476564739822340933e-01 8.495767312096436097e-01 8.564486330118035173e-01 8.558963739625773393e-01 8.508141143116082494e-01 8.540139175847918374e-01 8.561470425779144078e-01 8.562742826521411166e-01 8.543413608168504147e-01 8.483175350052062358e-01 8.519412829053649716e-01 8.427060405609699822e-01 8.426629286022289111e-01 8.539573869375436388e-01 8.551784564372503228e-01 8.523642895836525124e-01 8.518145739110909442e-01 8.517727121165031834e-01 8.527673134644904174e-01 8.487085317118715500e-01 8.477902359217777128e-01 8.541381142885935418e-01 8.516022925274097100e-01 8.561021337449405966e-01 8.520138162872237242e-01 8.503733650064149163e-01 8.518597291933658333e-01 8.480621129620051768e-01 8.521381171709841995e-01 8.466503744568633083e-01 8.465434082366252166e-01
7.256212759271972457e-02 2.261442461625559619e-01 4.092233025764663856e-01 6.340232475632892051e-01 5.086493322412571905e-01 5.852897911486319993e-01 7.844626517988255721e-01 7.882220886850522801e-01 8.300852783949296265e-01 7.870477982111611093e-01 8.253083072432475520e-01 1.000000000000000000e+00 8.226172423004283196e-01 8.304470741691994951e-01 9.206832957728874334e-01 8.994290149701050785e-01 8.582354783497334605e-01 8.615514182717816105e-01 8.849435494680927272e-01 7.824160929356983596e-01 8.473527681664813072e-01 8.979686858696570573e-01 8.413003163510459625e-01 7.962213231508835642e-01 8.882658239191038030e-01 8.987228698874488719e-01 9.024436136393304553e-01 8.922107325578790826e-01 8.661900468207576198e-01 8.814269930198462832e-01 9.206773196927002800e-01 9.073126273110664330e-01 8.645126552813428011e-01 8.989962267889533010e-01 8.873925803838568216e-01 9.028128632457658176e-01 8.980987527644187507e-01 9.267274047134342885e-01 9.296233215679786666e-01 9.005411393938768105e-01 9.323791384187887221e-01 9.340286628831087068e-01 9.202258640596319150e-01 9.388229745693852379e-01 9.329144605042440919e-01 9.378786428875635073e-01 9.376226592044035746e-01 9.357912106566267374e-01 9.333028542264466543e-01 9.170243681632924693e-01 9.287041296621768582e-01 9.102136995120518881e-01 9.277770660155364446e-01 9.347407925369597415e-01 9.304976697742074476e-01 9.281205260116157651e-01 9.253980536841434068e-01 9.323722779469476585e-01 9.281396481549687438e-01 9.361157264565181935e-01 9.357344090488626254e-01 9.287930436029131487e-01 9.296411054600023371e-01 9.342731022112634731e-01 9.288563955386692772e-01 9.323049093770359175e-01 9.342281398334407738e-01 9.347845611006844191e-01 9.341183626995981371e-01 9.358096616622967323e-01 9.385679197196580281e-01 9.333108808598272743e-01 9.176578065248910399e-01 9.293468855389087624e-01 9.422698345910441864e-01 9.387493954463970169e-01 9.390851984557492260e-01 9.332635266583684253e-01 9.343363092309011630e-01 9.324107172314702874e-01 9.327834916292835343e-01 9.305079830100070337e-01 9.304055602206480202e-01 9.330968768020111437e-01 9.312540340402147843e-01 9.248782149437151379e-01 9.294151453129662066e-01 9.381369356906135160e-01 9.365398395208944793e-01 9.342319384781926361e-01 9.327279253231913758e-01 9.373293737227653688e-01 9.355274034015356177e-01 9.364322043397772521e-01 9.314276441198527934e-01 9.338572523841980333e-01 9.248082471490022272e-01 9.313955788515697609e-01 9.378598617729965170e-01 9.360648314396529113e-01 9.323915809829426138e-01 9.372948848749798056e-01 9.346686412752438500e-01 9.357305152012025395e-01 9.334137809144859022e-01 9.353930449153495807e-01 9.380443234123124752e-01 9.328839869965394049e-01 9.397614454492709823e-01 9.360807721723234387e-01 9.342057820406620694e-01 9.343908119559123371e-01 9.342863758965814780e-01 9.351896279875030471e-01 9.322608677938114541e-01 9.347542055573025976e-01
8.166473565275675361e-02 1.736321698766844224e-01 3.457587177612153617e-01 5.585269127984782145e-01 4.867686561955615887e-01 5.429028318850518398e-01 6.939753250811242502e-01 7.302567477848209698e-01 7.512028063649840437e-01 7.172016496880582181e-01 7.393768909073790141e-01 8.226172423004283196e-01 1.000000000000000000e+00 7.531884452257702200e-01 8.363396030719307817e-01 8.133346054494993149e-01 7.691609694985228618e-01 7.714232876131053018e-01 8.010439175709476167e-01 7.086102893281682746e-01 7.512271483628618629e-01 8.121228287958789371e-01 7.666254354295747309e-01 7.290336422711244380e-01 8.081433577073010577e-01 8.072141631088650682e-01 8.072012133788724064e-01 7.993368632797540618e-01 7.844813361642153371e-01 8.019915157232752057e-01 8.441778536833632884e-01 8.217124891560783073e-01 7.718012263268234641e-01 8.162807936600706693e-01 8.035827347313547753e-01 8.160095821473434263e-01 8.148240047181490864e-01 8.386132190232599148e-01 8.434446610671170186e-01 8.092630856889494462e-01 8.461247821515563983e-01 8.455752447613190670e-01 8.352682693794389879e-01 8.485900283691963919e-01 8.455359729874384334e-01 8.480733881775626148e-01 8.553586488200410898e-01 8.533766634286804598e-01 8.468909685021623890e-01 8.353175473212960389e-01 8.489948066160379891e-01 8.296568505059599419e-01 8.488889324450231699e-01 8.540533742543762186e-01 8.476120697290427941e-01 8.428916568347597504e-01 8.449019198269358544e-01 8.541252331507853679e-01 8.492413347042494509e-01 8.552890464961826478e-01 8.559237710234119945e-01 8.509132554268916682e-01 8.523056421034627128e-01 8.506080842626835281e-01 8.490817520409096320e-01 8.552717206961171215e-01 8.526555781614520990e-01 8.553497971696124580e-01 8.545761946718157809e-01 8.563809712178872546e-01 8.563934742993291049e-01 8.556321043364614187e-01 8.432602524588389548e-01 8.530641113338248704e-01 8.578364307331478589e-01 8.524941003100303671e-01 8.512513642544848880e-01 8.501990145485919248e-01 8.547454625933131878e-01 8.533972542784510340e-01 8.522449050941169890e-01 8.519699737697541408e-01 8.506689786911576512e-01 8.499779267090852297e-01 8.523082846973040194e-01 8.491158302975274630e-01 8.500826601949197370e-01 8.536706173382436758e-01 8.535024428610205049e-01 8.515276850927502306e-01 8.462778240949565545e-01 8.535403327178198163e-01 8.542717539321293962e-01 8.542478857830126948e-01 8.526240053676698016e-01 8.537046802703958104e-01 8.437114833835331895e-01 8.498374448252026259e-01 8.560664772742491158e-01 8.525241446995099892e-01 8.517879825831532470e-01 8.563594330980609515e-01 8.540281340658780751e-01 8.556855246229563283e-01 8.531339915098022919e-01 8.548326289046619397e-01 8.572741410077721058e-01 8.544008280155229729e-01 8.574533068370315814e-01 8.563757644903970956e-01 8.522731027954655314e-01 8.543478655226612872e-01 8.546942374839736623e-01 8.537796195224652829e-01 8.522339026000518292e-01 8.557699892232674133e-01
