1.000000000000000000e+00 2.990406044581484513e-01 2.549136866468532103e-01 -1.041707828286011078e-01 -9.351552464855367175e-02 1.028864173722698616e-01 -4.694639654031593917e-02 -8.914717186421922124e-03 3.084426511599334120e-01 1.730580196116675573e-01 1.184812110457658663e-01 -8.225623288319834636e-02 9.394565890666686792e-04 2.014677005926357109e-02 -3.368716990610234191e-02 -4.033533656353573138e-02 2.580749107394281205e-01 3.974986207535454175e-01 4.015094278502276959e-01 1.808991398129841943e-01 3.147670326063903290e-01 3.586668900253944248e-01 2.956265297848678641e-01 2.931749545674280366e-01 3.597622070128293492e-01 3.921587170592731875e-01 3.758775928523468424e-01 3.420683949748740127e-01 3.482017757626435506e-01 3.397451549650190583e-01 3.210452005470053605e-01 1.926282535230972037e-01 2.941004341761084828e-01 1.873939145471042733e-01 2.409498366158842886e-01 2.005110244260842611e-01 2.450513098123801581e-01 1.623994344585522054e-01 2.021857221672853366e-01 1.454283676322701557e-01 1.497348498453049404e-01 1.004345397784977278e-01 1.065142493863321105e-01 1.248244706247259306e-01 1.785953311671414079e-01 1.668741585993911980e-01 3.220812237712726567e-02 6.213674189191217834e-02 2.389947892625989348e-02 9.424493443373635482e-02 1.112827658019128613e-01 3.901902452335083427e-02 -3.214187099353307125e-03 1.084223389757275474e-01 1.556649662816569080e-01 1.792608630182223606e-01 6.240218196480062235e-02 9.376144167367964077e-02 8.044721041279480345e-02 1.093019431276487652e-01 3.218361514331601059e-02 9.893022022101989610e-02 5.625166826155933442e-02 8.402343129094826113e-02 1.214359218966528792e-01 7.389262068363146307e-02 6.027442522967938615e-02 1.492414245883169899e-01 1.137712211303397447e-01 8.566470212705183662e-02 1.699344466197627024e-01 1.573586450690798166e-01 1.098106823162521561e-01 1.541069567013797770e-01 1.389352117419211385e-01 1.376719395130609480e-01 1.356667536226020820e-01 1.648977842054829557e-01 1.234387307196699313e-01 1.477643293953181669e-01 1.409230088195753128e-01 1.461805309711737833e-01 9.887702073088178167e-02 1.463077264343919937e-01 8.368201281724838014e-02 7.565271761617488322e-02 1.292554856338281322e-01 8.076215702280492570e-02 1.111049028806702088e-01 1.211807886856778038e-01 9.623952332734060644e-02 4.891508611669002915e-02 1.015817177926776338e-01 7.682895872174787255e-02 1.745695541564559750e-02 3.320335814935650859e-02 -4.510201875790663222e-03 1.003893569278566100e-02 2.089863668740336508e-02 3.517639735963676989e-02 3.009746998009507624e-02 1.616873441028972638e-02 1.348838015310626845e-02 4.344705629797027124e-02 5.158883863797785602e-02 4.222413746365069609e-02 1.263636285934366908e-02 5.853250030443389595e-02 8.061000153594806428e-02 4.837987659960558268e-02 3.593597998380523850e-02 5.976236305316143249e-02 5.205576715191920223e-02 4.741857881973938343e-02 7.487806599726166967e-02 3.671612941828018145e-02
2.990406044581484513e-01 1.000000000000000000e+00 1.026438585154280658e-01 -1.112026699957590764e-01 8.177881603212783235e-03 8.523001109551849030e-02 7.860897162899319057e-02 7.205690491286052823e-02 2.611295935901959964e-01 2.874917614068973615e-01 1.220720499988661445e-01 2.359078358424727614e-02 9.889387489525795771e-02 1.179271643052847568e-01 1.007686616646715910e-01 9.470152993754818449e-02 2.057347335027705781e-01 2.406109729869386482e-01 2.580542528615673015e-01 1.071067846090762443e-01 1.906042709328231999e-01 2.182305729013406526e-01 2.114685858802048957e-01 1.968675138391969559e-01 2.392599869301891835e-01 2.949915405401397073e-01 2.631974369655160628e-01 2.902010574503147144e-01 3.149737192355901994e-01 2.850059926451588010e-01 2.789468518737828751e-01 1.943201948306542970e-01 2.533747967857051808e-01 1.691955959198289949e-01 2.268097328833993953e-01 1.825781682398594785e-01 2.162895172865637594e-01 2.460695303455150695e-01 2.189684464689393706e-01 1.704460230898083017e-01 1.900403290910324949e-01 1.773413401162769187e-01 1.373143834153293941e-01 1.550107670956817341e-01 1.820770596785202255e-01 2.295584056233079540e-01 1.422316934989855952e-01 1.630452449650126312e-01 1.272256717670075254e-01 1.178880212802191629e-01 1.747484005474997659e-01 5.564014356994236021e-02 8.167253236174808195e-02 1.941692730111233556e-01 2.044836632113896380e-01 2.133121213862375354e-01 1.313022699887826938e-01 1.781825795320896022e-01 1.778676168815690461e-01 1.617836269172767405e-01 1.262992664294793899e-01 1.807233989931918694e-01 1.403646804880041010e-01 1.514338835576630737e-01 1.735099953978754550e-01 1.473395564862433338e-01 1.576488805249859904e-01 1.968307757426341065e-01 1.791698059155006906e-01 1.419298980222550022e-01 1.845080360837303424e-01 1.950541455915487943e-01 1.608544172746579903e-01 1.741085594165239503e-01 1.963435176537967897e-01 1.891433228058662375e-01 2.074674147165634086e-01 2.295662736210817845e-01 1.934389044986872253e-01 2.143200849106531858e-01 1.924465745545681505e-01 2.082698071934495077e-01 1.747764591254046262e-01 2.057901034032345311e-01 1.557306366823301980e-01 1.498800045066877029e-01 1.796832461884211862e-01 1.836796159500446446e-01 1.885879036499074901e-01 1.929131447090046136e-01 1.742522530172766759e-01 1.517255906966512580e-01 1.686704938383120356e-01 1.688826886728871934e-01 1.395118404686380431e-01 1.509671958448821072e-01 9.577534143311150494e-02 1.133145382716112121e-01 1.312019858575060594e-01 1.409619000796001609e-01 1.294826203422094757e-01 1.194748728693421497e-01 1.140125906311655335e-01 1.308145673660067732e-01 1.288092351452384821e-01 1.368869978069283677e-01 1.338147076908953736e-01 1.685797508507776155e-01 1.703996120044309337e-01 1.579244590369397461e-01 1.515846993348550220e-01 1.535462854083974038e-01 1.581848378892677098e-01 1.492217100244177530e-01 1.568030242934299601e-01 1.386672188469451061e-01
2.549136866468532103e-01 1.026438585154280658e-01 1.000000000000000000e+00 3.792151524738048840e-01 1.097480202105871189e-01 3.279407512236444666e-01 3.227148773594973319e-01 3.117126549589202544e-01 3.810931733567963220e-01 2.603200239035369790e-01 4.504182147884748244e-01 3.881491359837105359e-01 3.244683010458795924e-01 3.371637102555614662e-01 3.260243967390583641e-01 3.155521206168478421e-01 3.705231419368025803e-01 4.821228473502002232e-01 4.535530201987645338e-01 3.948736829539937210e-01 5.006714369104672269e-01 5.025680965171327452e-01 4.760778856924859359e-01 4.802651603183206164e-01 4.999045035446286200e-01 4.823787448126523603e-01 5.234932509186115412e-01 4.670880251676383654e-01 3.900252923711774455e-01 4.824067673701759040e-01 4.893235572812559275e-01 4.602800097627606779e-01 4.615399212225113623e-01 4.530640587526990060e-01 4.624188907766266232e-01 4.831599313986497668e-01 4.800854266294046213e-01 3.741293805897346059e-01 4.509423219752961010e-01 4.206523800765786247e-01 4.257190160065799089e-01 3.672517376956806467e-01 4.258781442776787274e-01 4.329717217801906104e-01 4.755348478677479673e-01 4.056310229516786325e-01 3.474440511213337524e-01 3.595063989726260401e-01 3.733025467373686235e-01 4.263795889015767893e-01 4.048263803521415793e-01 4.228937326960549026e-01 3.635485438103759903e-01 3.631339328306774639e-01 3.937823103381337120e-01 4.320969923817781777e-01 3.892322386979034654e-01 3.573976088114371730e-01 3.575884917271033858e-01 3.839516112349578014e-01 3.797096623016120720e-01 3.686598988877976546e-01 3.757296887488012493e-01 3.959713199323303123e-01 3.857204680801469276e-01 3.906116117119969311e-01 3.622679607232918708e-01 4.093622104096831249e-01 4.150953782403378201e-01 4.090574437965353582e-01 4.390418614054222290e-01 4.176056610118745183e-01 4.186592887954246334e-01 4.524146764274240562e-01 4.086216370367174444e-01 4.124531276068827412e-01 3.912182681351809577e-01 3.795294379455181333e-01 4.030025795424018176e-01 4.110601035722146190e-01 4.307636615516502454e-01 4.135620621285091558e-01 4.059264391627095958e-01 4.182819558207630517e-01 4.021494591583060219e-01 4.039226942890863925e-01 4.375999380803511918e-01 3.639036556782707654e-01 3.990339998298056967e-01 4.025375293146510880e-01 3.986097018434412442e-01 3.629571210365696854e-01 4.066983432385344321e-01 3.764195747986164298e-01 3.425279912708762975e-01 3.489505083416882814e-01 3.678841377496797627e-01 3.588030177684942701e-01 3.660969486766777470e-01 3.575562930753777291e-01 3.803998661595520692e-01 3.622845425109169626e-01 3.589460498251434983e-01 3.725213393465728884e-01 4.008148450278094521e-01 3.762083813464895399e-01 3.512730968639001250e-01 3.531236561424035414e-01 3.809767755480554241e-01 3.490027202123886507e-01 3.378921037508752501e-01 3.657083266263316257e-01 3.572095880991172367e-01 3.718968260280588467e-01 3.711271262660554848e-01 3.694376354887581315e-01
-1.041707828286011078e-01 -1.112026699957590764e-01 3.792151524738048840e-01 1.000000000000000000e+00 2.919093724497223707e-01 3.635026060452088426e-01 5.042413176012014997e-01 5.149554164629884800e-01 2.658895127276597603e-01 1.733064064896873147e-01 5.328523301293219827e-01 6.929357061119405525e-01 4.674404860567412112e-01 4.285596248641502237e-01 4.890454664697446163e-01 5.352894242329362395e-01 2.870645153859834875e-01 2.177034439302938940e-01 2.337059550739858937e-01 3.708112321825212665e-01 3.939393637333157283e-01 3.780562629208784609e-01 3.030393411633656164e-01 2.874721132920345923e-01 3.062879761950596524e-01 2.965046490532225465e-01 3.784558263114387033e-01 3.114844878060139544e-01 2.320714984517128210e-01 3.049385443558434439e-01 3.740101212455936297e-01 3.972135335754857222e-01 3.134632201733119627e-01 3.818216187858169963e-01 3.312591532158903340e-01 4.326878766223735129e-01 3.665654231266575191e-01 3.286129158112273685e-01 4.028190229856874471e-01 4.170994842679752734e-01 4.238141304807462317e-01 4.217321752748152686e-01 5.015607324851049098e-01 5.037484408784752565e-01 4.668524558909644684e-01 3.895907840235574571e-01 4.284922805606616869e-01 4.057731485361600332e-01 4.738161900740095467e-01 5.048479362418410998e-01 4.405426514976583108e-01 5.688537574605727620e-01 5.168589669926656471e-01 3.694285619933639908e-01 3.759978770226106159e-01 3.786537889270195634e-01 4.895975236935076191e-01 3.927293713151372434e-01 4.045293044212736056e-01 4.461090833562552094e-01 4.932829892777665370e-01 4.292797139619891067e-01 4.862677725454040978e-01 4.889799252031643562e-01 4.084857314502604586e-01 4.595800452982002904e-01 4.061536485177602018e-01 3.832261813754172519e-01 3.995292509980927220e-01 4.492054103885919636e-01 4.182855600236135563e-01 4.007505732701717727e-01 4.124243132505753806e-01 4.245736880586946649e-01 4.027790232998926800e-01 4.227541050937081435e-01 3.883534770650520218e-01 3.547388268633284714e-01 4.242159524639568247e-01 3.839207055017552772e-01 4.134597490035698542e-01 4.112829287707540638e-01 4.233679158010962840e-01 3.875552094101546441e-01 4.339064076916915313e-01 4.359251138175894713e-01 4.243637062434385543e-01 3.903738369266535058e-01 4.077320913011077130e-01 3.947411728468140368e-01 4.159875706132807327e-01 4.319469628837919739e-01 4.425526565744956065e-01 4.262886251084034850e-01 4.196868646226888377e-01 4.141349387126798121e-01 4.986401616395529368e-01 4.902714808654137224e-01 4.604931259376226493e-01 4.292414351016821117e-01 4.758813836749676840e-01 4.827211989832181360e-01 4.739908738016161416e-01 4.717680564026530132e-01 4.830729791439031806e-01 4.766159784202206318e-01 4.445462697679328778e-01 3.957159849500522797e-01 4.140747575620182253e-01 4.119773904912589768e-01 4.106381586884604307e-01 4.361636676483475195e-01 4.290800018384640091e-01 4.591798493978831996e-01 4.186487377682724942e-01 4.574431557133951665e-01
-9.351552464855367175e-02 8.177881603212783235e-03 1.097480202105871189e-01 2.919093724497223707e-01 1.000000000000000000e+00 2.330936465483902098e-01 4.814736243849107589e-01 4.815345811336984583e-01 3.457557925038952651e-01 3.325514656159207494e-01 3.931935183376020770e-01 4.399824783294654651e-01 4.998331940775028737e-01 4.004038388503112222e-01 5.035483246493795972e-01 5.006285658643058190e-01 3.436926138599269431e-01 1.325374320649740090e-01 1.926998789537408552e-01 2.147856245236799133e-01 1.917957021125384909e-01 2.514456503161477952e-01 1.870932877231024360e-01 1.975106464976044141e-01 1.966319562332610182e-01 2.812389993112984210e-01 2.882829378999429704e-01 2.869392092594311716e-01 2.768013264041091492e-01 2.447364160848545245e-01 3.154750090671447627e-01 3.623635560862223381e-01 2.810343697576973554e-01 3.302379102059450067e-01 2.819391869730026867e-01 3.357763313204977784e-01 2.931013216602287308e-01 4.020415457468493048e-01 3.764972656699509534e-01 3.753137114500385008e-01 4.186311459922213429e-01 4.463519939496122246e-01 4.025507119305553050e-01 4.452773157387102110e-01 3.946710085771696908e-01 4.070541309996358881e-01 4.671642856565429436e-01 4.482316095876188178e-01 4.497550283190172027e-01 4.203140680118234163e-01 4.320663970149219435e-01 4.358949757000701863e-01 4.715244622034497901e-01 4.281744598931393475e-01 4.029588097131885926e-01 3.873510009416131217e-01 4.221391245706810902e-01 4.600245336904796867e-01 4.378680314052917355e-01 4.628804477922489058e-01 4.649559464064179082e-01 4.387574383355478669e-01 4.315967804955669895e-01 4.360186460394172570e-01 4.456774084383230972e-01 4.455622993304939605e-01 4.588498122682980185e-01 4.148608248901932694e-01 4.110567207137930668e-01 4.158962210214898203e-01 4.050501895653500495e-01 4.211269340388943405e-01 4.037880944927418891e-01 3.774906987416417059e-01 4.395430609701481695e-01 4.348142444389287431e-01 4.344515429209147572e-01 4.224696344278914828e-01 4.285155740065122454e-01 3.974888189156701168e-01 3.985419485703178832e-01 4.328663607699514415e-01 4.363403903158778463e-01 4.007562391570150262e-01 4.528075702898941568e-01 4.453435454367462576e-01 4.085444734389458987e-01 4.576474969478001587e-01 4.365489653227792033e-01 4.293048218968749663e-01 4.373231693759192518e-01 4.694270899612625891e-01 4.442691807322822761e-01 4.574462771569919317e-01 4.736328928031026675e-01 4.649925097238171157e-01 4.795274487687027909e-01 4.756447877144261427e-01 4.714029993077921699e-01 4.787153254410005943e-01 4.698671870618345014e-01 4.750708814647880973e-01 4.793865085023762962e-01 4.801750916035466554e-01 4.656617986082890459e-01 4.555245372295453343e-01 4.730094892862565792e-01 4.578322786144553569e-01 4.487779622447856109e-01 4.708837701470365289e-01 4.661957706703499515e-01 4.719721124860166706e-01 4.613151146322521656e-01 4.693225837838527204e-01 4.662177008481831475e-01 4.675426170927506342e-01
1.028864173722698616e-01 8.523001109551849030e-02 3.279407512236444666e-01 3.635026060452088426e-01 2.330936465483902098e-01 1.000000000000000000e+00 5.078207325370751590e-01 4.760955008439226588e-01 5.037928325829345022e-01 4.387271607616088365e-01 5.674994026034742012e-01 5.520429367528574272e-01 5.109997037760518612e-01 5.036462361422939793e-01 5.485580943503407525e-01 5.393642040075293798e-01 4.920041032774773448e-01 4.604756362997765029e-01 4.885640092495021070e-01 4.315545575915695209e-01 4.977777099744584710e-01 5.413002341612647150e-01 5.144401404823782942e-01 5.034089463444405554e-01 5.217393391915370326e-01 5.368643729914034379e-01 5.776784078159430402e-01 5.544665951067274667e-01 4.986275370505122706e-01 5.269229227873420962e-01 5.661032080475089101e-01 5.911218995205116400e-01 5.396402372801205605e-01 5.441139664204046600e-01 5.264252282016943507e-01 5.760117620338349731e-01 5.646486471378859839e-01 5.469216842993224192e-01 5.690524749088885503e-01 5.588266488739666027e-01 5.916801164214015030e-01 5.645346845441623351e-01 5.901185233155999965e-01 6.013135065646074695e-01 6.020354683252215899e-01 5.689109027917519379e-01 5.667455412859331298e-01 5.754099594457233735e-01 5.827335765780866650e-01 5.713220944991246331e-01 5.804753308266735745e-01 5.583547469847766065e-01 5.603212402330436381e-01 5.651169005438665405e-01 5.750333605533867187e-01 5.922311604501493409e-01 5.750474200261789237e-01 5.592469044153737245e-01 5.700062904011385934e-01 5.811285157863349538e-01 5.756835398462627484e-01 5.710761052499747636e-01 5.741867552460648838e-01 5.775843535322239264e-01 5.644701523207171778e-01 5.782612060022175315e-01 5.747605426637024673e-01 5.837797236255335420e-01 5.942738432576458729e-01 5.776509414877849524e-01 5.903592317290603519e-01 5.929210367893947842e-01 5.797919046319052194e-01 5.953315876235607540e-01 5.840813560658876247e-01 5.949052549832460901e-01 5.804132693821616451e-01 5.716537404971534508e-01 5.910970389345762133e-01 5.683578567069956788e-01 5.886189888017897553e-01 5.819437595478348380e-01 5.884922777210063183e-01 5.761516494392957544e-01 5.796802640107774351e-01 5.773081485929840717e-01 5.901998563798657171e-01 5.691069274923343801e-01 5.750989460920618024e-01 5.882872070131122122e-01 5.822002780277760747e-01 5.757052166672940174e-01 5.925585371859348749e-01 5.770500388778482259e-01 5.661022820634000752e-01 5.671974444754606104e-01 5.706947465008911369e-01 5.544374401043469236e-01 5.716880622783672150e-01 5.659211147587223101e-01 5.803056074188860380e-01 5.708136705162949465e-01 5.698591142040284607e-01 5.794384930562846980e-01 5.813881300330154822e-01 5.760633592231754196e-01 5.689138533611010073e-01 5.650512920823764773e-01 5.828336726572167503e-01 5.675274607470717214e-01 5.606220763831922804e-01 5.737559203612455638e-01 5.684481209705969373e-01 5.697729155866207984e-01 5.704022343974189946e-01 5.723555143409375656e-01
-4.694639654031593917e-02 7.860897162899319057e-02 3.227148773594973319e-01 5.042413176012014997e-01 4.814736243849107589e-01 5.078207325370751590e-01 1.000000000000000000e+00 6.965877900911384701e-01 5.950428802387147664e-01 5.659129550082556692e-01 6.973626969754738170e-01 7.508245828345475603e-01 7.198929780237341980e-01 6.617669989769736638e-01 8.409700322606364908e-01 7.743378717655795551e-01 5.677228398301286116e-01 3.755646183675896421e-01 4.319266906035986731e-01 4.373353295257925710e-01 4.757865192365401397e-01 5.137659507399481296e-01 4.573287955050683307e-01 4.684687236480062911e-01 4.675806007324851410e-01 5.562181067435377768e-01 5.879524453803001149e-01 5.921199067542017858e-01 5.254642310166156571e-01 5.386882907396589593e-01 6.122176455093886194e-01 6.818173529620794593e-01 5.891142759931194961e-01 6.223798605020088859e-01 5.932943921679089128e-01 6.499280570985176420e-01 6.144727369422534613e-01 6.907673719927605038e-01 6.888603951139981030e-01 6.911118425533452347e-01 7.369228392536153471e-01 7.418634459391061364e-01 7.312513890735420352e-01 7.602060936284557036e-01 7.205536893503968754e-01 7.111677453839870822e-01 7.602473668795101114e-01 7.479547939270826395e-01 7.542632674596639886e-01 7.109715533569472834e-01 7.335330816256340203e-01 7.072467314483580347e-01 7.584493087883855678e-01 7.149948847760794202e-01 6.889919931352440630e-01 6.965054425408021554e-01 7.150583426577298285e-01 7.336684284997577743e-01 7.261309717274052611e-01 7.520491494182781622e-01 7.674522341403382519e-01 7.310900393104856620e-01 7.302027651564183541e-01 7.377947986539025171e-01 7.172243992655181755e-01 7.341815479471793804e-01 7.519333017639188155e-01 7.180317552529387193e-01 7.274112675547564910e-01 7.209958543234005202e-01 7.066380028393028923e-01 7.195946768227067247e-01 7.124435420091598248e-01 6.942371050290818690e-01 7.382257076887527303e-01 7.417009185069253219e-01 7.367346837256941727e-01 7.059220313367976507e-01 7.431404867082376242e-01 7.046549051168444766e-01 7.177474008490423163e-01 7.296817868246473493e-01 7.377295885038054335e-01 7.135078776975184445e-01 7.613490970179155326e-01 7.503567337158393302e-01 7.322450551622279313e-01 7.535779122869842306e-01 7.433117012160943560e-01 7.301746073443963203e-01 7.505697542153496604e-01 7.714302424821626314e-01 7.563623400839956101e-01 7.621003370472592131e-01 7.619392557048598746e-01 7.577079344106499859e-01 7.745251145688184513e-01 7.522851218275421470e-01 7.659346817536416552e-01 7.674453238504183039e-01 7.779484559041004443e-01 7.646952835547536909e-01 7.696591560514248753e-01 7.742103477750476026e-01 7.614919686594340265e-01 7.465004044097494074e-01 7.625602154565892521e-01 7.478440869041802497e-01 7.456811102615146236e-01 7.583402169647909252e-01 7.492718492685658260e-01 7.620200119392310789e-01 7.506233717172529074e-01 7.610118469292506127e-01 7.480618465270135742e-01 7.564406005317155790e-01
-8.914717186421922124e-03 7.205690491286052823e-02 3.117126549589202544e-01 5.149554164629884800e-01 4.815345811336984583e-01 4.760955008439226588e-01 6.965877900911384701e-01 1.000000000000000000e+00 5.976723333945660466e-01 5.479292074267683166e-01 6.792857912784068253e-01 7.311585621396455847e-01 7.115656982473334002e-01 6.568418887820560714e-01 7.559799527685229226e-01 7.849563809612798426e-01 5.731659421087826889e-01 3.739752892113420990e-01 4.314414189341327921e-01 4.234593326274464498e-01 4.680899364737650670e-01 5.209370420763070886e-01 4.444933614508562725e-01 4.460038391298776772e-01 4.569550434336271949e-01 5.502178086407834012e-01 5.710553059847166546e-01 5.663075010069565929e-01 5.190224487882241222e-01 5.204622385399418905e-01 5.971366504473494263e-01 6.608343643855857374e-01 5.705754044089845767e-01 6.007303154679779489e-01 5.669782352304197914e-01 6.387232173084352871e-01 5.858746367573191005e-01 6.716705018962615403e-01 6.742544949443207702e-01 6.607501429758116940e-01 7.094861089653223818e-01 7.199480547862716628e-01 7.195868204725308637e-01 7.476914083029184699e-01 6.950409268668865659e-01 6.932062829389400438e-01 7.356198490048349026e-01 7.192650293195101963e-01 7.344913134064230409e-01 7.069941514649121794e-01 7.248344936777546543e-01 7.111492477145544555e-01 7.462850165728467378e-01 6.924818109101796848e-01 6.727962855155039668e-01 6.714597440985589083e-01 7.068673723897623828e-01 7.254556637333307023e-01 7.132540131594572452e-01 7.413496631046997409e-01 7.500920793309746593e-01 7.229756349745278809e-01 7.218583951182464542e-01 7.354536457691711604e-01 7.111081829959767786e-01 7.212990132043968217e-01 7.234862744502683629e-01 6.955088980291205258e-01 6.963338697139844768e-01 6.900901841395704617e-01 6.910830596530600500e-01 6.981388113018630603e-01 6.754598265767909337e-01 6.679384886596555493e-01 7.134977220604697967e-01 7.158273491249584897e-01 7.071844441757864086e-01 6.863970586596066514e-01 7.079822757803738709e-01 6.758811318863747752e-01 6.830405414276241594e-01 7.081104671403479767e-01 7.096846316035074764e-01 6.816137289762068674e-01 7.235423670130118889e-01 7.128637672723087126e-01 6.955831854874198195e-01 7.239978021936109842e-01 7.139849435734052507e-01 7.036480769797551771e-01 7.185524654763711938e-01 7.410883118098108291e-01 7.281686014757207115e-01 7.332800193124399124e-01 7.333070510474452020e-01 7.273210382624815118e-01 7.433889912321485216e-01 7.331940274724126905e-01 7.433735543124636580e-01 7.389432233989958743e-01 7.516486615164968965e-01 7.439777508327470867e-01 7.437211455690599937e-01 7.528230747468696027e-01 7.400068496034705179e-01 7.262375251661622455e-01 7.347656762756984428e-01 7.220111249022319599e-01 7.192356818021147236e-01 7.313576679513004164e-01 7.257936925555268370e-01 7.415128588378768759e-01 7.292589934213347114e-01 7.391115395019534073e-01 7.277494588041247825e-01 7.319258611356256328e-01
3.084426511599334120e-01 2.611295935901959964e-01 3.810931733567963220e-01 2.658895127276597603e-01 3.457557925038952651e-01 5.037928325829345022e-01 5.950428802387147664e-01 5.976723333945660466e-01 1.000000000000000000e+00 7.342135808356959892e-01 7.567740678927703524e-01 6.531097331917702364e-01 6.961919891433882013e-01 7.107185827076863971e-01 7.468549473447216869e-01 7.093940074637551385e-01 7.935801990870993139e-01 6.330282391124174568e-01 6.963408155734285288e-01 5.555326441583491315e-01 6.416672465965216343e-01 7.320490203524936401e-01 6.911253132461649962e-01 6.954326699248944976e-01 7.117153761317355221e-01 8.014402625228759236e-01 7.982910173870799708e-01 8.126516503214793463e-01 7.607020277731673108e-01 7.785917753105113803e-01 8.184647349124757332e-01 8.420676977445005207e-01 8.001244505553887221e-01 7.705926167453155395e-01 7.835612250438938053e-01 7.947308868804804360e-01 7.999438316626078516e-01 8.405048234763355941e-01 8.372265471114879176e-01 7.766141236496655331e-01 8.490310589746636882e-01 8.140033071402047460e-01 7.860174336790093363e-01 8.269106534596702973e-01 8.311354303053731796e-01 8.433283706327913132e-01 8.325572600718477156e-01 8.501211090427700512e-01 8.148957767385853757e-01 7.904904675778763323e-01 8.401583555542091464e-01 7.455397978246078861e-01 7.776096605863549449e-01 8.611399560277351872e-01 8.533111746232441286e-01 8.510894085689282296e-01 8.015634058257832262e-01 8.448725650900711370e-01 8.349057865481983587e-01 8.560440594633694777e-01 8.166578174196554851e-01 8.417926963986585021e-01 8.015691031884529805e-01 8.257670865449865394e-01 8.593245782389995480e-01 8.385287440375427392e-01 8.475526765711275390e-01 8.590031744274455594e-01 8.522744003776925314e-01 8.222279182278202647e-01 8.489474244836145989e-01 8.644650108520556264e-01 8.329431104252935647e-01 8.388844450523190721e-01 8.676045220162649230e-01 8.643208357086239468e-01 8.632612333366858071e-01 8.590822879946601320e-01 8.501703963460227609e-01 8.524469166143192611e-01 8.559822027568870784e-01 8.638196333964427431e-01 8.500857374435523139e-01 8.566602547382433652e-01 8.394605342915515411e-01 8.350608723204352435e-01 8.494183811163671383e-01 8.523079485171798364e-01 8.566358241615388280e-01 8.594561617664736586e-01 8.502804420228817772e-01 8.394169468948938784e-01 8.547181721899733686e-01 8.468346467320573279e-01 8.324676167751638989e-01 8.388178090907058015e-01 7.926017316104392307e-01 8.041693521136106249e-01 8.265838382627767045e-01 8.332737112586625638e-01 8.185715489601588235e-01 8.181649675645490394e-01 8.215986424380445907e-01 8.311999425648244344e-01 8.317262564633569610e-01 8.250713997074653472e-01 8.270857064880494658e-01 8.488470918302297719e-01 8.520697149514285806e-01 8.438627536317211408e-01 8.363072289238344670e-01 8.479730160703574660e-01 8.414261342514967046e-01 8.364695060517215452e-01 8.522184241536456817e-01 8.344505353184666907e-01
1.730580196116675573e-01 2.874917614068973615e-01 2.603200239035369790e-01 1.733064064896873147e-01 3.325514656159207494e-01 4.387271607616088365e-01 5.659129550082556692e-01 5.479292074267683166e-01 7.342135808356959892e-01 1.000000000000000000e+00 6.482842299971689481e-01 5.697294973119537698e-01 6.388556653567368793e-01 6.513097227023364466e-01 6.969663319685692748e-01 6.715889030340065347e-01 6.746266216613553413e-01 4.873932426824670872e-01 5.611331294522610147e-01 4.200547642125899150e-01 4.968076337784051444e-01 5.782467912752353723e-01 5.386684853855095989e-01 5.363614621965572260e-01 5.623986221070410574e-01 6.964823472377072999e-01 6.726803754811671032e-01 7.211160914383457632e-01 6.974721606579463717e-01 6.665459937051831929e-01 7.083516418966533390e-01 7.279128505657845860e-01 6.960348900742857614e-01 6.408057153615941415e-01 6.735271602198266150e-01 6.685396579730512601e-01 6.785410989292732786e-01 7.893228126691782531e-01 7.368905757363107822e-01 7.073158082382801082e-01 7.648127019934638504e-01 7.553883622370413109e-01 6.986448635734145984e-01 7.337440740063743139e-01 7.227688835015116942e-01 7.750952279822957980e-01 7.696639236863892508e-01 7.839265554098309163e-01 7.349196516649904032e-01 6.715100648540760497e-01 7.596108544978222854e-01 6.100589597503752737e-01 6.919520380645695079e-01 7.886819750466275147e-01 7.680560855225395667e-01 7.649150960601952542e-01 7.025901864059241886e-01 7.873145212616784461e-01 7.720838635090306878e-01 7.643091799106963569e-01 7.379800904136297746e-01 7.663645343703069379e-01 7.213239190585971627e-01 7.294055505323282507e-01 7.647642189264423074e-01 7.429513207509100825e-01 7.793157358130492485e-01 7.712623966797793607e-01 7.625123839265159909e-01 7.180037859949200962e-01 7.412569046306299869e-01 7.724012088237233176e-01 7.247248090824179867e-01 7.217044860523227356e-01 7.865882849739814775e-01 7.817073689247686641e-01 7.938627972144086664e-01 7.909433529567444499e-01 7.742532927614205196e-01 7.770291101943410661e-01 7.625496248931594723e-01 7.831356441944059554e-01 7.638894477867392840e-01 7.715064608696675652e-01 7.545086028947752821e-01 7.419859401604640414e-01 7.555875952178103816e-01 7.917862797154716636e-01 7.809702255449331165e-01 7.811820148420686172e-01 7.754382394187077088e-01 7.734105627729268573e-01 7.728087192618382506e-01 7.800589738310618193e-01 7.726278470034525503e-01 7.762611569754114260e-01 7.170232759639825204e-01 7.191251658278243752e-01 7.539392923005358016e-01 7.661556308815626881e-01 7.471681632192020972e-01 7.407722282184842078e-01 7.432817732268401922e-01 7.548545025051833779e-01 7.408682659687542138e-01 7.405251171265017085e-01 7.570937832673901857e-01 7.860943959246297075e-01 7.797402798483896724e-01 7.789817382308020788e-01 7.768227242179751579e-01 7.738883807873147003e-01 7.746933019082991034e-01 7.612753047872538037e-01 7.727228838966091473e-01 7.549650479267249192e-01
1.184812110457658663e-01 1.220720499988661445e-01 4.504182147884748244e-01 5.328523301293219827e-01 3.931935183376020770e-01 5.674994026034742012e-01 6.973626969754738170e-01 6.792857912784068253e-01 7.567740678927703524e-01 6.482842299971689481e-01 1.000000000000000000e+00 8.248680898224317604e-01 7.561852385737346527e-01 7.514703605823297439e-01 8.122049782689294561e-01 8.014366695067737245e-01 7.275076970804331689e-01 6.030734879101403711e-01 6.537410383158621663e-01 6.031621119329745317e-01 6.844426392115303681e-01 7.507966646284294221e-01 6.902511150914876215e-01 6.885387483433439426e-01 7.110681939048685285e-01 7.645691027605650003e-01 7.975148920554373522e-01 7.774696800595439772e-01 6.991009653971825832e-01 7.646276704182425332e-01 8.115604133062321868e-01 8.471351304928015358e-01 7.709428390234757122e-01 7.887515706823997608e-01 7.813491900500233456e-01 8.284743127664474516e-01 8.175150336748291391e-01 8.128629846899020350e-01 8.455516929385173963e-01 8.069294761107542735e-01 8.670626876206460887e-01 8.336864991194107288e-01 8.529709775988736364e-01 8.781345653948875452e-01 8.686437782498204196e-01 8.426970868224659128e-01 8.535373218975272902e-01 8.542122388745347905e-01 8.619807368987594254e-01 8.492956104953447438e-01 8.634601872617130303e-01 8.409843393468313666e-01 8.488028792572593906e-01 8.470755839223387262e-01 8.470505627099552681e-01 8.529923608617142605e-01 8.575589868300501628e-01 8.426383017957969068e-01 8.470510215721792635e-01 8.657940099581815652e-01 8.707418751692747039e-01 8.560665323989037345e-01 8.541039085150031740e-01 8.675454070334291945e-01 8.569817415524938475e-01 8.689164687942406706e-01 8.560116522203145006e-01 8.577585165419074897e-01 8.629303316369565380e-01 8.547266936522661673e-01 8.658400187559330830e-01 8.700895729842141879e-01 8.503191343187576079e-01 8.637994160191505566e-01 8.716914941085331936e-01 8.757787979827574842e-01 8.596762351414375392e-01 8.388053702602414896e-01 8.676171248867714514e-01 8.544456683032833899e-01 8.700007341842870279e-01 8.674836519243344091e-01 8.684127241878304426e-01 8.566923196254411232e-01 8.629380789295647558e-01 8.629877080261464384e-01 8.710467508028951755e-01 8.523593287063829793e-01 8.644223370639211312e-01 8.637485446224505425e-01 8.638691348191920305e-01 8.611132415493482073e-01 8.764323431267044828e-01 8.630103150659922395e-01 8.519449084087562518e-01 8.544005126174295528e-01 8.568182076004884351e-01 8.512659598404306305e-01 8.647822814552010851e-01 8.535904414820788544e-01 8.683955832463200464e-01 8.629715109462757772e-01 8.631303157248811919e-01 8.703132905461854474e-01 8.773962000278752171e-01 8.661871360428891053e-01 8.576008618192799693e-01 8.512695574240695118e-01 8.665090906329802056e-01 8.538025782241871475e-01 8.473802846721663062e-01 8.633156731657779526e-01 8.587308186176362268e-01 8.660900196996113021e-01 8.605765052809292159e-01 8.652386970814298639e-01
-8.225623288319834636e-02 2.359078358424727614e-02 3.881491359837105359e-01 6.929357061119405525e-01 4.399824783294654651e-01 5.520429367528574272e-01 7.508245828345475603e-01 7.311585621396455847e-01 6.531097331917702364e-01 5.697294973119537698e-01 8.248680898224317604e-01 1.000000000000000000e+00 7.807630158063013637e-01 7.562429786512639973e-01 8.503432084209112674e-01 8.593541133741672278e-01 6.392277195518650812e-01 4.379465040092416217e-01 4.716151894336407802e-01 5.639264404657285956e-01 5.832147485229668415e-01 6.030403245943928292e-01 5.633964714836221521e-01 5.606294906338538109e-01 5.484135132773150234e-01 6.093831874857188469e-01 6.569102219550472244e-01 6.414715232660355149e-01 5.606293703110438731e-01 6.280447129802696482e-01 7.019220616721092432e-01 7.719689742998462334e-01 6.617561191223396699e-01 7.219621315519856308e-01 6.775486102794981980e-01 7.571148459995699076e-01 7.149397207577300462e-01 7.500620000218843897e-01 7.736311196563285808e-01 7.532726913033518379e-01 8.097106632992444597e-01 8.034164836069341842e-01 8.286843073139684712e-01 8.544860817911948958e-01 8.113250728454016736e-01 7.859187624716442722e-01 8.480351829202305014e-01 8.328390210439748920e-01 8.713394988957821052e-01 8.461615194341181034e-01 8.355377469785456590e-01 8.653797920343616612e-01 8.783140723425999496e-01 8.048575853910354683e-01 7.917431676283881448e-01 7.761274246093642359e-01 8.627707941941302749e-01 8.143853756220945650e-01 8.289931011227136270e-01 8.437922369962069791e-01 8.752237128774351671e-01 8.425464036728185224e-01 8.634946975391866175e-01 8.630225884783532253e-01 8.159481954847244145e-01 8.566465221593544399e-01 8.320630066746527165e-01 7.920049586199326974e-01 8.143094321047085193e-01 8.311735341477214378e-01 7.948418805426735734e-01 8.010262326467398886e-01 8.065281090152357502e-01 7.978336133055270452e-01 8.164299897644853310e-01 8.226467107041751659e-01 8.040338934260889969e-01 7.716246631857166527e-01 8.254096402306804192e-01 7.948372548240513202e-01 8.145847793630943690e-01 8.166291277415729244e-01 8.312831651063531391e-01 7.975721978224743491e-01 8.367490041374145981e-01 8.383514930117913488e-01 8.211466149634203404e-01 8.188221698598303622e-01 8.203322029286979067e-01 8.099131785916209303e-01 8.242410726222634265e-01 8.460785137696836822e-01 8.420946231538118942e-01 8.384020393255546821e-01 8.471633526554982474e-01 8.427732986571474516e-01 8.709553367564600856e-01 8.678541149029861401e-01 8.639519423619734795e-01 8.416853129854975357e-01 8.634034294013004374e-01 8.716214233477137530e-01 8.711446691628460526e-01 8.668223137696282610e-01 8.689847272981112702e-01 8.653450204209719443e-01 8.600422207601905455e-01 8.278522906644032453e-01 8.347980420670990664e-01 8.379136183968980411e-01 8.358915887286101354e-01 8.502428466893423575e-01 8.474979642129352175e-01 8.601179631177899854e-01 8.352877259126542109e-01 8.636972338131246874e-01
9.394565890666686792e-04 9.889387489525795771e-02 3.244683010458795924e-01 4.674404860567412112e-01 4.998331940775028737e-01 5.109997037760518612e-01 7.198929780237341980e-01 7.115656982473334002e-01 6.961919891433882013e-01 6.388556653567368793e-01 7.561852385737346527e-01 7.807630158063013637e-01 1.000000000000000000e+00 7.324579593545107459e-01 8.336603505387359947e-01 8.433803286417594913e-01 6.690052059348350344e-01 4.359640074053690029e-01 5.188161810908822336e-01 4.757770017523969552e-01 5.219792626388313206e-01 5.909442852945578917e-01 5.209426062192938911e-01 5.200584669920579328e-01 5.383043251762534842e-01 6.359013882761161973e-01 6.469875918672005621e-01 6.505224569755991837e-01 6.018475891527037547e-01 6.172926482281755334e-01 6.748502524478710018e-01 7.557054735485726482e-01 6.541998384873521921e-01 6.693633781055158272e-01 6.626374618140721262e-01 7.092466373003485369e-01 6.681538675049897291e-01 7.722804158517524442e-01 7.553795219989600795e-01 7.351464743517698297e-01 8.054733281211037266e-01 8.012500239990414386e-01 7.805745083367745529e-01 8.200526773385187207e-01 7.762538787760525638e-01 7.832317893359008742e-01 8.446119775124930618e-01 8.327966559557709036e-01 8.324172769010692585e-01 7.742703255549625574e-01 8.106925482115471260e-01 7.769162024389117960e-01 8.373057657996869629e-01 8.160126820207451726e-01 7.898606173484392645e-01 7.758959630551868214e-01 7.982266632399420692e-01 8.288483959018280167e-01 8.152736019918025434e-01 8.408263106745049731e-01 8.407014916380650682e-01 8.232517477317471410e-01 8.137864031633589290e-01 8.139256195331174837e-01 8.190969446171486590e-01 8.231569644386423912e-01 8.351396643159316735e-01 8.043542937369593249e-01 8.052438242142865299e-01 7.934595009349396655e-01 7.884681811520605210e-01 8.062900860982074036e-01 7.793865486067872439e-01 7.676721638779867574e-01 8.218771342220867471e-01 8.232164678444999772e-01 8.122028088994815986e-01 7.907882939002423006e-01 8.134106701446496279e-01 7.899620443299234518e-01 7.923954491000848588e-01 8.098787006459117199e-01 8.182479303434923024e-01 7.952314678715317608e-01 8.198216220418046429e-01 8.133898770608599671e-01 7.936216331953844794e-01 8.300351274401418511e-01 8.182012996303515973e-01 8.126210204595191167e-01 8.206625189410580168e-01 8.432123459278922928e-01 8.291678793269005032e-01 8.356204584338179364e-01 8.459183299049914950e-01 8.404736363619227379e-01 8.345733415608868055e-01 8.345542906976451958e-01 8.449039943540274100e-01 8.393426025988125483e-01 8.399068258177635471e-01 8.438959367972016512e-01 8.478691971301792751e-01 8.489025670541999746e-01 8.364290497955660930e-01 8.347816720739394958e-01 8.440780519723215525e-01 8.372543577296334139e-01 8.321815109091110774e-01 8.411566953089522070e-01 8.398443840586449216e-01 8.485843103178116742e-01 8.401593657264218029e-01 8.415687489168366398e-01 8.354001946519888921e-01 8.385059785918014263e-01
