1.000000000000000000e+00 1.570611949728580592e-01 3.261857569181466632e-01 1.578936008270940550e-01 3.060706277086863714e-02 1.202731242585918237e-01 8.710773567792093330e-02 3.586547313757102590e-02 1.813020969446309250e-01 1.471491215207765546e-01 1.262549163882751013e-01 2.843898742269923563e-02 4.496865447878332922e-02 1.021373621992060013e-02 3.664977721760315221e-02 3.802355508273015661e-02 1.671476163428791406e-01 3.697223630128866900e-01 2.958574914317775861e-01 1.535103529619593343e-01 3.161921613881786275e-01 3.523694058999954359e-01 3.189589544785657593e-01 3.366053220557035930e-01 2.893356234696622953e-01 2.829225399858570911e-01 3.016730431902567844e-01 2.898393586310352155e-01 3.261160213585844736e-01 2.468796281790634484e-01 2.347201376015913832e-01 2.353619203790115744e-01 2.093056022683159045e-01 2.066017783229935623e-01 2.226334858832308139e-01 1.460612174041685252e-01 2.109784309645235389e-01 1.457499707156642565e-01 1.546055699179582910e-01 1.356791862676818561e-01 1.315053353852181084e-01 1.237425707971097771e-01 1.311232089147179869e-01 1.436590780479808926e-01 1.652417046875267193e-01 1.813059157520519327e-01 2.470278194819275006e-02 5.520583929866736822e-02 4.422143588963916433e-02 8.451953274005598316e-02 8.843700949854210736e-02 5.635402569481420820e-02 5.045483257387210069e-02 8.241880582025823410e-02 9.976934561058894979e-02 1.211211525458042171e-01 1.136636482943187421e-01 8.118928569719298383e-02 8.072943432209701842e-02 5.970666636519463694e-02 2.705462872362690910e-02 7.093841365765604645e-02 8.061683560769078438e-02 1.006050854092643970e-01 1.204748593717361871e-01 8.988625603261884978e-02 4.953258366359244297e-02 1.271753056855802200e-01 1.114937754890530097e-01 8.935349875672861375e-02 1.408725993337245908e-01 1.354912535153038056e-01 1.301463649055138727e-01 1.180327959614583394e-01 9.842541943731850096e-02 1.232570017861586570e-01 1.066159982690471075e-01 1.507371868583606001e-01 1.240909692723830005e-01 1.355943210929850817e-01 1.149541602232562049e-01 8.360072068199142503e-02 7.018871534087677000e-02 1.227926973156862889e-01 8.796525621429754360e-02 9.285049437958303731e-02 1.016519888551978973e-01 6.111232853122825631e-02 7.671187026018162769e-02 7.076756043456453038e-02 7.154532406319796811e-02 4.586700434450483033e-02 5.682814045565180716e-02 5.549143565489620539e-02 3.013120322317117215e-03 2.870739892886813027e-02 2.921971185640188928e-02 4.218951371168420256e-02 1.185610567666755925e-02 5.234132073610003183e-02 4.791193419376217622e-02 5.011287022053698831e-02 4.499700671639660782e-02 4.844071567609065793e-02 4.557672464154900044e-02 6.158813463574958069e-02 2.450896817174692474e-02 4.908155861137324799e-02 5.071662037532440048e-02 2.982149174442106504e-02 3.153556537728044451e-02 2.116724897849980858e-02 2.622277137042505410e-02 4.347877951225724569e-02 6.868764875996971608e-02 5.621902923749989150e-02
1.570611949728580592e-01 1.000000000000000000e+00 1.231468041396351493e-01 -1.250952626037301479e-02 4.014874978577532248e-03 8.456622299744928628e-02 1.444147993376163897e-01 9.808343279371473100e-02 1.626622275764519898e-01 2.561600138087113399e-01 1.428370671912362333e-01 9.242730115052563700e-02 1.018459352619554142e-01 1.107974658085576908e-01 1.665023960043313100e-01 1.492747695887561565e-01 1.800588721701230077e-01 2.352590995159948017e-01 1.864545584699563163e-01 1.047145887225971878e-01 1.249203665480811964e-01 1.523576767741905147e-01 2.495223269289605639e-01 1.940979160765626266e-01 1.545768649671342698e-01 1.999220721350175312e-01 1.955164088775322717e-01 2.646511288149943075e-01 2.511850106437600871e-01 2.328178925325439519e-01 2.123166789770346841e-01 2.083474089639167359e-01 2.424435958734211249e-01 1.854915285448351936e-01 2.351584575478798955e-01 1.616447819296584210e-01 1.951167767827575450e-01 2.319190814262100386e-01 2.045974271360041230e-01 1.792811800843363834e-01 1.765263780501161728e-01 2.007323859854968084e-01 1.795730052054637094e-01 1.717401262998012046e-01 1.582774104554407479e-01 2.088122912581249491e-01 1.532661817837063511e-01 1.763265965128072432e-01 1.499497652361893862e-01 1.295677853353751074e-01 1.883091651297966462e-01 9.711600496426357754e-02 1.140004419237297673e-01 1.693067640524312800e-01 1.690114396499423355e-01 1.798444202346522747e-01 1.511460820999477594e-01 1.638879508422515507e-01 1.791875789381655870e-01 1.576646094526747421e-01 1.478939863109088593e-01 1.728860704635818146e-01 1.603108949899547941e-01 1.699285664694730469e-01 1.641405464296928074e-01 1.500505386506563177e-01 1.617289260538199158e-01 1.817992124387275699e-01 1.843420248679459861e-01 1.437100329010919109e-01 1.504914744687724237e-01 1.732164425388917628e-01 1.721994135714529917e-01 1.550916856024845414e-01 1.671391778072729706e-01 1.780160860300104564e-01 1.952524842569406949e-01 2.061905418337556806e-01 1.815705242977842249e-01 1.998006999031437803e-01 1.864269194309385314e-01 1.724161957751454421e-01 1.655341227032622320e-01 2.019770040364545494e-01 1.625983877298858016e-01 1.629333423279468174e-01 1.694501986613230482e-01 1.761921580270456866e-01 1.754969221938571800e-01 1.588435951312784644e-01 1.602321405716072289e-01 1.603272096260286994e-01 1.486305687052209556e-01 1.616127506427624816e-01 1.412939684551896835e-01 1.556690217184870384e-01 1.287551593692332907e-01 1.201850649864982801e-01 1.470815274221012048e-01 1.602335570280679355e-01 1.478367645337062553e-01 1.406119018567080492e-01 1.351356123571574308e-01 1.429257009518190569e-01 1.380100368228275864e-01 1.447114373914029639e-01 1.487845840306550871e-01 1.635977640247399112e-01 1.585630892235166123e-01 1.465519025551965393e-01 1.524913334978738322e-01 1.492631838558483304e-01 1.534933353975959092e-01 1.593337030250367437e-01 1.560802094793000971e-01 1.528944718397937386e-01
3.261857569181466632e-01 1.231468041396351493e-01 1.000000000000000000e+00 3.877757974657906059e-01 1.873487379676979370e-01 3.065845625023199128e-01 3.103955645923114903e-01 2.877496670504476328e-01 3.889655700223140222e-01 3.558141926541695255e-01 4.072487401209181068e-01 3.686467585824897975e-01 3.297062522120624006e-01 2.941369975060326158e-01 3.362194232639598157e-01 3.324945374772078077e-01 4.068447951090684023e-01 5.257362051397197478e-01 5.030405130853655704e-01 3.668096841869198377e-01 5.073836103223050564e-01 5.452321594631674984e-01 4.762822102673727742e-01 5.179808699045348463e-01 5.065220496073108425e-01 4.961950585454807938e-01 5.183464389758817292e-01 4.895899590485934261e-01 5.054993872892253881e-01 4.685387333830833279e-01 4.749397796753291323e-01 4.652004242733975281e-01 4.185784425417459209e-01 4.579200815314186102e-01 4.448862161177462027e-01 4.238944453910459820e-01 4.582908956910022868e-01 4.053900405467561474e-01 4.170965850329018121e-01 4.173712810938984275e-01 4.235504899298161430e-01 4.049417426200832559e-01 4.227766017610083416e-01 4.290260096301991011e-01 4.501781936629700165e-01 4.430414464070567826e-01 3.382510009574342669e-01 3.583889361490182335e-01 3.555044675743939675e-01 3.999398524988326820e-01 3.876967986326746995e-01 3.797477078121331284e-01 3.670871480077266269e-01 3.641866970651876367e-01 3.798906851810576746e-01 4.020547531252561813e-01 3.923987720217645414e-01 3.761277554020023839e-01 3.734042079436091788e-01 3.607597217614976759e-01 3.491356639208590962e-01 3.568844915604261203e-01 3.699425988366721318e-01 3.869767711901186957e-01 4.105909239249218023e-01 3.803410692094958967e-01 3.609147760215755674e-01 4.237888518195745968e-01 4.009719928717215831e-01 3.943630182393224604e-01 4.453573225735794616e-01 4.341538374650801835e-01 4.206533981561480506e-01 4.224702310504893643e-01 4.000063655246168248e-01 4.167972182608629117e-01 3.921911051962297945e-01 4.281421485755615430e-01 4.188856223697874359e-01 4.224666589384051263e-01 4.088192305187657305e-01 3.915512732299152310e-01 3.658821541126940913e-01 4.016186757998254642e-01 3.901496724876383215e-01 3.913997268359625248e-01 4.027914331341022058e-01 3.652425150226012440e-01 3.834842414572720570e-01 3.717703488666230793e-01 3.729518920268236615e-01 3.584895217548773050e-01 3.734284594361397813e-01 3.674950543529150737e-01 3.325779585326878451e-01 3.433745321959645325e-01 3.527924377250641896e-01 3.561360196755691820e-01 3.402476850730206115e-01 3.636611316047321796e-01 3.683033350996926525e-01 3.637132868112823991e-01 3.674860616260592350e-01 3.648814240596767733e-01 3.710195685259822795e-01 3.560217524013426504e-01 3.407779347332267617e-01 3.555832406794110501e-01 3.565913336016385271e-01 3.449436640400726506e-01 3.443697775064729627e-01 3.405715408620543228e-01 3.365762434824036142e-01 3.558059536966734493e-01 3.800070078267246965e-01 3.642250628936319901e-01
1.578936008270940550e-01 -1.250952626037301479e-02 3.877757974657906059e-01 1.000000000000000000e+00 3.826432387032673854e-01 4.129083232530509351e-01 5.186425709210137347e-01 4.750828847385645259e-01 5.096642950257330718e-01 3.890305587715614521e-01 5.556153768347311672e-01 6.311798838968918357e-01 5.177152615313120876e-01 4.818800290035591960e-01 5.391896711335535386e-01 5.222654625659315375e-01 4.636893580421470595e-01 4.049169487402361489e-01 4.904599486695022104e-01 5.335058512794056407e-01 5.769725665618098409e-01 5.485877375393283240e-01 3.672798265496481918e-01 4.575279782926967020e-01 5.293472968298597037e-01 5.295052130584223526e-01 5.682688381522391641e-01 4.907760581010209844e-01 4.781630403345937808e-01 4.720005298760738266e-01 5.429003193054199317e-01 4.518450069938180769e-01 4.204309661248776253e-01 4.969511505390766248e-01 4.284905835912388716e-01 5.380626968445759717e-01 5.291248191612367702e-01 4.786676322226110503e-01 5.043327626441763689e-01 5.362912925241910544e-01 5.604208695853655220e-01 5.318103146597664699e-01 5.507506993764971215e-01 5.704220975465460475e-01 5.877982134322281560e-01 5.257487074278158756e-01 5.275232582194013808e-01 5.047719645947522649e-01 5.329528590322795134e-01 5.767937086438026384e-01 5.253608662074092939e-01 6.059640561069667974e-01 5.880549764849203331e-01 4.953545986281040481e-01 4.994744723472018255e-01 5.113013446208193313e-01 5.310008445056346726e-01 5.405449841191516391e-01 5.164571190122861921e-01 5.353746667759315958e-01 5.324133298856493779e-01 4.967333662050279486e-01 5.185849907399624481e-01 5.229396940308529418e-01 5.408934439365142843e-01 5.371516769575991335e-01 5.220800861955602334e-01 5.259271957130241537e-01 4.945138491197416108e-01 5.909370197116713408e-01 5.853243907887470954e-01 5.442283770448641533e-01 5.338430645531485608e-01 5.621746603570315637e-01 5.570773929896518650e-01 5.549327938831239981e-01 5.305902762767519265e-01 5.312514164328682176e-01 5.437610009308327941e-01 5.125901466966302777e-01 5.245454083198741735e-01 5.346302015336212854e-01 5.159835798644740734e-01 4.964905812220825609e-01 5.248352190832122899e-01 5.319274460755741840e-01 5.423609938614240011e-01 5.261838963600024011e-01 5.259395652074715377e-01 5.271285124968371205e-01 5.521460800972675109e-01 5.406947040794307657e-01 5.545220876887163586e-01 5.367921300289152375e-01 5.316180188527048767e-01 5.212013092780144463e-01 5.570858608170540238e-01 5.597391528852171394e-01 5.341315695455008949e-01 5.398558708106423465e-01 5.472547779318442940e-01 5.540601331836890742e-01 5.656232290344013203e-01 5.575792058367404769e-01 5.553349506716261930e-01 5.171056852443240981e-01 5.228445434479597198e-01 5.099439806611461012e-01 5.222272114480656091e-01 5.370443861571682076e-01 5.280969906347299236e-01 5.244682050513557181e-01 5.166028535142145328e-01 5.239568055940564406e-01 5.399723625258122661e-01 5.333106654426236215e-01
3.060706277086863714e-02 4.014874978577532248e-03 1.873487379676979370e-01 3.826432387032673854e-01 1.000000000000000000e+00 3.354906206207240449e-01 4.560295487779634227e-01 4.509350633113577977e-01 4.507233713973360922e-01 3.500437251517724557e-01 4.494195220461016382e-01 4.838463562136558482e-01 4.693247668936055272e-01 4.233309790469544365e-01 4.947850390606799431e-01 4.850854154079645708e-01 4.156689682150925269e-01 3.013238312782735018e-01 3.777421672462418223e-01 3.266342499279665246e-01 3.790521294201703029e-01 3.934811435044139882e-01 3.056470149255225421e-01 3.520407194130255046e-01 3.872562546778404169e-01 4.385744761825186577e-01 4.283202062221232453e-01 3.791788604246729699e-01 3.664936782767161949e-01 3.941894845466513142e-01 4.392435902609181930e-01 3.937318889644727538e-01 3.581086499819755020e-01 4.115317475095316979e-01 3.719235498994370448e-01 4.529669615851479869e-01 4.301988308914917458e-01 4.201517611701396926e-01 4.388880649570351955e-01 4.297009151525703063e-01 4.743764800271310089e-01 4.507677717042322119e-01 4.659016391894857390e-01 4.825078361482295075e-01 4.795347387945823048e-01 4.460684708651917463e-01 4.760206992438810181e-01 4.668459807101666970e-01 4.694396822891127030e-01 4.700892652716420206e-01 4.511386128936742956e-01 4.873355717681873145e-01 4.881545432359550851e-01 4.577401576473890121e-01 4.551544122306978024e-01 4.441420622980666866e-01 4.587129402131409073e-01 4.708031769508477793e-01 4.628978982055229063e-01 4.817223935841106197e-01 4.744394390420428875e-01 4.631603319845886690e-01 4.636474872215050613e-01 4.626097389044998009e-01 4.728209374535664589e-01 4.732707477680065944e-01 4.675253802672644232e-01 4.580296032548701324e-01 4.468838486776133823e-01 4.692289173210189013e-01 4.720588617628537209e-01 4.654663250356222415e-01 4.594844847852961878e-01 4.661767790413591239e-01 4.839960935334576830e-01 4.682167954681371036e-01 4.599869141414864027e-01 4.504086137324317396e-01 4.644437842635483760e-01 4.340337514382609507e-01 4.498423835804103987e-01 4.688536108234502842e-01 4.615910762630222597e-01 4.372303985631250667e-01 4.611667814591450809e-01 4.644700090461905684e-01 4.635836555447691576e-01 4.629831741507625109e-01 4.604820398217771005e-01 4.670556619168714230e-01 4.709995541555178633e-01 4.727218948340520255e-01 4.828503035454537184e-01 4.729483621243922298e-01 4.768653726305296381e-01 4.706556397958973070e-01 4.777697077998731001e-01 4.787065246743998359e-01 4.771802682955037511e-01 4.713579924645897590e-01 4.759051386138306028e-01 4.770141977344581896e-01 4.869983272146684583e-01 4.821019373407697262e-01 4.811268155887593601e-01 4.659682345315563912e-01 4.724313830601429842e-01 4.669700502819954524e-01 4.683959961009394046e-01 4.816449643615718368e-01 4.713301749470156787e-01 4.751034541254180454e-01 4.722218085327536397e-01 4.697724973556820505e-01 4.708428942264427652e-01 4.749681770249451485e-01
1.202731242585918237e-01 8.456622299744928628e-02 3.065845625023199128e-01 4.129083232530509351e-01 3.354906206207240449e-01 1.000000000000000000e+00 5.378983784117437050e-01 4.818708529291942377e-01 5.516332086987207894e-01 4.768597771199009072e-01 5.623084620967245817e-01 5.802316332818509004e-01 5.298723538487611906e-01 5.350494422276337314e-01 5.887152141353479973e-01 5.624880703558648998e-01 5.345261896551520842e-01 4.832034436958665968e-01 5.347131624466940902e-01 4.678759848782799158e-01 5.220118163757140328e-01 5.361476621086592731e-01 4.902296271279878437e-01 5.083342083051988203e-01 5.418822849981983492e-01 5.760027049595836113e-01 5.726245011436950083e-01 5.571881560822645740e-01 5.326027014492865641e-01 5.420483962414208712e-01 5.826731017977747618e-01 5.592586329058850669e-01 5.189088080378536638e-01 5.691059526669656199e-01 5.290812883878740491e-01 5.857859659832578281e-01 5.740333565039839048e-01 5.816944491494819847e-01 5.857734740453723887e-01 5.958649443395376277e-01 6.103903703844932860e-01 6.078755042463598324e-01 6.092594535043395210e-01 6.098743326938210751e-01 6.138982767049329103e-01 5.996201347227815281e-01 5.897371979875831727e-01 5.913143015891444421e-01 5.958475640375633375e-01 6.000921456637154927e-01 6.050706525840162664e-01 5.926293536329232392e-01 5.953010641198849262e-01 5.826369301317335658e-01 5.840314721438134571e-01 5.984427419430977668e-01 5.909986969630476317e-01 5.994838726088406178e-01 5.987408973584666949e-01 5.939665914407957770e-01 5.951418586215619921e-01 5.782133942949353456e-01 5.821521769773404520e-01 5.933966388296243455e-01 6.021306580308253276e-01 5.913032881470708935e-01 5.944679331264665079e-01 5.996428322912673581e-01 5.845880136261131232e-01 6.035122184786635424e-01 6.132561773168456742e-01 6.057631473893579921e-01 5.972969612498311154e-01 6.045594669946378064e-01 6.056547677973351806e-01 6.066764899878577255e-01 5.930690503400113389e-01 5.927846649125856349e-01 6.018683992930046189e-01 5.877424682640403075e-01 5.909555261761415546e-01 5.993734490531087422e-01 5.887207775164762236e-01 5.756804651875467860e-01 5.931373221880990032e-01 5.944511757306676358e-01 6.012517607831661115e-01 5.985222102721492465e-01 5.998737192238339233e-01 5.930864484083874233e-01 6.021769017193173701e-01 6.016077473308809598e-01 6.047241748749720980e-01 6.018058675589699202e-01 5.919317547129442358e-01 5.892303282176689638e-01 5.979988324066086713e-01 5.907715074105441833e-01 5.960786504021000631e-01 5.970201637222812829e-01 6.016020050835479971e-01 6.031691479359558850e-01 5.991325459094118955e-01 6.019613774659080541e-01 6.038812941622853092e-01 5.792386451887172605e-01 5.876055932726790276e-01 5.886501845244500597e-01 5.918866086261075354e-01 5.921060213933736494e-01 5.935954356667341170e-01 5.891126965429994700e-01 5.837187395708400839e-01 5.957454407508580019e-01 6.003571634221125386e-01 5.939364049504516352e-01
8.710773567792093330e-02 1.444147993376163897e-01 3.103955645923114903e-01 5.186425709210137347e-01 4.560295487779634227e-01 5.378983784117437050e-01 1.000000000000000000e+00 7.146561286896845333e-01 6.917209407870231752e-01 6.254026628713993397e-01 7.046537212883784429e-01 7.397913974481777899e-01 7.067234844825424078e-01 6.868459354683427165e-01 8.322715046906801195e-01 7.753724040014943197e-01 6.685915827162780545e-01 5.249084924657118068e-01 6.254394742977309463e-01 5.218098582975286837e-01 6.017883471133279594e-01 6.226358535350636769e-01 5.575687256826323823e-01 5.807134137549021524e-01 6.264212572568540471e-01 7.223383712267404944e-01 7.190332158773836690e-01 7.083697743811420144e-01 6.460238066012848890e-01 6.652958685038158348e-01 7.208018996844020032e-01 6.686818395138086624e-01 6.462463100300235297e-01 6.922511848195428419e-01 6.513732947604954360e-01 7.285535174768522637e-01 7.085131644112784288e-01 7.461879569791173283e-01 7.353549717865944801e-01 7.528668530954039095e-01 7.790633313421470030e-01 7.822260345396977455e-01 7.759884418814558815e-01 7.834873210022469392e-01 7.653583161905438415e-01 7.526276070478430391e-01 7.652904294333771062e-01 7.624564798433961510e-01 7.542222612484784650e-01 7.562442334542693878e-01 7.681733676935085242e-01 7.637075173600367251e-01 7.622875525043808498e-01 7.438425038325295890e-01 7.446684906109062307e-01 7.477461773513882637e-01 7.364201929060332219e-01 7.759194183663190580e-01 7.692389625783552232e-01 7.680779876977399390e-01 7.647931025060047405e-01 7.463361382795592469e-01 7.463977039663952651e-01 7.494877888935030930e-01 7.545847633112372499e-01 7.559849451467444137e-01 7.592247695886098491e-01 7.497227143620240897e-01 7.306907182854696092e-01 7.462506201610813461e-01 7.568284569810537210e-01 7.517104650049849512e-01 7.418604299282599568e-01 7.474807074839550092e-01 7.794787260521524042e-01 7.708156048125488491e-01 7.692149977431433916e-01 7.520981602878890060e-01 7.631545599112974365e-01 7.290530827611118037e-01 7.443401343999170860e-01 7.606648634449525437e-01 7.563130487299010163e-01 7.335398183457834120e-01 7.543320972038392025e-01 7.542413682861904833e-01 7.568352114499355965e-01 7.763246420861492636e-01 7.628822888295860860e-01 7.604067745239441178e-01 7.811948108680153435e-01 7.808947143727994478e-01 7.758701122036595343e-01 7.733432317646844467e-01 7.670850746481227000e-01 7.612966715047034816e-01 7.603445058602538165e-01 7.537790419658346730e-01 7.680762031350485408e-01 7.735916357221902517e-01 7.746574071624501290e-01 7.729039936806765265e-01 7.723786516745054787e-01 7.774026327293693805e-01 7.692661105892255602e-01 7.423562009612624246e-01 7.559468851195375594e-01 7.573370025183255860e-01 7.629017568409740546e-01 7.691630350765689128e-01 7.747213825697868428e-01 7.623167970683021322e-01 7.569744029906856353e-01 7.616443303597406622e-01 7.612281739764699129e-01 7.598875450358724137e-01
3.586547313757102590e-02 9.808343279371473100e-02 2.877496670504476328e-01 4.750828847385645259e-01 4.509350633113577977e-01 4.818708529291942377e-01 7.146561286896845333e-01 1.000000000000000000e+00 6.511500598395238981e-01 5.858623090688205304e-01 6.756014331041378940e-01 7.326179783064614703e-01 7.012344061567928888e-01 6.775947017909901282e-01 7.963707639507378033e-01 8.051435936220602274e-01 6.176277201742322864e-01 4.529056814758989913e-01 5.544212449041431290e-01 4.758059831613915547e-01 5.195609859980624412e-01 5.575862324461257069e-01 5.062848560257788844e-01 5.181405070055321582e-01 5.647563227836984723e-01 6.734059679432663481e-01 6.654676662525152997e-01 6.442944466529801906e-01 5.791572064012088239e-01 6.273838743412696317e-01 6.860870721451622911e-01 6.210450921570563887e-01 5.987881395784306893e-01 6.508782017456020696e-01 6.218319716189449897e-01 6.876951183412349788e-01 6.775458957113016378e-01 7.031375610417186506e-01 7.056326626506265187e-01 6.967207678009018634e-01 7.350426373058428497e-01 7.467925386437677115e-01 7.446705685353696147e-01 7.563651757634024531e-01 7.363433916819964731e-01 7.192078160701369516e-01 7.572694205398461387e-01 7.459247231513500553e-01 7.325955297653007348e-01 7.313683367455930950e-01 7.462716353569921468e-01 7.319490252665495911e-01 7.485827695557741857e-01 7.281650530758482232e-01 7.264139678416585699e-01 7.106695649411131077e-01 7.230924539405347851e-01 7.635659170310290511e-01 7.522494042318522700e-01 7.576131975140029118e-01 7.566264978057449797e-01 7.464239834059275269e-01 7.460199217518732606e-01 7.384835506862877930e-01 7.319852901904106979e-01 7.363094793823101725e-01 7.421575827286286398e-01 7.205328238006136754e-01 7.041258938390555500e-01 7.186727250933054867e-01 7.218932191341158600e-01 7.224522423202479615e-01 7.096060109574255925e-01 7.230064142014168693e-01 7.556599831754351460e-01 7.389574598174929454e-01 7.333917445910652644e-01 7.127547148713629932e-01 7.318478713282673409e-01 7.037022839754469850e-01 7.222508038130877051e-01 7.415850067915328303e-01 7.261506828538990543e-01 7.063677462863063861e-01 7.268749222078977335e-01 7.313095071635573596e-01 7.351277762034286178e-01 7.487076945853882171e-01 7.415254116943624796e-01 7.355526662276393735e-01 7.458528096369740901e-01 7.570432911970091938e-01 7.548585733462132019e-01 7.532712178877302156e-01 7.570952970983955144e-01 7.486870380691542648e-01 7.448217621577837289e-01 7.429334945292797032e-01 7.584573514311578890e-01 7.537786939600800151e-01 7.553644409776959501e-01 7.594906641348776466e-01 7.576300554758959027e-01 7.642619684338722852e-01 7.483625996512685008e-01 7.350341674736297071e-01 7.461072421400448684e-01 7.430055460108341281e-01 7.481624972006416519e-01 7.587309135564168638e-01 7.561548049941474448e-01 7.537893693698706210e-01 7.506104499234864669e-01 7.487205248124809698e-01 7.408217002709700516e-01 7.486645280678445591e-01
1.813020969446309250e-01 1.626622275764519898e-01 3.889655700223140222e-01 5.096642950257330718e-01 4.507233713973360922e-01 5.516332086987207894e-01 6.917209407870231752e-01 6.511500598395238981e-01 1.000000000000000000e+00 7.321373196879095158e-01 7.931504522109323885e-01 7.928075598118276002e-01 7.403816653551315019e-01 7.452989797015199258e-01 8.127157540369218669e-01 7.966018904346087171e-01 7.866629417299828564e-01 6.774145265440203456e-01 7.421599292631788636e-01 5.755778754219436077e-01 7.035882374683629648e-01 7.455396714891844301e-01 7.088805363340263677e-01 7.308563135490252494e-01 7.522920788614774201e-01 8.148688514773934077e-01 8.072884017625839848e-01 7.917689412026823748e-01 7.779389960653608771e-01 8.191113510971721468e-01 8.417313849159204775e-01 8.079187463007942993e-01 7.804610566606072775e-01 8.183236513012193125e-01 7.994595034309650572e-01 8.304113973390434555e-01 8.309203933191173785e-01 8.289366507520238292e-01 8.524019627079352235e-01 8.064564221392673815e-01 8.578919361991623749e-01 8.432166444205879685e-01 8.384721800957337656e-01 8.589437432368181025e-01 8.559440098315493906e-01 8.498407309999748138e-01 8.424175644050754252e-01 8.508994256135579137e-01 8.363991342498233728e-01 8.246287596438931500e-01 8.330751280840446027e-01 8.163359212232565998e-01 8.308446569643929136e-01 8.491644994090796761e-01 8.391894202794897284e-01 8.353255601549247622e-01 8.378171044818510937e-01 8.407050989993272161e-01 8.457563714082471096e-01 8.552093967062801561e-01 8.405605277151163568e-01 8.423645592870611098e-01 8.384273005305363791e-01 8.470172500254947723e-01 8.569021308449165097e-01 8.579482240416604899e-01 8.499950427650294627e-01 8.560601639355088777e-01 8.524740309573523023e-01 8.383186633649132302e-01 8.561105520897795973e-01 8.584391816995945446e-01 8.542351333534948798e-01 8.491769920224548907e-01 8.649339547249236260e-01 8.634952696055372412e-01 8.624503118331455775e-01 8.584591856676280219e-01 8.614061464748140606e-01 8.476637021986522802e-01 8.547430110961926619e-01 8.586061232745315630e-01 8.523385375125240859e-01 8.516045152813205288e-01 8.513770523849222283e-01 8.554291192057081883e-01 8.543607570093511017e-01 8.512215662184855480e-01 8.536727787260025568e-01 8.481036172231612991e-01 8.532447681664674377e-01 8.512402127028968479e-01 8.537222933930128654e-01 8.534427839916888248e-01 8.395273178671066594e-01 8.481885278339696965e-01 8.294164262112245778e-01 8.367842227105013464e-01 8.369513236507254428e-01 8.480665192818055420e-01 8.431687983994380353e-01 8.390187078713833291e-01 8.482356352808637645e-01 8.487500396822746929e-01 8.479491482116923162e-01 8.396009743387223834e-01 8.417005076176971023e-01 8.529939908304622342e-01 8.475829928323671547e-01 8.460454928411975661e-01 8.437001286342634687e-01 8.450547066973650434e-01 8.411947116308775563e-01 8.487216119540971215e-01 8.535768788424993314e-01 8.522757329377892432e-01
1.471491215207765546e-01 2.561600138087113399e-01 3.558141926541695255e-01 3.890305587715614521e-01 3.500437251517724557e-01 4.768597771199009072e-01 6.254026628713993397e-01 5.858623090688205304e-01 7.321373196879095158e-01 1.000000000000000000e+00 7.080676419079185990e-01 6.834676590574254584e-01 6.611033108989994300e-01 6.647034161392800788e-01 7.543285234652968851e-01 7.265180991493560558e-01 7.149752249104883717e-01 6.226759792546011640e-01 6.634210089320453640e-01 4.655822863967508107e-01 5.807141167835858653e-01 6.533933711946500189e-01 6.776429679839529596e-01 6.554435320782502350e-01 6.509682747447030904e-01 7.534563710527711899e-01 7.402405293759547478e-01 7.654336799889327470e-01 7.423131263746721720e-01 7.707575412977603069e-01 7.792052401605601419e-01 7.573694798770954639e-01 7.415019219706556752e-01 7.545831586305157268e-01 7.599374528315827604e-01 7.522957108513695923e-01 7.637193128579781165e-01 7.961706619177408850e-01 7.974556209086376413e-01 7.516975430898029664e-01 7.835168748823141405e-01 7.914966145097523942e-01 7.775979173076759121e-01 7.855434650940785746e-01 7.694478055414545326e-01 7.940005023510917637e-01 7.664148301970471477e-01 7.879036120129961906e-01 7.586900171413484273e-01 7.422425076895333707e-01 7.789961461966131706e-01 7.186738899545397352e-01 7.359166999677260179e-01 7.862199677250726326e-01 7.785627306328171127e-01 7.832303073123498827e-01 7.641863851148043008e-01 7.730673551741820138e-01 7.809012960763747069e-01 7.783774402603810261e-01 7.679017720017831117e-01 7.744054497899945932e-01 7.703460575610141525e-01 7.808567142463984645e-01 7.758011245754978802e-01 7.760505832301639595e-01 7.765523872654828130e-01 7.823318214690642147e-01 7.863627234299237490e-01 7.347381944631898865e-01 7.615388837299054137e-01 7.781717567799560920e-01 7.703941502243435435e-01 7.587798123064917188e-01 7.878554521826922619e-01 7.913029605127589461e-01 7.960992474168447908e-01 7.987134654293049918e-01 7.926932175837549943e-01 7.857222904216059067e-01 7.861871888487808047e-01 7.877160303415337017e-01 7.796952476541726407e-01 7.904371181799730861e-01 7.784618586037440613e-01 7.793093360703901018e-01 7.810504840798718762e-01 7.889220035717041668e-01 7.882045613314402344e-01 7.780504728041548468e-01 7.797089936028333002e-01 7.819610623952778505e-01 7.760604923054404969e-01 7.808213942898043491e-01 7.650207474299496324e-01 7.749725851853084269e-01 7.512506204579960656e-01 7.498641167884775305e-01 7.666237464959985148e-01 7.785052017457952944e-01 7.717410490711170690e-01 7.688753369701533114e-01 7.646065181566152891e-01 7.707922042401369467e-01 7.672221916092636373e-01 7.670022298561467444e-01 7.654847331099451369e-01 7.856542211229383676e-01 7.783826857924908138e-01 7.695108540624683302e-01 7.749261824036247637e-01 7.691280163472091758e-01 7.665913832020186947e-01 7.775658460860185306e-01 7.747194207684993117e-01 7.756037628582329591e-01
1.262549163882751013e-01 1.428370671912362333e-01 4.072487401209181068e-01 5.556153768347311672e-01 4.494195220461016382e-01 5.623084620967245817e-01 7.046537212883784429e-01 6.756014331041378940e-01 7.931504522109323885e-01 7.080676419079185990e-01 1.000000000000000000e+00 8.500900865330477396e-01 7.724883988967186088e-01 7.631050775621348592e-01 8.395514617343874386e-01 8.198036461461211122e-01 7.958545907626832783e-01 6.813210435399602583e-01 7.700736109418641062e-01 6.146248351122661768e-01 7.244037341105070693e-01 7.778821984882718921e-01 7.102252624293379224e-01 7.499805608672298618e-01 7.838355823632995323e-01 8.221110356863049473e-01 8.235990557618753094e-01 8.044947511922894146e-01 7.834923724669906608e-01 8.328635730342446308e-01 8.660965091612125022e-01 8.204155632435045087e-01 7.833018511634796122e-01 8.426108050608914768e-01 8.147442907474889973e-01 8.685161592599832669e-01 8.578918202645237079e-01 8.470879548332425069e-01 8.754177992735849845e-01 8.429253627554744721e-01 8.866268748743957318e-01 8.714244941740224570e-01 8.710919481533925257e-01 8.893357362505102115e-01 8.932698154194179674e-01 8.768939826734098997e-01 8.779862406350558146e-01 8.781268082172238865e-01 8.674016071955993334e-01 8.662949995322128949e-01 8.695796624774145833e-01 8.661888379179096820e-01 8.725752497047399858e-01 8.698354706955512272e-01 8.637168176759716376e-01 8.655061150661934599e-01 8.686760253056793335e-01 8.771276689702732776e-01 8.752255940918134414e-01 8.851743461586724093e-01 8.782033901806490794e-01 8.725139802569552572e-01 8.689723070887040990e-01 8.785344589496790757e-01 8.888534133674426130e-01 8.872735271379934563e-01 8.862817904606301589e-01 8.917407301044246726e-01 8.805171553242738813e-01 8.790212939242727508e-01 8.974565421013295241e-01 8.961841046397780453e-01 8.897791206925329544e-01 8.913787940116127961e-01 8.981504571789491465e-01 8.962649067580225060e-01 8.873988159451534630e-01 8.857142726786003673e-01 8.946192886403919742e-01 8.796727102112699148e-01 8.857140538575630773e-01 8.937173365732870023e-01 8.858931102822173997e-01 8.773533055534692426e-01 8.873416996684663216e-01 8.915979856371100132e-01 8.927042646377367774e-01 8.862181460842414316e-01 8.898893052957707051e-01 8.847800882391037014e-01 8.895757817105207632e-01 8.886301379937369127e-01 8.941077712344133177e-01 8.912028301711168998e-01 8.816765513306729085e-01 8.843551752886393835e-01 8.768673735854578544e-01 8.785059628562623679e-01 8.794830659362615766e-01 8.872849094150613292e-01 8.879322679901306969e-01 8.842161116715059332e-01 8.885377981938349379e-01 8.903189017410505501e-01 8.925335274238681560e-01 8.764142090558283416e-01 8.800540768756275334e-01 8.856059451830167184e-01 8.847443599671770409e-01 8.841946318822415662e-01 8.829383413416364013e-01 8.820854608555446230e-01 8.787326647675695046e-01 8.849379521202580534e-01 8.924060880737914037e-01 8.866934046234149491e-01
2.843898742269923563e-02 9.242730115052563700e-02 3.686467585824897975e-01 6.311798838968918357e-01 4.838463562136558482e-01 5.802316332818509004e-01 7.397913974481777899e-01 7.326179783064614703e-01 7.928075598118276002e-01 6.834676590574254584e-01 8.500900865330477396e-01 1.000000000000000000e+00 8.208802077778043493e-01 8.082755765367179990e-01 8.832498094380183407e-01 8.666381705312796724e-01 7.710493206608343142e-01 5.985964661603393466e-01 7.144003532872311713e-01 6.657708073803842996e-01 6.933795712424696278e-01 7.166103979588288597e-01 6.293372575378528566e-01 6.716469923481257487e-01 7.397948264410770802e-01 7.829424466786145675e-01 7.919658855733929803e-01 7.514704756684339459e-01 7.095250756895071786e-01 7.823108651820773751e-01 8.446217060523676379e-01 7.698306968157261343e-01 7.295794705708654737e-01 8.071369099729486241e-01 7.657586568555805329e-01 8.541231838131869702e-01 8.366627586274836270e-01 8.252605354081320455e-01 8.537520714724901039e-01 8.350646592913447686e-01 8.918229036641150964e-01 8.732505242089879660e-01 8.730881903262520671e-01 8.987267190074994527e-01 8.942443293940489646e-01 8.570191566954994400e-01 9.136752309823836793e-01 8.981101637971941054e-01 8.957785971523780644e-01 8.914760565701097539e-01 8.850267953741071114e-01 9.046215155352383963e-01 9.181349412342499905e-01 8.796295936281898209e-01 8.679592233903135057e-01 8.591986545462414471e-01 8.790915577831227568e-01 8.996937684574531913e-01 8.933296403461571389e-01 9.134057131419306419e-01 9.146929486086964323e-01 8.894144710229031636e-01 8.886491764093543688e-01 8.902879449515271881e-01 8.959632125841219263e-01 9.044475114500172275e-01 9.089854930434299041e-01 8.883952813744550037e-01 8.747750308454852464e-01 9.156200471008307806e-01 9.043020088105016008e-01 8.941350686971054618e-01 8.858271192992636101e-01 9.011587119557470382e-01 9.130769991146120423e-01 9.030792409416091848e-01 8.913918236405251605e-01 8.739603291205368940e-01 8.946065653722808930e-01 8.734170548090833819e-01 8.867616226343040253e-01 9.080251667173985242e-01 8.934123541266545399e-01 8.686567612620450518e-01 8.936140095866406119e-01 8.991230822606436357e-01 9.020881665926653303e-01 9.022335322304347871e-01 9.008241473425572243e-01 8.982273446622538460e-01 9.045238892775941952e-01 9.134684827967278764e-01 9.205008133160956785e-01 9.124072583472049303e-01 9.209810016080716144e-01 9.137813848450302423e-01 9.115469933442380546e-01 9.152746812162220191e-01 9.179534527902916130e-01 9.110906740052352459e-01 9.115187021784070254e-01 9.150766507729213295e-01 9.248516112032942882e-01 9.223839938275515404e-01 9.201545363974148461e-01 8.954957871232811506e-01 9.127076407314521633e-01 9.029182431707926115e-01 9.046018093524679227e-01 9.180066025212896275e-01 9.097916791543663173e-01 9.170182154602457558e-01 9.097496639969971932e-01 9.106592407311637771e-01 9.103335098058830122e-01 9.141641055555602691e-01
4.496865447878332922e-02 1.018459352619554142e-01 3.297062522120624006e-01 5.177152615313120876e-01 4.693247668936055272e-01 5.298723538487611906e-01 7.067234844825424078e-01 7.012344061567928888e-01 7.403816653551315019e-01 6.611033108989994300e-01 7.724883988967186088e-01 8.208802077778043493e-01 1.000000000000000000e+00 7.609306697000749464e-01 8.405512191687318779e-01 8.336969006149062000e-01 7.329719264703427051e-01 5.791266673634949402e-01 6.699723464345477275e-01 5.684160310553778572e-01 6.315881611963468645e-01 6.703936444230378378e-01 6.217006006006491337e-01 6.399680192245011945e-01 6.837036395874903638e-01 7.612669866068182412e-01 7.439481782714363334e-01 7.248885193493642687e-01 6.796087397748163950e-01 7.486040900049635294e-01 7.921585480187463002e-01 7.530617979340109569e-01 7.076811886668420426e-01 7.727993579430304516e-01 7.346364567808640889e-01 8.024338336643062064e-01 7.891527536744571414e-01 7.975751574425810064e-01 8.149447126307929334e-01 7.913743409451734490e-01 8.419935351746676844e-01 8.308648134131954022e-01 8.345711895752808696e-01 8.485197960703148023e-01 8.382530142854165423e-01 8.215264494006818685e-01 8.580999024625188820e-01 8.487610423793936487e-01 8.362699806279817460e-01 8.280604091927329380e-01 8.341066420951313010e-01 8.310511745002444606e-01 8.469391860384256621e-01 8.339028543957395234e-01 8.272961262805768046e-01 8.216012944842456811e-01 8.260109752703569397e-01 8.503348901342367983e-01 8.441831159407446883e-01 8.587676997116765465e-01 8.566968239933724361e-01 8.437047993183323102e-01 8.392287125693780325e-01 8.429506400568985702e-01 8.416656036879454073e-01 8.491161719619352288e-01 8.531063618942997806e-01 8.416009034785916221e-01 8.288827771396036770e-01 8.383508485822357414e-01 8.419096690079264089e-01 8.385755845478660708e-01 8.339013262594461295e-01 8.373304894668920362e-01 8.590548229621203236e-01 8.470530646258138674e-01 8.387993627312156919e-01 8.214354102965971682e-01 8.408104289863445047e-01 8.239405938752321079e-01 8.348470458037033914e-01 8.519713889064749468e-01 8.402188445662874816e-01 8.220897301551119973e-01 8.416148760516487526e-01 8.459262252850111574e-01 8.475365317556783351e-01 8.501435241484420757e-01 8.477015572461111814e-01 8.436106669034850736e-01 8.487314732839050802e-01 8.583706213251552919e-01 8.615718517511833374e-01 8.576390556560399281e-01 8.594125413950814973e-01 8.554831999006546894e-01 8.482140373056769045e-01 8.475811988039041456e-01 8.572419003945840332e-01 8.541768458200157399e-01 8.574922044577590885e-01 8.542260282999265542e-01 8.606741093657512831e-01 8.639161655283432717e-01 8.578383063542904807e-01 8.406725918262961672e-01 8.522178068926663519e-01 8.519254005755506620e-01 8.519384963508224162e-01 8.605545726278122087e-01 8.570225107420278432e-01 8.592847799062395264e-01 8.541202291609669706e-01 8.542137225253614297e-01 8.552448191119779164e-01 8.560184156985543025e-01
