1.000000000000000000e+00 9.558096061765730678e-02 6.387885884721117291e-02 1.218038025644548050e-02 5.324135145958188570e-02 -4.069806665086700415e-02 1.100084769620464017e-02 7.429441844488527888e-03 1.194717083942374580e-01 1.955813040156190522e-02 2.723980008285784710e-02 1.203814512664902643e-02 3.127931832424283437e-02 -1.655119413737660833e-02 -5.920464590549674548e-03 -3.786441005260698326e-03 7.419983903092700062e-02 5.720080103557841772e-02 3.725046916363512067e-02 -2.826437938348525664e-02 3.504890350767817658e-02 4.873983256590894847e-02 2.733988865655408856e-02 2.040918826110488596e-02 2.783741309860790145e-02 4.039428040330243774e-02 5.132130545129828803e-02 2.423504709206926108e-02 4.941298427455986797e-02 5.370135695579297819e-02 2.778896929052672091e-02 1.854943658539233778e-02 1.319088824015471340e-02 3.616665751796444700e-02 5.699311945655903544e-02 3.373443199018615057e-02 2.850320649199962475e-02 -3.879607288260360546e-04 2.419100804638855615e-02 -3.503713425758105127e-02 2.253208471859035819e-03 -1.694576261854317139e-04 -6.070890665693762060e-03 1.122964299004719328e-02 9.563801050869808612e-03 1.608376082557072843e-03 5.001038267330698128e-04 1.928738888777631333e-02 5.026609980129775543e-03 1.149557286641018222e-02 1.124365386990666682e-02 4.657220105066290847e-03 -5.016228385442366572e-03 3.068302941985368015e-02 1.454911940983959380e-02 1.953624198516062255e-03 2.594802044022064338e-02 8.209401510200966395e-03 -5.942383704946490805e-03 2.383137694352418026e-02 6.769681784832449079e-04 1.317563746878028935e-02 8.328372536494136127e-03 3.063742807788024172e-02 3.763093916467796785e-02 1.668728414816540370e-02 1.800435767081285179e-02 1.395975391486094577e-02 1.853001030323649795e-02 4.895940987275196159e-03 1.254678707498738631e-02 2.102737651636311239e-02 9.799787000293788339e-03 1.391091800277654764e-02 1.842619097455607674e-02 1.471887426826852877e-02 4.274415298789371875e-03 2.647409833720165695e-02 1.682017173467274113e-02 2.389800038428538387e-02 2.301014990265710242e-02 7.894464942030327351e-03 2.864744672200489686e-02 1.652782705193221041e-02 1.148232612621699796e-02 1.270792935378277887e-02 1.421838490148059561e-02 -1.172357709357997862e-03 1.023987712318624906e-02 -5.111133027560456864e-03 -1.182616018071173253e-02 -2.689940752585085002e-03 3.906460858453556992e-03 1.328233624209521806e-03 1.661951177970288516e-03 7.934984638349053265e-03 -1.802241248850255592e-02 1.923428478597838734e-02 -8.431050551566093842e-03 3.789092629640582709e-03 -1.321307668734783038e-02 -2.074337105871547278e-05 3.700689352130125901e-03 1.272357452154976440e-03 1.304661538123927204e-02 3.549016117862794500e-03 1.416735449383793068e-02 1.191052094611774574e-02 9.651368742472684475e-03 8.120462855686591194e-03 -7.436671602452075806e-03 1.146403588411840785e-02 3.694177696279985802e-03 1.855357043855931920e-02 2.572402171175630289e-02 9.952359736169624424e-03
9.558096061765730678e-02 1.000000000000000000e+00 1.024575098729021000e-01 8.881092443710467133e-02 6.279359789366499578e-02 6.599057991263125589e-02 1.137740826596115723e-01 1.108688082020892890e-01 1.951775967730269568e-01 1.892875219839462719e-01 1.668178218989415651e-01 1.523639077271396747e-01 1.303046776780498739e-01 1.240073321713914406e-01 1.451284222179772265e-01 1.474128166519331484e-01 1.558208048315686267e-01 1.935606183051788998e-01 1.888378772374211256e-01 1.379557779589301869e-01 1.756118708787155203e-01 1.943691070565035650e-01 1.796944561513986738e-01 1.728413898244902658e-01 1.881608612586265772e-01 2.006536686495844213e-01 1.947819966522004731e-01 2.041159370607486256e-01 2.013903021092149082e-01 2.060555563801883538e-01 1.910680382723707049e-01 1.702685155079129709e-01 1.876511074229414433e-01 1.714751818230511871e-01 1.966854317663239149e-01 1.530910885031345481e-01 1.873252400519607175e-01 1.809666984971226300e-01 1.811593928232408668e-01 1.556947951675454744e-01 1.700563129062745704e-01 1.667667163511003803e-01 1.492528650081360875e-01 1.688459731234460415e-01 1.699545771454727405e-01 1.736492657372705473e-01 1.584336320088221561e-01 1.722833479607640272e-01 1.498601910369648516e-01 1.469330994720985939e-01 1.581228953230257306e-01 1.302557515655245191e-01 1.507822529531199773e-01 1.774504013937281410e-01 1.757783053254050876e-01 1.752255450316208552e-01 1.583094028982757195e-01 1.585626249304856739e-01 1.604785974427343498e-01 1.617297163316161468e-01 1.530954543836577364e-01 1.689424062213416566e-01 1.627920186759304610e-01 1.635353960260932937e-01 1.657789156233031302e-01 1.585039510381406336e-01 1.628559135191605667e-01 1.694862829388682213e-01 1.758368339301093763e-01 1.657848899554153210e-01 1.705011699179921902e-01 1.769658938399805426e-01 1.737913782336379387e-01 1.786423531443293578e-01 1.778649908718533679e-01 1.729224796422596799e-01 1.729483485604559889e-01 1.862300137673739697e-01 1.820847444293403339e-01 1.863570904156541808e-01 1.821962642761287832e-01 1.747400851773500685e-01 1.680539378081902790e-01 1.796211576145316235e-01 1.575950694202398750e-01 1.674934853676904312e-01 1.710706957935440864e-01 1.665223325354917294e-01 1.674546681669892012e-01 1.619622576177243978e-01 1.628223404686254261e-01 1.615358890187728047e-01 1.628621292025938805e-01 1.665683839137276356e-01 1.577414783695960665e-01 1.632191668627063219e-01 1.409791519590651576e-01 1.553383439057108018e-01 1.503496041948304274e-01 1.553568449056717260e-01 1.499756674946938484e-01 1.552412474488074068e-01 1.537210135737513139e-01 1.534322763308534066e-01 1.577571614358569685e-01 1.551874387839985991e-01 1.609756475517993002e-01 1.688179258918726389e-01 1.715893976954084021e-01 1.598299125786858399e-01 1.564104812935315503e-01 1.639732805147308958e-01 1.604300096357756944e-01 1.586028196012320424e-01 1.596404682827175237e-01 1.580611415689276156e-01
6.387885884721117291e-02 1.024575098729021000e-01 1.000000000000000000e+00 3.159524238130239637e-01 1.992339583119697999e-01 2.436758687903384513e-01 3.030069613770681181e-01 3.245595450351673739e-01 3.829521588309296454e-01 3.400279222008341096e-01 3.780821069406198331e-01 3.945340412360767712e-01 3.439594667596579391e-01 3.083330987452631566e-01 3.779014487114983334e-01 3.812641461957388955e-01 3.760886031321746259e-01 3.767787598925724235e-01 3.716834745773409110e-01 3.406850343646585788e-01 3.772827143091464497e-01 4.001792421339606665e-01 3.694888207872519259e-01 3.388723650301705415e-01 3.709627783397713152e-01 3.839305696659459088e-01 3.915612053370883805e-01 3.825479171847250837e-01 3.509800840819761181e-01 3.783043764216593163e-01 3.993389608310497496e-01 3.978048206827095590e-01 3.860182412663530349e-01 3.958538935058765196e-01 4.066159354912071699e-01 3.892413119977956582e-01 3.988333669973033180e-01 3.903545575293818626e-01 4.042471436360965953e-01 3.682323154176145308e-01 3.932580836378585798e-01 3.978298583147783507e-01 3.831315276164674599e-01 4.051173546605150166e-01 3.973219576734623448e-01 3.874293908956657484e-01 4.016693910519429922e-01 3.986489440209199930e-01 4.000482273312899184e-01 4.014329946100534952e-01 3.981859634125883840e-01 3.935783684408586947e-01 3.978804523946234406e-01 4.002117609134499543e-01 3.896853230485838315e-01 3.948011189921680208e-01 3.998521875131091918e-01 3.980754912685382507e-01 3.946534522599013384e-01 3.992847006853906811e-01 4.002532083431657450e-01 3.974177509619252202e-01 3.971080563268589714e-01 4.005106677190876097e-01 4.018642403369793725e-01 4.037086778259176278e-01 3.987871345871836781e-01 4.010045655490809824e-01 4.030130190519031763e-01 4.000760659638844530e-01 4.082473764763507873e-01 4.056326225007671482e-01 3.891456396005535390e-01 3.982599682893959714e-01 3.995828803248924754e-01 4.032817565360081735e-01 3.938376877052293112e-01 3.953452639549624448e-01 3.911497877734694262e-01 4.026880531437070920e-01 4.022333684114843266e-01 3.993153752401159551e-01 4.036060745176870967e-01 4.064035012748634101e-01 4.081463137402946417e-01 4.036887927673956655e-01 4.026250234373451309e-01 3.985779187840884918e-01 4.032509834284418448e-01 3.866864500945808580e-01 3.940448583677135796e-01 3.988872260763164368e-01 3.997666568537909249e-01 3.976794063800788148e-01 3.991878448570545523e-01 4.006866215645893403e-01 3.947549775215070111e-01 4.026085844332429886e-01 3.971503581247937675e-01 4.007647905799324173e-01 3.925129173200717636e-01 4.013041290500366509e-01 4.038068453350334708e-01 4.008050556101979134e-01 4.041431435640670533e-01 3.998470851240616963e-01 4.033929198955402695e-01 3.970451504419862943e-01 3.970870665447689407e-01 4.003489853249679875e-01 3.964271641481870168e-01 3.997550632560116224e-01 3.991454391520219414e-01 4.007029833006394148e-01 4.016312914435770653e-01 4.008665711620241212e-01
1.218038025644548050e-02 8.881092443710467133e-02 3.159524238130239637e-01 1.000000000000000000e+00 3.207008772549601594e-01 3.911195906790244647e-01 5.635515946575986312e-01 5.258167664306623301e-01 5.362314127178744450e-01 5.017312149980194258e-01 5.889144956572300860e-01 6.319747002854958495e-01 5.673082093172562290e-01 5.255329182817236600e-01 6.264573832829101185e-01 6.218290737417274672e-01 5.666403742473622440e-01 5.035889253454448600e-01 5.088601157586262191e-01 5.453157956996927958e-01 5.812608527802455294e-01 5.606311503740593061e-01 4.869053080589728077e-01 4.532154316448238629e-01 4.868850484284090729e-01 5.623476497404474861e-01 5.525521727239671721e-01 5.437977029842795407e-01 5.100755978629973875e-01 5.144276338095117307e-01 5.680328996149295318e-01 5.901444617872090292e-01 5.580578069335832003e-01 5.819186941330993790e-01 5.641940251249892846e-01 5.896217081574439689e-01 5.689427525118266882e-01 5.908676731358062373e-01 5.972955114137565857e-01 5.775278545252364726e-01 5.979636051371859384e-01 6.061472599183674870e-01 5.952601554975242015e-01 6.121778698270101682e-01 6.025064031839388878e-01 5.950571531004485992e-01 6.153657203375680895e-01 6.144306219061127505e-01 6.244494805225602185e-01 6.055242809432331841e-01 6.129121910962821440e-01 6.055568846393022397e-01 6.167150553957014836e-01 6.044524236176350707e-01 5.934720702914728641e-01 5.807529988791324538e-01 6.164006106637912596e-01 6.124953380686278814e-01 6.058394599377568968e-01 6.245379446114668331e-01 6.211103168744220859e-01 6.128368922585625267e-01 6.123796525293091486e-01 6.196290934349996116e-01 6.180577005905040222e-01 6.273157889528269138e-01 6.176290328961665521e-01 5.979015587036453638e-01 6.051679478942130208e-01 6.270018821243338314e-01 6.181081782878250497e-01 6.005712863584604655e-01 5.808970963953778988e-01 5.775230440914040919e-01 6.027527481219592254e-01 6.038630280375204551e-01 6.010749384070368517e-01 5.914364780396615950e-01 5.993745283277399638e-01 5.908451321572559811e-01 5.990175081346565955e-01 6.038246830564065748e-01 6.203028370659527946e-01 6.084895052958723127e-01 6.189398541612277649e-01 6.090563220075525530e-01 6.114955141362082847e-01 6.117816365690921243e-01 6.118770143862760635e-01 6.028128965161529962e-01 6.107575204070445629e-01 6.155640018143934133e-01 6.131659420938094796e-01 6.109055509332895761e-01 6.194088668632937722e-01 6.184245992274208792e-01 6.226979599179547353e-01 6.338127948222880281e-01 6.232437756951501040e-01 6.207292749304645918e-01 6.149046492739034253e-01 6.246621052958806208e-01 6.262055705314292231e-01 6.247153148253276056e-01 6.249675104993583918e-01 6.248401705620455493e-01 6.268338998749480862e-01 6.103082056117079546e-01 6.080474710950620754e-01 6.213646885869468228e-01 6.170755718615160701e-01 6.224211674413814288e-01 6.242282174897083591e-01 6.258342077487311084e-01 6.217102729633863234e-01 6.239597085841627200e-01
5.324135145958188570e-02 6.279359789366499578e-02 1.992339583119697999e-01 3.207008772549601594e-01 1.000000000000000000e+00 2.960452504637632876e-01 4.321979408208539430e-01 4.610247568984037758e-01 4.095737183443206031e-01 3.691911332144762192e-01 4.396797258169629075e-01 4.613133730420588274e-01 4.486822131018800008e-01 4.075037371554992016e-01 4.814725079059284374e-01 4.812586821314785990e-01 4.163184344722106744e-01 3.795216271407662045e-01 3.770553407981888094e-01 4.141097538802970268e-01 4.437694384882135967e-01 4.209779465967711243e-01 3.589668841636852736e-01 3.539771222388509719e-01 3.686058391920696287e-01 4.323696785721496405e-01 4.072790824922043473e-01 4.050302544114407488e-01 3.868987639311426419e-01 3.908830551840297707e-01 4.242583821376971764e-01 4.423529979442931692e-01 4.159351537670743504e-01 4.409267895312732333e-01 4.161492578646425189e-01 4.627673839858287841e-01 4.256725840910113301e-01 4.401927685259859335e-01 4.462505148035406655e-01 4.137479285902767590e-01 4.473679003038913415e-01 4.501529683599627130e-01 4.583958738470347849e-01 4.644983254839515907e-01 4.479295164256069661e-01 4.484678040784403352e-01 4.578020872747066705e-01 4.557721243272216394e-01 4.616633560607145137e-01 4.607796989051969883e-01 4.576943719816713441e-01 4.547912045962998473e-01 4.648241421448639499e-01 4.547433328674095887e-01 4.492650410515106607e-01 4.369607621429395516e-01 4.657696025559011632e-01 4.574286722955683282e-01 4.463091002515690575e-01 4.735225116624044994e-01 4.686619956500848727e-01 4.617160243662339902e-01 4.599563867746592760e-01 4.682537598004753443e-01 4.672265119967030644e-01 4.736174428113726909e-01 4.622722676052637980e-01 4.526670358799450011e-01 4.590286766331778678e-01 4.718309208512127539e-01 4.629113532492600269e-01 4.499073971032935826e-01 4.455553288027931935e-01 4.370721919619067197e-01 4.521691977665287521e-01 4.457571344192546858e-01 4.446678187233309432e-01 4.390424993334983705e-01 4.474532779890261769e-01 4.433741112622551217e-01 4.479641684344228270e-01 4.528244144503388857e-01 4.653292179081746638e-01 4.529920841777545504e-01 4.678235985362634297e-01 4.635226464145521530e-01 4.555741454678074454e-01 4.579267426892989490e-01 4.579179232809765798e-01 4.457009529169033146e-01 4.494780360420204679e-01 4.590748988757135107e-01 4.536748373307553650e-01 4.569088892872667507e-01 4.639393883229654958e-01 4.614340832719112107e-01 4.661892040930027958e-01 4.710381695900752730e-01 4.670281087334028913e-01 4.656824936430480899e-01 4.668585289227081270e-01 4.614440545256455195e-01 4.642559910369894460e-01 4.696550313933530174e-01 4.680826045379591349e-01 4.646368522676989077e-01 4.667062435209755611e-01 4.604987022387763695e-01 4.591373083251548137e-01 4.650346025468194977e-01 4.598272037900171250e-01 4.676945731277861729e-01 4.660768617366355393e-01 4.699048616908308440e-01 4.680058591446613625e-01 4.691913463175340637e-01
-4.069806665086700415e-02 6.599057991263125589e-02 2.436758687903384513e-01 3.911195906790244647e-01 2.960452504637632876e-01 1.000000000000000000e+00 5.006296523745443761e-01 4.593911773418490330e-01 4.938237951524145908e-01 4.692205844855397157e-01 5.232762461193634085e-01 5.472722045049140949e-01 4.952504690589278891e-01 5.068930698663502987e-01 5.603699850243089031e-01 5.530323909795843429e-01 5.171071620906219080e-01 4.915935254653845954e-01 5.121036700860031043e-01 4.531315283109245695e-01 4.792143780071301817e-01 5.227402515857757503e-01 5.046664468739189280e-01 4.793184981320061655e-01 5.121420761741456440e-01 5.519717735350824217e-01 5.303214226677408494e-01 5.445808425949092424e-01 4.881345875400525114e-01 5.136771727009575850e-01 5.485418163453815721e-01 5.601786300348280401e-01 5.450903278755203640e-01 5.553037284299527920e-01 5.423439220655225101e-01 5.373858451801233338e-01 5.578802873009892638e-01 5.694189329304938374e-01 5.705828511684923887e-01 5.605450859374196959e-01 5.809318529257709862e-01 5.817185453475737233e-01 5.617569208497680266e-01 5.792085094991118455e-01 5.773040154264252877e-01 5.742291807024633155e-01 5.824883623151150269e-01 5.825970188187425958e-01 5.796661755302284780e-01 5.644136875776329942e-01 5.704607879494506539e-01 5.685654255269885216e-01 5.712365466518551926e-01 5.697222594786388594e-01 5.642568995180183844e-01 5.715998170997851346e-01 5.527162403957474046e-01 5.799153709540645352e-01 5.733888661263338848e-01 5.766280677180258829e-01 5.816013185378108297e-01 5.668455806534887786e-01 5.622006317805419151e-01 5.656490978997535946e-01 5.770523772849874833e-01 5.723156882814074420e-01 5.887022516872444378e-01 5.844685615813012269e-01 5.798868790583208144e-01 5.768982207428142717e-01 5.810389958727991688e-01 5.826221188272658891e-01 5.706850694084225628e-01 5.742800350711414481e-01 5.812027586687844583e-01 5.774654993407597470e-01 5.834062688615517800e-01 5.602076033726254289e-01 5.751334388695154010e-01 5.658657362828269921e-01 5.731366917798416116e-01 5.806701082249809964e-01 5.793938309594169889e-01 5.790761728865299052e-01 5.830817559226244562e-01 5.827958164583797451e-01 5.840269146554605273e-01 5.859942249945709891e-01 5.841299110087648794e-01 5.834020182587816850e-01 5.874239826375143858e-01 5.903827600051482216e-01 5.888202061788141428e-01 5.876082346911860599e-01 5.871262970168357187e-01 5.872756715797787797e-01 5.826124840670380278e-01 5.755053507667365897e-01 5.876980931890325444e-01 5.854178986537514895e-01 5.851471081647057204e-01 5.826974170271123077e-01 5.869822235919657238e-01 5.900111610044391774e-01 5.846744165144073246e-01 5.739101518541993574e-01 5.829140068441374112e-01 5.821427361952136170e-01 5.823558384217233375e-01 5.845630506513792568e-01 5.866810664522517094e-01 5.848183148242113161e-01 5.821876739295510639e-01 5.820858896931134785e-01 5.844538967406776031e-01 5.818087878108555433e-01
1.100084769620464017e-02 1.137740826596115723e-01 3.030069613770681181e-01 5.635515946575986312e-01 4.321979408208539430e-01 5.006296523745443761e-01 1.000000000000000000e+00 6.961211174286006109e-01 6.794062993712866039e-01 6.332526844226123997e-01 7.288509939172278518e-01 7.667307660172359984e-01 7.017670270295827128e-01 6.711342463212086606e-01 8.140971368883213044e-01 7.836988823921415825e-01 7.008295967816143834e-01 6.575558074786245211e-01 6.684803359081421537e-01 6.992646907910590182e-01 7.427035201115284035e-01 7.278281540246570591e-01 6.675222983488743322e-01 6.343206338191096361e-01 6.440245439972523966e-01 7.081824153628509810e-01 6.921006123704088742e-01 6.952482515802204110e-01 6.469241431087786598e-01 6.404266328225719507e-01 7.068251846523506687e-01 7.652750028774446545e-01 7.034168952927033480e-01 7.526690647770379883e-01 7.063753701121764372e-01 7.702467652411479904e-01 7.324085834458126110e-01 7.666809487460254369e-01 7.638849477175112535e-01 7.629934774174942369e-01 7.648520077046396803e-01 7.766386058286639527e-01 7.784801769617964995e-01 7.800073928239460441e-01 7.709956322442954590e-01 7.671724259728329720e-01 7.825131983289431714e-01 7.759049923984639996e-01 7.854546906814527940e-01 7.745713540514079787e-01 7.858893724728653885e-01 7.718782912346444647e-01 7.806924867942129920e-01 7.688330167036101503e-01 7.690083511222367552e-01 7.624791851502017437e-01 7.871737513807982589e-01 7.774628475227667312e-01 7.826990003832995368e-01 7.826151763507909198e-01 7.908007943434546272e-01 7.781833774634627776e-01 7.796755356527543812e-01 7.866290774025738175e-01 7.805085586593532021e-01 7.911015823362329558e-01 7.802153261102490189e-01 7.728623341423069837e-01 7.815938934277101291e-01 7.938606918076736019e-01 7.892048188647998730e-01 7.706764731045929739e-01 7.674577749614905908e-01 7.539019247965734749e-01 7.677662203047197487e-01 7.596414728074052380e-01 7.628423632428922296e-01 7.347379927407533540e-01 7.632633939027198000e-01 7.409813712647459472e-01 7.592678775641220623e-01 7.628436298292029516e-01 7.933781541706735885e-01 7.640085234738990261e-01 7.845466151400001253e-01 7.846360766618550864e-01 7.772853689264775934e-01 7.836487469376006709e-01 7.815206073146842014e-01 7.833734114850863239e-01 7.824946834212840319e-01 7.846409283405513246e-01 7.814816636771477754e-01 7.828967364247653160e-01 7.863730189198486764e-01 7.835916320979523508e-01 7.959682899220164032e-01 7.997231285079496876e-01 7.921174632972658447e-01 7.922891589417213609e-01 7.919631649346143831e-01 7.917702225811521499e-01 7.861964963363957670e-01 7.889787868995584708e-01 7.911749595037651517e-01 7.959362957757640800e-01 7.933270110758822158e-01 7.764590211291642063e-01 7.797890927148676266e-01 7.857256692147404076e-01 7.883504572211481598e-01 7.861287219045309804e-01 7.866120359938727491e-01 7.907169823217526927e-01 7.840909872125160218e-01 7.903203680249022423e-01
7.429441844488527888e-03 1.108688082020892890e-01 3.245595450351673739e-01 5.258167664306623301e-01 4.610247568984037758e-01 4.593911773418490330e-01 6.961211174286006109e-01 1.000000000000000000e+00 6.916783630362753899e-01 6.083764624496900142e-01 7.245106208387753766e-01 7.539625466760960792e-01 6.866240276585223734e-01 6.539028432450604278e-01 7.744165293356810587e-01 8.035959515115267404e-01 6.887722115255979771e-01 6.646924222493026946e-01 6.628264787166723293e-01 6.937460653095207652e-01 7.404079560033272056e-01 7.171268685390561615e-01 6.522032915206187331e-01 6.200077666502613605e-01 6.360700993381099844e-01 6.989544713174515866e-01 6.779080803947531431e-01 6.748631414344316015e-01 6.296400013785895533e-01 6.490527130403918044e-01 6.990866392148976649e-01 7.584958132094440364e-01 6.986989726917438581e-01 7.486145990511284820e-01 7.056622439678630343e-01 7.704566354697188757e-01 7.150303676505095352e-01 7.521508441910570442e-01 7.512547821391518665e-01 7.291041233255466381e-01 7.427900548087106314e-01 7.529756813291164086e-01 7.658906977537613958e-01 7.632133315941125318e-01 7.494693625629494926e-01 7.524585542834032470e-01 7.627866370808691343e-01 7.598767707551268291e-01 7.743273914478094877e-01 7.733196862261214610e-01 7.770754127575107972e-01 7.588226531197312941e-01 7.644699649247093109e-01 7.558813762990115315e-01 7.529697127536261192e-01 7.446077636825207957e-01 7.783540892189407812e-01 7.605497754378961472e-01 7.650892679845571198e-01 7.675967671244580126e-01 7.788144566828664184e-01 7.699474190938786489e-01 7.729220145848305634e-01 7.763887436476127890e-01 7.675420080184718330e-01 7.787450322549573922e-01 7.649026659358189040e-01 7.583736662168408804e-01 7.686942561112468653e-01 7.804280928227022018e-01 7.720500976138962024e-01 7.550201908141439544e-01 7.462626261028596497e-01 7.371527052201644059e-01 7.502439854766682625e-01 7.437456286152906992e-01 7.419151569312463224e-01 7.229951550083817402e-01 7.451349749917315357e-01 7.380478967930256262e-01 7.464172213769380004e-01 7.503725870025873546e-01 7.771530750466918436e-01 7.524778705449843841e-01 7.778691869505198753e-01 7.713075757347630512e-01 7.612212114545430230e-01 7.661965287135712455e-01 7.644203039380168541e-01 7.583646420176600733e-01 7.593663907698837701e-01 7.652682707812079599e-01 7.624018984046028180e-01 7.637968059856455882e-01 7.700925569417196304e-01 7.668828958302412735e-01 7.857752760040215279e-01 7.872245568641145219e-01 7.766325772573805519e-01 7.805959603941444724e-01 7.798628368285940304e-01 7.817091380877214668e-01 7.720032537925830551e-01 7.765861859241663945e-01 7.793037304178899172e-01 7.843361819401873936e-01 7.806439384020157357e-01 7.591330599685015557e-01 7.622194812935174646e-01 7.697320485477325835e-01 7.695484560110861239e-01 7.705630251243448248e-01 7.746177642766324256e-01 7.798966500603699004e-01 7.703182152586787179e-01 7.742251223211529254e-01
1.194717083942374580e-01 1.951775967730269568e-01 3.829521588309296454e-01 5.362314127178744450e-01 4.095737183443206031e-01 4.938237951524145908e-01 6.794062993712866039e-01 6.916783630362753899e-01 1.000000000000000000e+00 7.458578123445630537e-01 8.093314467515063670e-01 8.264846720590340867e-01 7.641712560838094248e-01 7.223676704607502330e-01 8.297833777210694706e-01 8.111948207050605486e-01 8.114569290727025042e-01 7.699258770607895208e-01 7.896588635031714931e-01 6.771017146248643481e-01 7.678633807472202699e-01 8.135455858429373466e-01 7.502169698895049255e-01 7.155073803345504135e-01 7.804993388619249073e-01 8.450075114171746726e-01 8.271730895608926382e-01 8.152680284379567599e-01 7.783199621812125768e-01 8.172779811741306411e-01 8.444954041110797061e-01 8.410594228241060621e-01 7.985965453641157286e-01 8.283166049819954413e-01 8.341823312063856299e-01 8.210241037566216038e-01 8.401739655431587073e-01 8.318480802623769987e-01 8.551993301506271017e-01 7.898325211321324257e-01 8.524893538729376719e-01 8.490132655173439069e-01 8.274030045392694044e-01 8.572271463204577113e-01 8.534353246194639198e-01 8.526524212964595728e-01 8.670666756322406021e-01 8.763730331684665975e-01 8.600443501959312842e-01 8.318647514687135258e-01 8.459594121228662944e-01 8.341928879607773961e-01 8.473447734138278564e-01 8.781290580135059365e-01 8.638709142564119370e-01 8.557404462790393351e-01 8.583435661767608860e-01 8.669372116231045533e-01 8.517267824754778394e-01 8.773942291368999058e-01 8.633562319981084032e-01 8.709108401870558902e-01 8.636170058813807948e-01 8.676316470664370284e-01 8.768364899264727841e-01 8.742184543533001451e-01 8.716440754858857387e-01 8.683185416360529318e-01 8.721446156833242425e-01 8.634957272510297432e-01 8.688848180703790947e-01 8.728138941664534967e-01 8.511586417358780743e-01 8.576374548051298730e-01 8.732756947473245823e-01 8.692403456431498920e-01 8.571762029430817220e-01 8.605719503777126134e-01 8.630914031397599606e-01 8.688026910553932058e-01 8.688324217468000876e-01 8.689435412349102439e-01 8.673716214297002569e-01 8.644179850494543293e-01 8.588572638044762453e-01 8.662279318294541230e-01 8.677088343383613234e-01 8.624896087606603867e-01 8.660126644591982226e-01 8.491182584042356041e-01 8.507090115722427681e-01 8.644859445851958979e-01 8.670777093159782734e-01 8.657566250614064929e-01 8.699277552845535721e-01 8.732654432962935198e-01 8.373234458383940204e-01 8.664484140871955287e-01 8.596591384541250047e-01 8.552768164557885688e-01 8.511461599883065610e-01 8.616166897524580870e-01 8.648657295147117452e-01 8.658807613091386024e-01 8.698254371880110858e-01 8.604743738885776150e-01 8.707570276020256683e-01 8.726332225115370766e-01 8.723167246247870432e-01 8.697873337266663896e-01 8.589110709687983736e-01 8.754459911818692763e-01 8.717801066839185875e-01 8.729307041385829802e-01 8.753464992372892439e-01 8.735696217523778451e-01
1.955813040156190522e-02 1.892875219839462719e-01 3.400279222008341096e-01 5.017312149980194258e-01 3.691911332144762192e-01 4.692205844855397157e-01 6.332526844226123997e-01 6.083764624496900142e-01 7.458578123445630537e-01 1.000000000000000000e+00 7.621608358240059555e-01 7.670951367751095429e-01 7.080416351160088162e-01 6.857429740391834949e-01 7.788715941803378007e-01 7.495862098659912265e-01 7.421450249697528756e-01 7.125183499585721059e-01 7.336214542514205572e-01 6.290564384541785792e-01 6.939891424045949719e-01 7.362786067440515447e-01 7.056920804555698590e-01 6.667489158494768198e-01 7.295173103092114086e-01 7.807899116345540236e-01 7.651138097906458047e-01 7.695360030629959658e-01 7.313018404035237507e-01 7.653310396199466403e-01 7.949766306794603388e-01 7.883327311792373004e-01 7.676254528746088157e-01 7.709150756112176373e-01 7.805528886744266259e-01 7.551870288224810102e-01 7.895688326569401116e-01 7.910431189755517956e-01 7.995505305743431101e-01 7.698540483539679791e-01 8.039906036396279321e-01 8.024868775471334370e-01 7.771309200267642048e-01 8.039076984704300877e-01 8.006028357706409526e-01 8.046627803538537460e-01 8.143107314013467990e-01 8.181972581987183579e-01 8.046725393363783896e-01 7.778932775729652249e-01 7.910069516386983857e-01 7.771894521507546338e-01 7.978509623298888354e-01 8.111046557847343408e-01 8.022056114987510256e-01 8.052942912986464918e-01 7.836485065237185355e-01 8.061794768421047808e-01 7.987347118078739205e-01 8.114861509307954579e-01 8.059024803196846998e-01 8.061685440965918881e-01 7.948675497188518735e-01 7.978042837251611008e-01 8.044647122883963331e-01 8.056418780277434522e-01 8.129732602952899345e-01 8.096168334981054260e-01 8.126478078700679619e-01 8.043967135476592922e-01 8.077556856203162994e-01 8.128387605693450091e-01 7.955980880755888496e-01 8.017866840198838441e-01 8.156974088496729003e-01 8.144982545311113542e-01 8.100368688737589196e-01 8.047087895957656389e-01 8.109739479589594957e-01 8.142332968103448421e-01 8.136688292282222568e-01 8.177767237761403019e-01 8.078359118880693579e-01 8.144153074051823094e-01 8.014152555808521372e-01 8.085889324730199945e-01 8.145356209197940345e-01 8.161936784491901076e-01 8.141817995338234137e-01 8.044459979459389620e-01 8.096178032882285214e-01 8.157107854722720486e-01 8.159982709785924548e-01 8.152524589974086133e-01 8.161803540185833539e-01 8.180584158754961033e-01 7.934200255846735050e-01 7.982471299541834542e-01 8.073959457667686523e-01 8.046967057558674918e-01 8.019328381417012430e-01 8.038854267346084992e-01 8.118280307823902975e-01 8.122007122629358866e-01 8.096247235453701840e-01 8.004850663235569819e-01 8.114751814697810373e-01 8.170458368215862688e-01 8.155357406903763762e-01 8.139208379845209729e-01 8.097345721314753719e-01 8.156893202401170884e-01 8.123331867709033816e-01 8.098915634647030348e-01 8.109647774526428377e-01 8.135591471857573920e-01
2.723980008285784710e-02 1.668178218989415651e-01 3.780821069406198331e-01 5.889144956572300860e-01 4.396797258169629075e-01 5.232762461193634085e-01 7.288509939172278518e-01 7.245106208387753766e-01 8.093314467515063670e-01 7.621608358240059555e-01 1.000000000000000000e+00 8.765001563047793987e-01 7.834616946154142614e-01 7.639210084986620686e-01 8.746270880919665425e-01 8.520263263569080037e-01 8.317221074589979946e-01 8.011201288713197810e-01 8.233777928792375134e-01 7.239673590926536395e-01 8.073385533612991161e-01 8.493204293417373485e-01 7.988294536198685680e-01 7.574079558467667894e-01 8.186741153790815240e-01 8.750538043244030506e-01 8.578091012228384882e-01 8.571993972026943354e-01 8.099682032189443603e-01 8.450181634412412546e-01 8.782366561317644926e-01 8.855227199267341476e-01 8.484442919934150895e-01 8.711673658105600904e-01 8.717574871712229223e-01 8.625287174360392051e-01 8.844808927528228226e-01 8.876491541680876507e-01 8.981053602096719102e-01 8.609779077113896006e-01 8.952006104814449472e-01 8.981227214202698317e-01 8.801135526535368570e-01 9.037289392876749483e-01 8.970379911294821262e-01 8.998067020310467345e-01 9.043284729148843848e-01 9.060054260746494004e-01 8.999012678040507751e-01 8.779373452655440113e-01 8.941074204614108956e-01 8.752958494246790844e-01 8.911178363738930797e-01 8.990180654682790040e-01 8.914991345458429528e-01 8.973689689751175314e-01 8.839614625369153211e-01 8.976024736950417582e-01 8.946112923416003060e-01 9.047759613603796325e-01 9.053156745325806609e-01 9.002607547547080147e-01 8.914645459490173618e-01 9.006047388859784730e-01 9.032481455529705050e-01 9.011497005960610318e-01 9.070697654756831874e-01 9.052432640628788052e-01 9.097772648199995427e-01 9.040029785884535762e-01 9.106964904032833763e-01 9.076885232841097606e-01 8.914412580647697038e-01 8.982529468689092189e-01 9.092395649260549551e-01 9.059061642480349397e-01 9.025754153606015961e-01 8.935348661054002273e-01 9.044453790315511998e-01 9.025465624700376166e-01 9.074600753636643535e-01 9.092953619875032700e-01 9.065713517347694372e-01 9.054464171096191505e-01 9.001436332208734292e-01 9.064693095152344116e-01 9.080192911448720094e-01 9.073133898509446738e-01 9.108806741635468995e-01 8.996356083934593517e-01 9.057733894468972258e-01 9.079478927675103117e-01 9.103000149189003354e-01 9.096109306296441543e-01 9.069516233602100685e-01 9.078498576514940632e-01 8.923080076238339986e-01 8.985479802198829136e-01 9.040551891660564277e-01 9.028317211575422885e-01 9.015138397448068108e-01 9.007754167695071201e-01 9.038672316516214167e-01 9.086111742838598460e-01 9.084350409068515653e-01 8.996379188325513976e-01 9.070320688531294806e-01 9.074551317506112103e-01 9.093104227217562174e-01 9.055534760952853590e-01 9.030822871259517326e-01 9.088865623035339292e-01 9.072533054963085597e-01 9.086103376851117908e-01 9.059920744547135252e-01 9.063836887341599757e-01
1.203814512664902643e-02 1.523639077271396747e-01 3.945340412360767712e-01 6.319747002854958495e-01 4.613133730420588274e-01 5.472722045049140949e-01 7.667307660172359984e-01 7.539625466760960792e-01 8.264846720590340867e-01 7.670951367751095429e-01 8.765001563047793987e-01 1.000000000000000000e+00 8.132627948430426468e-01 7.887177455979130780e-01 9.141354027235689683e-01 8.938341876788307161e-01 8.531204559548953847e-01 7.979001556657607797e-01 8.161274976269384807e-01 7.594956306834881321e-01 8.220034182065122375e-01 8.529243556091397060e-01 7.878275724611748521e-01 7.446286654490154033e-01 8.034560644139551178e-01 8.805069273788890261e-01 8.640230281711803739e-01 8.580743388389049375e-01 8.069015798200014356e-01 8.371740155142429751e-01 8.861879301748523119e-01 9.042703439491329709e-01 8.635176249204983279e-01 8.903974441211727209e-01 8.762713721770070130e-01 8.920086780308135177e-01 8.881893559954602280e-01 9.054535622844032128e-01 9.192886701129323601e-01 8.781973882070466253e-01 9.205294250704705306e-01 9.189559769826044500e-01 9.031574084394176083e-01 9.251108714780160724e-01 9.189341308731632241e-01 9.183359459363363841e-01 9.340141351851575235e-01 9.320536775808598851e-01 9.336436518211285174e-01 9.091234277054162094e-01 9.243135728810898399e-01 9.031565755263927242e-01 9.198905376548019985e-01 9.254188249579716752e-01 9.162658449184831744e-01 9.134643564405897642e-01 9.188039373880443339e-01 9.246366136180513839e-01 9.219887853165343872e-01 9.376161241885622166e-01 9.357986269092201104e-01 9.300415434361017919e-01 9.207552389808486559e-01 9.332525756571955489e-01 9.334804669459223492e-01 9.344200872002911273e-01 9.353747660714549772e-01 9.257153534022205532e-01 9.299775116754722681e-01 9.335241258699160660e-01 9.324811637431893452e-01 9.266369297732462984e-01 9.057260509983587893e-01 9.081092217344713946e-01 9.295239407516814323e-01 9.269909254121168063e-01 9.212032838671010415e-01 9.071562987971399927e-01 9.187422433588474657e-01 9.180771459969490067e-01 9.228990100093206195e-01 9.306783009707623178e-01 9.354447233147217267e-01 9.263915731984285751e-01 9.295942920126026854e-01 9.301240263443706358e-01 9.310276146856185653e-01 9.329178707556639027e-01 9.347926219896858235e-01 9.206174186503972567e-01 9.270363538906722933e-01 9.346602861121510175e-01 9.346430955349888103e-01 9.327811346762666656e-01 9.388409717935214394e-01 9.379187265916917315e-01 9.245403829379553740e-01 9.330236640238300794e-01 9.367429853947982776e-01 9.328260816778293218e-01 9.303161646054657341e-01 9.339985586347299140e-01 9.373404615308248422e-01 9.392336028733642150e-01 9.391267243664210840e-01 9.331364061226938844e-01 9.394608668156512188e-01 9.332882776461007834e-01 9.332479911648210447e-01 9.368574944233732937e-01 9.328400788883784989e-01 9.405865901780107174e-01 9.390899130584232646e-01 9.408180593922967905e-01 9.388916728742309203e-01 9.382059079485977060e-01
3.127931832424283437e-02 1.303046776780498739e-01 3.439594667596579391e-01 5.673082093172562290e-01 4.486822131018800008e-01 4.952504690589278891e-01 7.017670270295827128e-01 6.866240276585223734e-01 7.641712560838094248e-01 7.080416351160088162e-01 7.834616946154142614e-01 8.132627948430426468e-01 1.000000000000000000e+00 7.170251972168714127e-01 8.312318566440809464e-01 8.129566938870371740e-01 7.747958414452268405e-01 7.120724561383817708e-01 7.398951306206009715e-01 6.762644007120724998e-01 7.291923950878181904e-01 7.709539088446375477e-01 7.094777724470552327e-01 6.769016422938811672e-01 7.335722981674951404e-01 8.087196140573517100e-01 7.817794472049426346e-01 7.809856433315476298e-01 7.399169413005317608e-01 7.602501804744028480e-01 8.077590833771507439e-01 8.076471369658301258e-01 7.732387491039822702e-01 7.973233155384481519e-01 7.818707889914371378e-01 7.961434814523360437e-01 8.001465442101950432e-01 8.120413124779445324e-01 8.285906877303063078e-01 7.893756841995200890e-01 8.325028353065382358e-01 8.374418021210168206e-01 8.163506826701025787e-01 8.431115860899022207e-01 8.311784857375851265e-01 8.292812858584903690e-01 8.484312414460185581e-01 8.452034905034659928e-01 8.417803393383361810e-01 8.115341888594955755e-01 8.280807792021641633e-01 8.201603601938208810e-01 8.342898454619332993e-01 8.401124010127530850e-01 8.299224415926965692e-01 8.283522409980215162e-01 8.246718620282555978e-01 8.437370611535390807e-01 8.287530095765788252e-01 8.508917494026169148e-01 8.477432805624943724e-01 8.397130544810978980e-01 8.326438096088335516e-01 8.433217839139873773e-01 8.434328236866253103e-01 8.455301653591503763e-01 8.498779908613499634e-01 8.396162573867548273e-01 8.404817365581089827e-01 8.442314756448490165e-01 8.443259940914822348e-01 8.420362390883258108e-01 8.201076880177791129e-01 8.264688336660669377e-01 8.444234806114064851e-01 8.417168816574636114e-01 8.390489054440709582e-01 8.299640482985264356e-01 8.386584980993289085e-01 8.326255553011499000e-01 8.352455210851025269e-01 8.452292103439971171e-01 8.407895010452255402e-01 8.336424110473521498e-01 8.365231488418356509e-01 8.407534289643990855e-01 8.416079030111287551e-01 8.444681494522952026e-01 8.461557197449538492e-01 8.333639085492873244e-01 8.393503411962889293e-01 8.498965418451276399e-01 8.470210493014563857e-01 8.464641982850878987e-01 8.522272084636182132e-01 8.515378341306238941e-01 8.352152480882538699e-01 8.435188152374003545e-01 8.492211191055075714e-01 8.424217363801446146e-01 8.431886775391731481e-01 8.432004810337536682e-01 8.495496517509127932e-01 8.534264333041741146e-01 8.511917408721889622e-01 8.411548089872178391e-01 8.497721294838184170e-01 8.484526918069651424e-01 8.468619746375983803e-01 8.511050393319448126e-01 8.435693660120818782e-01 8.542125572173503434e-01 8.508579678676740921e-01 8.524851749109354504e-01 8.512785120720726129e-01 8.523218902201528113e-01
