1.000000000000000000e+00 1.550700094681823071e-01 9.546145605317540861e-02 5.776144431597472068e-02 2.592959235277303431e-02 -2.896303183452200378e-02 1.672310376888204789e-02 1.792405383411678835e-02 1.142455621474292027e-01 5.834203127323015631e-02 3.374004335837791496e-02 2.073084332737971502e-03 2.700895884327186858e-02 -1.309324844609306530e-02 8.133787949481907989e-03 -2.949272699100741885e-03 6.174605179223350421e-02 4.631136838463043026e-02 4.288884807791067816e-02 8.857089576415604071e-02 1.861198808527356197e-02 3.523692886600124363e-02 5.353955181078618765e-03 6.246165360931386912e-02 4.244457209657977181e-02 2.076813073020071856e-02 2.985869307396335492e-02 -3.179098860126537696e-03 6.592980976810224047e-02 4.707060309218963345e-02 2.446865535468961683e-02 4.646636317325301968e-02 1.426093969370573027e-02 3.471987115070807733e-02 4.103606437883684788e-02 -4.542126332233827751e-03 -1.769275295857629035e-02 -1.288596478405777158e-02 2.817505324319081669e-03 -4.598383357113753483e-02 8.037218048965214315e-03 -1.829494706010340727e-02 -3.061407317317499030e-02 3.178587900305260977e-03 -1.306999985491185019e-02 -3.041454661173623088e-03 2.017727618870335596e-03 2.273157905265163481e-02 2.850887815045805018e-02 1.907924546609246486e-02 -9.861511448166170729e-03 3.245524885341586480e-02 3.013416706159154426e-02 4.051041634368805072e-02 2.910158081344083048e-02 7.624786363516841345e-03 5.632605735446468559e-02 -1.128512454100368163e-02 6.474137036585198013e-03 3.216524239345378011e-02 1.112570483724495234e-02 2.027622616194701272e-02 1.368847258078552225e-02 3.379117472733871724e-02 5.985336612540546886e-02 6.746919723039181138e-02 2.221356533880914502e-02 2.048811553498618848e-02 3.409502988407434043e-02 2.209340884737630295e-02 1.354112593074882458e-02 1.790247554551434306e-02 3.524112398545555663e-02 2.548600720743124035e-02 1.694766311620556423e-02 1.557068195423213369e-02 3.680115521869311949e-03 2.977839917976751044e-02 7.470718830917925067e-03 2.185222469554624208e-02 1.172608513668819442e-02 1.554324659333056365e-02 2.685220787618152263e-02 1.366771543777624796e-02 1.446759578931312330e-02 2.650352555408998917e-02 -2.128578734035423917e-03 -5.672798122665817337e-03 3.441473326669282351e-03 1.304919410290143918e-02 -2.079071519807134533e-02 -3.887730709401336551e-03 -8.462335589436039123e-04 -7.423089556539186167e-03 6.067117235777817752e-03 1.014424922548231439e-02 7.521795038081495813e-03 5.888816338464442773e-02 1.331548435951605304e-02 1.287490672440060914e-02 -6.628749725745290006e-03 1.613952922164629475e-02 1.584157836880857942e-02 2.912433668049801538e-03 3.135959568922438295e-02 5.260216030948759031e-02 4.188882831602377260e-02 1.829564222496058226e-02 1.292651076791217352e-02 7.409586123384239581e-03 4.826097249201900113e-03 2.405178618494081474e-02 1.609568276257177660e-02 2.746408803875378599e-02 3.914043620099880855e-02 4.447078477465477714e-02
1.550700094681823071e-01 1.000000000000000000e+00 9.516641374397795394e-02 6.067936212076102676e-02 7.369434030281032943e-02 4.323839135510683385e-02 1.244116733513789819e-01 8.130264493721509056e-02 1.772219977528774193e-01 2.036193307894318683e-01 1.340887659124655740e-01 1.101340131345688728e-01 1.166758602228498698e-01 1.056310076237519657e-01 1.390728137423844213e-01 1.067642344398519183e-01 1.378040760611324578e-01 1.267572420578066961e-01 1.072874694744126306e-01 1.566559063750057601e-01 7.562186758536847131e-02 9.416242741853136922e-02 1.150719996431354281e-01 1.158728728819709980e-01 9.765832461122829489e-02 1.615115648078880861e-01 1.483152407947605222e-01 1.116749571954311626e-01 1.537131247318163363e-01 1.470648616214725590e-01 1.429427296143293558e-01 1.532053308786771040e-01 1.275360605398674074e-01 1.199917633904388353e-01 1.307885937054824588e-01 7.539123459655376613e-02 1.067244885385364994e-01 1.165341749721415521e-01 1.139495551847286708e-01 8.603800509807518759e-02 1.490773765246623250e-01 1.176257060816306155e-01 9.703319583610381382e-02 1.231669815467912182e-01 1.177874570590375369e-01 1.212393369808813653e-01 1.320254198015889946e-01 1.464609591975765124e-01 1.257883776417495492e-01 6.316141321018130250e-02 8.591843887449636397e-02 9.147454663171075695e-02 1.290604363099562002e-01 1.569144389843909471e-01 1.448568205397993414e-01 1.463297119461156870e-01 1.193381574810964130e-01 1.297725364678237736e-01 1.366408964635597023e-01 1.514047883831677876e-01 1.162332545656916127e-01 1.375361371430924573e-01 1.181928479393589831e-01 1.208435214495331145e-01 1.521242008331827322e-01 1.576577554371201562e-01 1.471853883024334675e-01 1.309924950871924343e-01 1.541929956916057720e-01 1.321077494851203848e-01 1.114112084432504896e-01 1.297649106999988478e-01 1.331840838192261123e-01 1.176288702955948229e-01 1.428762843124720960e-01 1.355841324758416955e-01 1.244333379335005596e-01 1.475673870188521641e-01 1.350856169681030894e-01 1.459030571738987869e-01 1.359160297513864746e-01 1.408484544093322743e-01 1.388435599982217050e-01 1.407905301475980975e-01 1.236669530491017743e-01 1.361812973542521621e-01 1.261615586486950213e-01 1.287346968835047789e-01 1.345713362646435152e-01 1.423986848280197337e-01 1.209446053031293239e-01 1.278400538269028053e-01 1.257844229055502250e-01 1.280494865073861510e-01 1.354074725574952454e-01 1.439527837859191639e-01 9.554585433587201027e-02 1.168174694640878725e-01 1.222810875840608241e-01 1.242250843876960276e-01 1.099820152254591815e-01 1.249382418101779163e-01 1.354973800319219379e-01 1.294984898662911998e-01 1.277181469302023642e-01 1.415394032514440126e-01 1.369610926213600810e-01 1.452940534535280270e-01 1.439867409561372547e-01 1.371534018370616226e-01 1.392100816771934257e-01 1.467744903458709504e-01 1.389792535198060286e-01 1.300023343826578193e-01 1.446494320151822666e-01 1.507047811026108741e-01
9.546145605317540861e-02 9.516641374397795394e-02 1.000000000000000000e+00 3.685815310320864624e-01 2.143164140857861943e-01 2.270228525901047401e-01 3.630589877561896106e-01 3.576278160578523213e-01 3.624766507214155498e-01 3.290565674274858465e-01 3.882029840723289493e-01 3.967445474839967900e-01 3.325808440265715094e-01 2.864705639625864109e-01 3.832360414446215335e-01 3.782162838257482340e-01 3.394057676156580494e-01 3.875066620048651655e-01 4.024231525113281527e-01 3.545652654494849676e-01 3.704750844023715906e-01 3.984927866901239457e-01 3.950362426828037954e-01 3.874105634559503741e-01 3.967491234722196891e-01 3.815711907659277147e-01 3.762899064412362216e-01 3.982264099244821609e-01 4.005027178072509408e-01 3.921665854616838698e-01 3.850495620153704945e-01 4.089410896185495803e-01 3.904327572732544938e-01 3.955243260193530008e-01 3.959663290140275627e-01 3.903893945577156521e-01 3.729267008997401711e-01 4.016348149631060460e-01 4.040828623536511510e-01 4.136358697749747959e-01 3.756182229885702828e-01 4.020958004708880540e-01 3.920192070360184466e-01 3.976569285711094026e-01 4.050416123645180777e-01 3.936491302576627938e-01 3.800522672593507068e-01 3.836490995938128257e-01 3.943329914473140407e-01 4.073317660885919511e-01 3.975350383113268604e-01 4.067803799991403513e-01 3.880780674182901513e-01 3.786901127774021103e-01 3.850914791918944036e-01 4.145002151577785732e-01 3.956804318364178785e-01 3.764625051247863508e-01 3.749202618824559186e-01 3.764358196845266069e-01 3.811126368657158925e-01 3.841854642610554316e-01 3.903275905028065207e-01 3.930338951542413639e-01 3.893755007767635834e-01 3.942537178800368802e-01 3.851912003133043383e-01 3.981677787112519740e-01 3.968023110079416105e-01 3.961002322277201171e-01 4.058321077681495415e-01 4.024289951865256953e-01 4.018528335210708735e-01 4.093232147058718517e-01 3.950221562489186766e-01 3.952497658614048115e-01 3.989355727743384983e-01 3.937236263260506797e-01 3.894250318556995438e-01 3.894540937786681312e-01 3.976699272858001399e-01 3.978114998989796258e-01 4.136955830236661580e-01 3.954357214124152864e-01 4.095232207554897474e-01 4.030650683525413003e-01 3.996067574071147099e-01 3.991381167963005128e-01 3.942852618079750737e-01 4.052372265003756358e-01 4.047003132128328962e-01 3.908902559920475195e-01 3.974906006963700444e-01 3.928195038513337400e-01 3.800427355559772846e-01 3.818064489271727480e-01 4.004395257087100535e-01 3.957966577781578676e-01 3.864565342396808489e-01 3.964624917040599494e-01 3.934661242197656228e-01 3.888012423594755518e-01 3.944808455966787308e-01 3.931011101542816744e-01 4.048027378529643894e-01 3.897027918643654054e-01 3.998808986103316032e-01 3.850875698380656909e-01 3.903596271316203681e-01 3.824116226023321352e-01 3.844650452885253200e-01 3.836967822801522487e-01 3.869124695582187856e-01 3.938726792465489512e-01 3.874710517046277003e-01 3.896671550450213628e-01
5.776144431597472068e-02 6.067936212076102676e-02 3.685815310320864624e-01 1.000000000000000000e+00 3.790789319881066599e-01 3.551646168093451350e-01 5.718539607899116861e-01 5.423078013368097805e-01 5.309738378923695157e-01 4.823810467355494347e-01 5.827903294450509364e-01 6.140877973094526210e-01 5.263314809877239764e-01 4.311798478967618364e-01 6.027193790535022577e-01 5.996918271089548558e-01 5.515164844893769569e-01 6.016496822936691080e-01 6.226436759566339463e-01 5.460628140052131707e-01 6.074995738015998015e-01 6.169887267181349833e-01 5.821597952412383981e-01 6.037484680934414039e-01 6.166830867326261734e-01 6.070717317587009942e-01 5.926479493154628297e-01 6.267991703899501443e-01 6.063950391978630838e-01 6.015197709547515093e-01 6.040545635464271701e-01 6.229081958268934960e-01 5.878139772827297715e-01 6.278984509397634861e-01 5.884624973521800362e-01 6.094781750146951449e-01 6.006061691422776017e-01 6.065308207374855431e-01 6.303130660519112860e-01 6.170968949642086088e-01 5.995343627232707640e-01 6.146800664222124011e-01 6.162085540587191046e-01 6.232977469570534224e-01 6.301408713736816880e-01 6.167659668387579508e-01 5.921574904776790715e-01 5.904936639650945063e-01 6.026543251749001406e-01 6.261360259151436125e-01 6.192483197667332240e-01 6.319145068061898796e-01 6.111899508469943454e-01 5.865381964996596587e-01 5.892567511098169009e-01 6.243053836171615911e-01 6.007289504345085795e-01 5.869527474985699600e-01 5.859599773113727261e-01 5.864731139118906089e-01 6.058149466616878920e-01 5.889399817923699487e-01 5.994448222397058545e-01 6.126542495923398279e-01 6.014453392968198697e-01 6.036435435583185072e-01 5.955736277525183198e-01 6.213322762927446785e-01 6.155986081918719544e-01 6.210090374601454632e-01 6.315323770502671019e-01 6.198422498496272137e-01 6.246721695015171605e-01 6.300633271644020539e-01 6.127292989680062085e-01 6.151643097664882820e-01 6.206775131990603933e-01 6.051377826284518591e-01 6.122072845207217062e-01 6.079789681030530746e-01 6.097793414112043786e-01 6.142902884943400865e-01 6.304129008170843429e-01 6.044068725500947314e-01 6.280003158262152940e-01 6.278875730333457472e-01 6.207539659136488419e-01 6.147778754543127278e-01 6.108886375652521350e-01 6.233593390101088705e-01 6.255399139002777442e-01 6.077038618725256747e-01 6.167279680184957202e-01 6.101400332372860502e-01 5.910704920957396968e-01 5.899174055747345990e-01 6.188030407889253404e-01 6.055012439020744930e-01 6.049321079160714376e-01 6.136939464775521547e-01 6.158810191344235019e-01 6.072971589105121692e-01 6.045189901058803938e-01 6.080559380573569150e-01 6.293295090424769755e-01 5.961882108349162435e-01 6.043167776422768700e-01 5.973075632236887200e-01 6.069303846961895399e-01 5.969443198679648122e-01 5.957611451274991143e-01 5.908164314755780522e-01 5.978162780888477412e-01 6.089132651277986419e-01 6.029540866085888462e-01 5.976174531413118718e-01
2.592959235277303431e-02 7.369434030281032943e-02 2.143164140857861943e-01 3.790789319881066599e-01 1.000000000000000000e+00 2.928052564295495208e-01 4.555180243537313989e-01 4.614634438637704728e-01 4.477086967223153358e-01 3.915250110446023557e-01 4.685769340335767530e-01 4.787153007200171673e-01 4.879310519960619041e-01 3.507389626800540561e-01 4.921589943560804037e-01 4.917852913211663846e-01 4.369177279972154548e-01 4.778766610901344913e-01 4.852958187233114562e-01 4.421940856547342813e-01 4.729273448688152692e-01 4.720324850571407382e-01 4.466391802148761969e-01 4.683749190530021034e-01 4.858689986611551270e-01 4.627121561023633256e-01 4.705444464507068658e-01 4.865321403262336530e-01 4.688319908193702701e-01 4.886338218856842164e-01 4.930262081589449896e-01 4.800821719513892472e-01 4.433008506403476323e-01 4.598133183614454000e-01 4.544043121399877760e-01 4.681068441658044477e-01 4.791041998371368682e-01 4.593704313813056772e-01 4.916904936034625084e-01 4.688427036572594964e-01 4.893425324936321319e-01 4.849999743758491300e-01 5.018635343465208676e-01 5.008870709114009445e-01 5.040295669257187638e-01 4.964407881777844200e-01 4.850216746190211814e-01 4.878140450054030963e-01 4.846032731366242685e-01 4.634995931724811280e-01 4.856021422434064205e-01 4.845788942180463965e-01 4.910307535372209209e-01 4.777918602634749767e-01 4.638453511784937366e-01 4.853376267047740944e-01 4.710439770872905663e-01 4.781387516064468657e-01 4.753890303488054747e-01 4.885500551237206834e-01 4.922435588204648327e-01 4.862656968955059722e-01 4.837439585523302110e-01 4.950105599672169343e-01 4.863632966993123308e-01 4.863613732877901108e-01 4.894658628183602422e-01 5.061270114028105782e-01 5.016761010231799434e-01 5.105667154067099478e-01 5.085669999311475120e-01 5.013062962241499054e-01 5.037527986031259397e-01 5.150158685093403355e-01 4.976604177998023570e-01 4.986720988627135198e-01 5.037775328767760685e-01 4.905320267271404688e-01 5.017876312745027656e-01 4.973978748679255268e-01 4.996524366933483563e-01 4.970912652832837342e-01 4.940639753813688695e-01 4.904386983730290028e-01 4.855114905102703715e-01 4.934034614188313461e-01 4.992476422181373885e-01 4.936753864497536726e-01 4.963194157807097051e-01 4.974374977694161482e-01 5.000804054017241596e-01 4.974901875795448847e-01 5.019255205024346633e-01 4.974706989702017967e-01 4.874607666856456412e-01 4.865188115745119890e-01 4.936217613149883054e-01 4.826402543377456555e-01 4.933957681446516919e-01 4.968126705027378076e-01 5.035772241081810652e-01 4.888334637147729866e-01 4.956650812299801534e-01 4.975144642559896635e-01 5.010617620702458863e-01 4.819236791252317631e-01 4.920400112332642961e-01 4.910488861175859032e-01 4.945511026310758229e-01 4.886701309525864900e-01 4.853774615295748385e-01 4.921568448516438488e-01 4.915167626273309609e-01 4.964393429609971209e-01 4.895168671760387613e-01 4.892314077907992109e-01
-2.896303183452200378e-02 4.323839135510683385e-02 2.270228525901047401e-01 3.551646168093451350e-01 2.928052564295495208e-01 1.000000000000000000e+00 4.575422100440991735e-01 4.377395746586001946e-01 4.668100331605110620e-01 4.373837113940571841e-01 5.038014902935705752e-01 5.387974695933286373e-01 4.919708782951792703e-01 4.254005491221561353e-01 5.408799470964800182e-01 5.246543373438345981e-01 4.775850841765242327e-01 4.892152911328789266e-01 4.988852814591307472e-01 4.205846221934767537e-01 4.765031816713101720e-01 4.748073246944612413e-01 4.487337013163661403e-01 4.369594999991359696e-01 4.675921250620889147e-01 5.182208160176138279e-01 5.197089768493036166e-01 5.272441287328756276e-01 5.128705466622792697e-01 5.334480674034164371e-01 5.347063508241830521e-01 5.181344417062997421e-01 4.711369983417743601e-01 4.841418737653150339e-01 4.747533466909917843e-01 4.716463220594407368e-01 5.161258944929973946e-01 5.304844194131032031e-01 5.426792676570174612e-01 5.204305355002701861e-01 5.447156314049049763e-01 5.499308571336350981e-01 5.534248370386212201e-01 5.526864253878442934e-01 5.416362296016176137e-01 5.514370156770646014e-01 5.526518487332574558e-01 5.545913969212219463e-01 5.407761375737185627e-01 4.981091648459706756e-01 5.408907234023166977e-01 5.073410110454079636e-01 5.429523530345273796e-01 5.447503061267600089e-01 5.347193919184671795e-01 5.457498384883274767e-01 5.220628273237478689e-01 5.543281851328073495e-01 5.502708071629999198e-01 5.548446222967278185e-01 5.480908647232862752e-01 5.517742319868383927e-01 5.465950550958272869e-01 5.463338849954233467e-01 5.394135998044317093e-01 5.337933508604200128e-01 5.503267402791365281e-01 5.516701381594909526e-01 5.510196987714819361e-01 5.500682082730927736e-01 5.467000568320310450e-01 5.551392527222736017e-01 5.335877233661264762e-01 5.383226844510102804e-01 5.558069912503684762e-01 5.573346801288361352e-01 5.653445386285573804e-01 5.563455389760959546e-01 5.610424622037228914e-01 5.541609400275957498e-01 5.536357785100690654e-01 5.524320818801113919e-01 5.447312179973241575e-01 5.521931733365992301e-01 5.386118833479820456e-01 5.421902034081724775e-01 5.482975794992838159e-01 5.563195423848691368e-01 5.604505499904357535e-01 5.540158993591932646e-01 5.575148630298625285e-01 5.623296307407531502e-01 5.595612412817125847e-01 5.646519185529116358e-01 5.576560005749341409e-01 5.598288623040311718e-01 5.451025659789724420e-01 5.347878488315712664e-01 5.545766202648519938e-01 5.547217505210080279e-01 5.642739254767272783e-01 5.527830319769948542e-01 5.574378855961305002e-01 5.624395432775135539e-01 5.496929930207765658e-01 5.400759997962151227e-01 5.504986991966619447e-01 5.585335393159982509e-01 5.578425480912507783e-01 5.586468876721591981e-01 5.566863304192254391e-01 5.583782871655216251e-01 5.574323611711818893e-01 5.544787925863273736e-01 5.517696369206193108e-01 5.503346791091014989e-01
1.672310376888204789e-02 1.244116733513789819e-01 3.630589877561896106e-01 5.718539607899116861e-01 4.555180243537313989e-01 4.575422100440991735e-01 1.000000000000000000e+00 7.144034966163697042e-01 6.958365992878823292e-01 6.361160697394820929e-01 7.484316008678018051e-01 7.795426330845323104e-01 6.935350865642132545e-01 5.974252145789922253e-01 8.204867095977015357e-01 7.917033296729428793e-01 6.851689065003130352e-01 7.568406622419370233e-01 7.666158982308894920e-01 6.985211978266885335e-01 7.388881982119580583e-01 7.489475279675482655e-01 7.340075452932378619e-01 7.304881492895347606e-01 7.459216672272969140e-01 7.745585277554444259e-01 7.718887541459371615e-01 8.079287619246531271e-01 7.623167492084446106e-01 7.772090508498643580e-01 7.780021224097637411e-01 7.915750120692126579e-01 7.480100026419211900e-01 7.741054731600938155e-01 7.504889173447641948e-01 7.320890589015910388e-01 7.728809405573485725e-01 7.933922331642058179e-01 8.027608189723296483e-01 7.987720148630113037e-01 7.864349747902524834e-01 8.074945190170043086e-01 8.127631021021574087e-01 8.123585498415244466e-01 8.030406412763144708e-01 8.044207674432707345e-01 7.830236819791865921e-01 7.820680691560497610e-01 7.854683585374664379e-01 7.682195485414993197e-01 7.938846554197086514e-01 7.626349296066267103e-01 7.901206856619663599e-01 7.768710284115115661e-01 7.814592289497317434e-01 8.101388127228843494e-01 7.722497892120954166e-01 7.834941280473954883e-01 7.830449456222765559e-01 7.771750650082464018e-01 7.931762534357186256e-01 7.887294903989646722e-01 7.909192394951178873e-01 7.896389141326443095e-01 7.653569841018436071e-01 7.692251574513587764e-01 7.838233066898555590e-01 8.066327255232617066e-01 8.072012536160457774e-01 8.111799138208235505e-01 8.042421229522337400e-01 8.037784211651133326e-01 8.061440407927701335e-01 8.000429722742802285e-01 8.023960851579754472e-01 8.048384620254779298e-01 8.124920602748161302e-01 7.837540851415808474e-01 8.007356684473900810e-01 7.952874504228995001e-01 7.959240870322640271e-01 7.935892037065583882e-01 8.051834068415841816e-01 7.994867738530710977e-01 8.035776676158682408e-01 8.066301986951242009e-01 8.037502310452133703e-01 8.064830592416195598e-01 8.016297511708501133e-01 8.064072497773331349e-01 8.164597901926669010e-01 8.045575391951286237e-01 8.048745282163066728e-01 8.049768575281177618e-01 7.838489003955319001e-01 7.855142417158020862e-01 7.933331054727380538e-01 7.707349254818436357e-01 7.929562719531254578e-01 7.967425564048159492e-01 8.067480490171740071e-01 7.909329208381200571e-01 7.901135459970124453e-01 7.973433960047848768e-01 7.932630888822501669e-01 7.746407495580657221e-01 7.876204375353672571e-01 7.873063301564149352e-01 7.977697459197012897e-01 7.904191822053181493e-01 7.920354137789533677e-01 7.829301618727723122e-01 7.897215387420478683e-01 7.877510461825831811e-01 7.778090672664614846e-01 7.797093417692491091e-01
1.792405383411678835e-02 8.130264493721509056e-02 3.576278160578523213e-01 5.423078013368097805e-01 4.614634438637704728e-01 4.377395746586001946e-01 7.144034966163697042e-01 1.000000000000000000e+00 6.723532800768406981e-01 5.989536945433900916e-01 7.246726158248553151e-01 7.475604899009175019e-01 6.721879709031132188e-01 5.757456637887053974e-01 7.626680967482414308e-01 7.752989052361998201e-01 6.588056873484758880e-01 7.292107718476175116e-01 7.316471249997552606e-01 6.701712744371414177e-01 7.227543004350983624e-01 7.312558825774695404e-01 6.887948012733429159e-01 7.171923691382836585e-01 7.235507484614249751e-01 7.233742570332756250e-01 7.233656922221972652e-01 7.606908781238509443e-01 7.187579818375222640e-01 7.513999827254576047e-01 7.435719245513450204e-01 7.532709617313543271e-01 7.055631776641998476e-01 7.395357082658474690e-01 7.256024449995533976e-01 6.926787991788675436e-01 7.324313431748376013e-01 7.551268337512664353e-01 7.663717450619790261e-01 7.488565950133605487e-01 7.415104369428389131e-01 7.616601681054235851e-01 7.722340409794201666e-01 7.734477023550262453e-01 7.618715877630666267e-01 7.704065946594461645e-01 7.463124333948324418e-01 7.448245289376606015e-01 7.552723537494308026e-01 7.398982378407138460e-01 7.618360753991608725e-01 7.329144710396802154e-01 7.526538460573646283e-01 7.394917422610013391e-01 7.463329988452475083e-01 7.693041517821473940e-01 7.395114984679349579e-01 7.531837388846345238e-01 7.496580667260518416e-01 7.431783787072705483e-01 7.599235835315848453e-01 7.560216128789482015e-01 7.583888641997346136e-01 7.559908029208016744e-01 7.313988670339421905e-01 7.408214836247096757e-01 7.459375076369031410e-01 7.708719078143903003e-01 7.650814150329192653e-01 7.781923393993721572e-01 7.748778409327277128e-01 7.703628619018313417e-01 7.735128941064834951e-01 7.720558692442806015e-01 7.611993971394376279e-01 7.621926102131522107e-01 7.707653567032172193e-01 7.472142602029516745e-01 7.676920285232659014e-01 7.570254395529839586e-01 7.604832214647321287e-01 7.560843570203782393e-01 7.633454952703279117e-01 7.609453896358610026e-01 7.657835871860675381e-01 7.699970406568995562e-01 7.629282428972367081e-01 7.657800875043864197e-01 7.654510185434336700e-01 7.691595928906692636e-01 7.704591277620616019e-01 7.635777363971248954e-01 7.660165014036262043e-01 7.664012733984080228e-01 7.477035234980362599e-01 7.462813883114751690e-01 7.581940797904697105e-01 7.375847790504004298e-01 7.572588790194123565e-01 7.600570518822892252e-01 7.676273022714935612e-01 7.559804102367000400e-01 7.541827426486392705e-01 7.618914882396462529e-01 7.584484972012504045e-01 7.417902090744611376e-01 7.525612785897783930e-01 7.480829372879140848e-01 7.610110065200721419e-01 7.541542461747859916e-01 7.561133592826034810e-01 7.475130406164941510e-01 7.549019036850872499e-01 7.526604112271548797e-01 7.412765629983641968e-01 7.438597285878527643e-01
1.142455621474292027e-01 1.772219977528774193e-01 3.624766507214155498e-01 5.309738378923695157e-01 4.477086967223153358e-01 4.668100331605110620e-01 6.958365992878823292e-01 6.723532800768406981e-01 1.000000000000000000e+00 7.355330027466800979e-01 7.984274543564245930e-01 8.262352992960539932e-01 7.679299715673928439e-01 6.354624124876960822e-01 8.306390580145632807e-01 8.159059894633828858e-01 8.198038718009149628e-01 7.754065263919707185e-01 7.862560261537934192e-01 7.078442528500296094e-01 7.593271337571319002e-01 7.645014644105493362e-01 6.982767034801886652e-01 7.171779884190395693e-01 7.448042137024323273e-01 8.027169560918652191e-01 8.205648714229106799e-01 7.972680606706911144e-01 8.137518722108764146e-01 8.408569138317405489e-01 8.444864609090581009e-01 8.333658161636635642e-01 7.490417084779616985e-01 7.659451246185136064e-01 7.761215130623767555e-01 7.344440962302672959e-01 7.964429923275735401e-01 8.099428133143009578e-01 8.256426992565815137e-01 7.663446334920998027e-01 8.547157839115557820e-01 8.344218778659442393e-01 8.138912957697710393e-01 8.553398271022178978e-01 8.307116494651749505e-01 8.363224781773240801e-01 8.594909366372015525e-01 8.738672101566805628e-01 8.639370357911883014e-01 7.859016720061434702e-01 8.334894295488984861e-01 7.953749788545773081e-01 8.588325345800351673e-01 8.780473496598988348e-01 8.527367900401767731e-01 8.436649062103405150e-01 8.597001981971533757e-01 8.499604801503689577e-01 8.613287690282347420e-01 8.803043261461892532e-01 8.651542438314762107e-01 8.701960592031258157e-01 8.572507092444529020e-01 8.741161792963368926e-01 8.823951112451741130e-01 8.806164619456099407e-01 8.729762618371424976e-01 8.659965720458860927e-01 8.670362346338519322e-01 8.642532505903807172e-01 8.528719208419089925e-01 8.640658666044638281e-01 8.454425645006399259e-01 8.455200179141323380e-01 8.654667963911734097e-01 8.670127485387094657e-01 8.544659529464549985e-01 8.659913197811045515e-01 8.580171199508083157e-01 8.709863707104744668e-01 8.647408034742948280e-01 8.684057081565597080e-01 8.599893758004308886e-01 8.614393018936268298e-01 8.374514614374588550e-01 8.478256159833096328e-01 8.461800227694321608e-01 8.535129664647075343e-01 8.614549529587615107e-01 8.605532480193817113e-01 8.396124868441164901e-01 8.602303569157487839e-01 8.589696046110516514e-01 8.591281074707396437e-01 8.652961450927093567e-01 8.722831656638514453e-01 8.378926357294002036e-01 8.558717690803139266e-01 8.613385964716695486e-01 8.582041890474567669e-01 8.526107797251334386e-01 8.622368258410580966e-01 8.658890851172605929e-01 8.653173992708074191e-01 8.655074480783884194e-01 8.711362904641976046e-01 8.707945164664678828e-01 8.731575886831954847e-01 8.680764962475260305e-01 8.675814754245501081e-01 8.640017624606516344e-01 8.758643807487376254e-01 8.721385605034105426e-01 8.707993020913373794e-01 8.805129123782078349e-01 8.792494167218585233e-01
5.834203127323015631e-02 2.036193307894318683e-01 3.290565674274858465e-01 4.823810467355494347e-01 3.915250110446023557e-01 4.373837113940571841e-01 6.361160697394820929e-01 5.989536945433900916e-01 7.355330027466800979e-01 1.000000000000000000e+00 7.385864633466373563e-01 7.567966495236093660e-01 6.944429822196490631e-01 6.069358686313623963e-01 7.692224472834910953e-01 7.468398440317630671e-01 7.169773946164964551e-01 6.964123874546556126e-01 7.080460393951546472e-01 6.521318624133425335e-01 6.666628640534343342e-01 6.632652054116607854e-01 6.441659938937168706e-01 6.466087988575269785e-01 6.636300748627336210e-01 7.455220738919610124e-01 7.477588590499018029e-01 7.297967450723059635e-01 7.452383622859631851e-01 7.686464812561143445e-01 7.775652088548171692e-01 7.686775890426660318e-01 6.822286059380940904e-01 7.029198735148335375e-01 6.998545553037682776e-01 6.569406918646072402e-01 7.349593728212434618e-01 7.527754501622532235e-01 7.579085906931334327e-01 7.155796216050734904e-01 7.880237243605323627e-01 7.740323603840429945e-01 7.490840906545439548e-01 7.833437858184184588e-01 7.654155553554297109e-01 7.695309468320838953e-01 7.968294038222037967e-01 8.054144118638237870e-01 7.900602485826774268e-01 7.012510756726664241e-01 7.589253487720163394e-01 7.111885413633516340e-01 7.794371151885574056e-01 8.023991809527928343e-01 7.862418577235574801e-01 7.891684789110412490e-01 7.630846437644696056e-01 7.900659854588071296e-01 7.975957826578041754e-01 8.060141279542168968e-01 7.846589213445155364e-01 7.944062678678238676e-01 7.801425936992165688e-01 7.868372334648074951e-01 7.930370366460189890e-01 7.896900072370905965e-01 8.039714509920786734e-01 7.898897389792313151e-01 8.009632535655668573e-01 7.909260724073730042e-01 7.718947987138379263e-01 7.902709041968207782e-01 7.761148903836589952e-01 7.684133644652751949e-01 8.014458380113326230e-01 7.985260036322404664e-01 7.880081756368558787e-01 7.979114251546703951e-01 7.970383198379951128e-01 8.051485236141397994e-01 7.970122127236031195e-01 8.043125628430718432e-01 7.920163124784919129e-01 7.920485373616529268e-01 7.744571463337188710e-01 7.843420877069797736e-01 7.829994449936358292e-01 7.958773702969328401e-01 7.975771561773630225e-01 7.987855914272189439e-01 7.814038711097682777e-01 7.963744549857371124e-01 7.941725317900004688e-01 7.955566947724058702e-01 8.028545954097624504e-01 8.068784964719071251e-01 7.707844595898825091e-01 7.725653311658805533e-01 7.939735801617867628e-01 7.912130675828952242e-01 7.874213689710549691e-01 7.936740455253578075e-01 7.969571490637270550e-01 7.985738853118079517e-01 7.896170291413534548e-01 7.900667510243432057e-01 7.985059577621820281e-01 8.070674822669146042e-01 8.041426324037587170e-01 8.031736417248722670e-01 8.032235026687024604e-01 8.073454570301376032e-01 8.032740197300323182e-01 7.969802554580539544e-01 8.032269102795377425e-01 8.022917618431616438e-01
3.374004335837791496e-02 1.340887659124655740e-01 3.882029840723289493e-01 5.827903294450509364e-01 4.685769340335767530e-01 5.038014902935705752e-01 7.484316008678018051e-01 7.246726158248553151e-01 7.984274543564245930e-01 7.385864633466373563e-01 1.000000000000000000e+00 8.731501359582999333e-01 7.943530117729656892e-01 6.831809039380667414e-01 8.797064859385849145e-01 8.637603929950870008e-01 8.107002383111098220e-01 8.134569401513033204e-01 8.318431249078341860e-01 7.334224478887088061e-01 8.019657649936442478e-01 8.041349179412125014e-01 7.512986266893434406e-01 7.684404907122119877e-01 7.922801615748749082e-01 8.457581972703415163e-01 8.461017474048504461e-01 8.518752488597481909e-01 8.481450139435818825e-01 8.703667073448457803e-01 8.881991340992773099e-01 8.678516377126942460e-01 7.974411015746640796e-01 8.191784928759563433e-01 8.160783913943117085e-01 7.968385009205712910e-01 8.521637593269255628e-01 8.620889337969509514e-01 8.809541671637759475e-01 8.408451701298217396e-01 8.863151409381381240e-01 8.830668640971094385e-01 8.763805253551619767e-01 8.996406608675581174e-01 8.853293931034682540e-01 8.903550242359005162e-01 8.969381832732618021e-01 9.016260023961094605e-01 9.010269608165683008e-01 8.399125248230203677e-01 8.855496049638401646e-01 8.469240474574278865e-01 8.940666240695188671e-01 8.965642618017565235e-01 8.857911586315606600e-01 8.933361975635871755e-01 8.820703013125033021e-01 8.925664765986749405e-01 8.968478230864103118e-01 8.984104247500863671e-01 9.007724303769151231e-01 9.018866585805074276e-01 8.962817075116861210e-01 8.989857020748027727e-01 8.904713662892588255e-01 8.942955127576396324e-01 9.011034475056625137e-01 9.055839210393700212e-01 9.013038790469389827e-01 9.019331674283795897e-01 8.982730407117579530e-01 9.035678000463369663e-01 8.929837958227316852e-01 8.911255912861650863e-01 9.032937707294405039e-01 9.040239196683527156e-01 9.012852432213661613e-01 9.010754797096357516e-01 9.000130176132569160e-01 9.043773432327875117e-01 9.042955070406254459e-01 9.054303644272985174e-01 8.985061548254713593e-01 9.025421854846871206e-01 8.903800552953528014e-01 8.968285910990946297e-01 8.983019674134027355e-01 9.025254555781488941e-01 9.070782680926976482e-01 9.051086232496986517e-01 8.962860085750419259e-01 9.049084883730790230e-01 9.074917605783960894e-01 9.053702651036904525e-01 9.032435038633532809e-01 9.042067937960265311e-01 8.935809674660564195e-01 8.856720006903280318e-01 9.043060668928757373e-01 9.022513312398439123e-01 9.038797504659529247e-01 9.040119652248388427e-01 9.064526137901314229e-01 9.056879338784818989e-01 9.050731819048049021e-01 8.977762747922479747e-01 9.051795667472327667e-01 9.039649001878133916e-01 9.066145056517186385e-01 9.052611662030907169e-01 9.044186202910764472e-01 9.046616505224330806e-01 9.080700055993466968e-01 9.051386135743028083e-01 9.028391994996989300e-01 9.040098859256568975e-01
2.073084332737971502e-03 1.101340131345688728e-01 3.967445474839967900e-01 6.140877973094526210e-01 4.787153007200171673e-01 5.387974695933286373e-01 7.795426330845323104e-01 7.475604899009175019e-01 8.262352992960539932e-01 7.567966495236093660e-01 8.731501359582999333e-01 1.000000000000000000e+00 8.251744629598329883e-01 7.193089137843690084e-01 9.125510614956089395e-01 9.042503181058372252e-01 8.393685602963858461e-01 8.399329253668903483e-01 8.614948916869604734e-01 7.471869805509200324e-01 8.382088077825596839e-01 8.348818978241449029e-01 7.836571692645533105e-01 7.872867902482526548e-01 8.218643801299783114e-01 8.784755331794301680e-01 8.886279462871308210e-01 8.932818436331276812e-01 8.764902509421358401e-01 9.047957289371092449e-01 9.235995810707825493e-01 8.962001265942721728e-01 8.291082552193459465e-01 8.533253875962262258e-01 8.442398119794307654e-01 8.301761012071136037e-01 8.925345576159823269e-01 9.042339699288436394e-01 9.207277664081131574e-01 8.817293248162536567e-01 9.241416242454758567e-01 9.289653450609840490e-01 9.190034548424937944e-01 9.403112592839473205e-01 9.233154220584399718e-01 9.321639611675958115e-01 9.371184880229367353e-01 9.364815288649643854e-01 9.306608757198557846e-01 8.720263193824246972e-01 9.249841115005653647e-01 8.750767165948762916e-01 9.258344159029910925e-01 9.280440720279387046e-01 9.140884412462338959e-01 9.283595056257457623e-01 9.049961622240285664e-01 9.323821467610018399e-01 9.320895238067659072e-01 9.349950414269970755e-01 9.382696038450388798e-01 9.342872431612658790e-01 9.278369766267570151e-01 9.341900913455521982e-01 9.231327612437721930e-01 9.207484578350911830e-01 9.383976224843469938e-01 9.414308920521234914e-01 9.363258966328161792e-01 9.378367610121817188e-01 9.368466076157178080e-01 9.413760159428140595e-01 9.238882835963916351e-01 9.246132817110375157e-01 9.410344522968435710e-01 9.449058176930948960e-01 9.419758320267285212e-01 9.354634425720645963e-01 9.404073918663680143e-01 9.430764717708568501e-01 9.414826756927950901e-01 9.426429443531560981e-01 9.347983892506989134e-01 9.382316127282288587e-01 9.273787211722945845e-01 9.322187589268690067e-01 9.381746003881400453e-01 9.422786812577094162e-01 9.451238116849737247e-01 9.404280319152449330e-01 9.381106241878670593e-01 9.457719064654823704e-01 9.448235500166940470e-01 9.462680704973465140e-01 9.413187746412388091e-01 9.419128606490732025e-01 9.250697616278560353e-01 9.150266412575848163e-01 9.382578263027152587e-01 9.399422378847523962e-01 9.433067460596002984e-01 9.379236066665611604e-01 9.396118796081273095e-01 9.461221253095227768e-01 9.375345593038961756e-01 9.219288983074807042e-01 9.344486288823726783e-01 9.412740006376429935e-01 9.421104589936917240e-01 9.417655514437293096e-01 9.409348305198842466e-01 9.399899045868097547e-01 9.419518443799697049e-01 9.396332274111520722e-01 9.378324830093489606e-01 9.346600254629011673e-01
2.700895884327186858e-02 1.166758602228498698e-01 3.325808440265715094e-01 5.263314809877239764e-01 4.879310519960619041e-01 4.919708782951792703e-01 6.935350865642132545e-01 6.721879709031132188e-01 7.679299715673928439e-01 6.944429822196490631e-01 7.943530117729656892e-01 8.251744629598329883e-01 1.000000000000000000e+00 6.600681867260173030e-01 8.331596432454896339e-01 8.282283088576393171e-01 7.686309839934936106e-01 7.553840420804820432e-01 7.745216862408662584e-01 6.844711062627277798e-01 7.460216588347584610e-01 7.433046132410423557e-01 6.848731549706489341e-01 6.948744154690067454e-01 7.301893390409739393e-01 7.905112743188248414e-01 7.991977045209651687e-01 7.982002950807967068e-01 7.881315114099232133e-01 8.266179589460262989e-01 8.379358330273303235e-01 7.946360742347746697e-01 7.321756587055344712e-01 7.491659413065748785e-01 7.548793305065060188e-01 7.403737299629582491e-01 8.092624422260630279e-01 8.011942113209984395e-01 8.270044495589278233e-01 7.758141638846058896e-01 8.473995859559858568e-01 8.369510423349015849e-01 8.268902918734503116e-01 8.520915542637478302e-01 8.384248889196515009e-01 8.424230283557185839e-01 8.601343157271590378e-01 8.645128876420449249e-01 8.479227802429092353e-01 7.745938602390749494e-01 8.309501888778945133e-01 7.890293152299876489e-01 8.469512977704792833e-01 8.547085820491208130e-01 8.303959515903160948e-01 8.360462149023737410e-01 8.201223143507354596e-01 8.487834997014934713e-01 8.504733163719944145e-01 8.629701872170861821e-01 8.580120094631440431e-01 8.524822784511915108e-01 8.407926905821951902e-01 8.569097547297388484e-01 8.556549011813555650e-01 8.509308516174063364e-01 8.629332660308499658e-01 8.584633344694969637e-01 8.535746438824626248e-01 8.591210390712772371e-01 8.532014703270213163e-01 8.571776979809028196e-01 8.383306594678471280e-01 8.444205075083992540e-01 8.615557481236639781e-01 8.623124430749993241e-01 8.572679576495004783e-01 8.566386985679381727e-01 8.580585570013691266e-01 8.649084051322503131e-01 8.647388502089999873e-01 8.648088957515804864e-01 8.506929165432687290e-01 8.579269716674534640e-01 8.364374184204895757e-01 8.432702022529949826e-01 8.536190206467716424e-01 8.581732396686865272e-01 8.626545261983196156e-01 8.564905953681298811e-01 8.473463744611642312e-01 8.654036555680667542e-01 8.633335249861909810e-01 8.645381714011528551e-01 8.662385330779952541e-01 8.682845149306326338e-01 8.434291177050908805e-01 8.441263686520675824e-01 8.621985874856790133e-01 8.600021763933761720e-01 8.641867531422177118e-01 8.603071747719510665e-01 8.647710402517064798e-01 8.688228908449953103e-01 8.605158017980520935e-01 8.522222623741829706e-01 8.603014653038744131e-01 8.688281062303988556e-01 8.660340415935176006e-01 8.649366741555791771e-01 8.633245755543743627e-01 8.698213716138988305e-01 8.666439279775282056e-01 8.676277264745759776e-01 8.655578893385779127e-01 8.664989864828082089e-01
