1.000000000000000000e+00 1.377707656394124014e-01 2.273904897358724683e-02 3.783053495970890856e-02 2.012678239697787350e-02 -1.693525098855761662e-02 4.717290937816923796e-02 5.336092968141582793e-02 7.629995727006835815e-02 2.954633061805724339e-02 1.691680512245777313e-02 2.545107327992096255e-02 6.046175454839599998e-03 -8.674583662433016026e-03 2.074779629792425015e-02 1.704959347536556119e-02 6.074332679011851255e-02 1.154203280413741359e-02 -2.833478211575834495e-03 3.809414330918328880e-03 6.119246604905013986e-02 1.903478023549688009e-02 1.269911652244113884e-02 -7.138176755357180867e-03 -1.916558534246925669e-02 5.345246265990032108e-02 4.149331492213826494e-02 -6.156568084860147838e-03 3.555436743404308264e-02 4.531150201755206053e-02 4.533283040599162678e-02 2.555429184203157622e-02 2.058646246539106231e-02 6.088469295512998836e-04 3.441042024803864924e-02 -2.473302509467693866e-03 -9.956034035250476907e-03 1.619611315279978828e-02 7.833117113083161442e-03 -1.233966870416655474e-02 1.637340094478025379e-02 5.282159801907182831e-03 -6.826302231816893176e-03 2.264503497174868291e-02 -6.654994821587545406e-03 6.781843048849678715e-03 7.994905912437960324e-03 1.814223846633577358e-02 3.426391737240612467e-02 2.257099587123969492e-02 2.950225340410508532e-02 -1.103886818687931787e-02 1.142888817121029063e-02 3.441598809638279910e-02 1.833541545423953908e-02 7.259483429154549305e-03 5.462398799207898725e-02 5.917058908405236663e-03 3.020244582244251477e-02 3.351150129757549112e-02 1.774867144390408769e-02 3.863273219137902670e-02 3.649328630608495577e-02 4.112049389260678811e-02 2.060682397619167244e-02 2.532449571467079719e-02 1.506815356959070179e-02 3.284318450149449013e-03 1.069256048605282325e-02 -6.270582021262389224e-04 4.454001762177414031e-03 3.133182961709400248e-04 -2.690183345436365780e-03 -3.213851419410690847e-03 1.563689133797919323e-02 1.358171616346803487e-02 1.017794369552986336e-03 2.186884139693312176e-02 8.834809679041650057e-03 2.805709207273554551e-02 3.451716616654415971e-03 1.688282842328851091e-02 1.934683820936909313e-02 1.813989734473492321e-02 -4.360882466296021605e-04 1.977232538986520120e-03 -5.331915303109364653e-04 1.699227458668445441e-03 2.064544801634973867e-03 9.436583563398378421e-03 -1.019013896789563479e-02 1.015448452880002338e-03 -1.439561758973185958e-03 2.297298895434336731e-04 5.010212915599534557e-03 8.880410466886501722e-03 -3.486636062971514710e-03 2.779232709998837036e-02 7.939237579681254417e-03 2.499770093335535164e-03 -1.041489988404936326e-02 1.264740170791468429e-02 -2.237105227248267162e-03 2.737311074837722041e-03 -7.592927365351756844e-03 2.596869511782610301e-02 2.139578951427487802e-02 9.688553080743504686e-03 1.006853184355555736e-02 1.135834116208381608e-02 5.667738318200935509e-03 1.426387137842879613e-02 1.799599772554733718e-02 1.413736603372916026e-02 1.076443042373532652e-02 1.407409208212447027e-02
1.377707656394124014e-01 1.000000000000000000e+00 9.935341039407917518e-02 9.957795730666779699e-02 8.109248752172275310e-02 9.703398712239215407e-02 1.500874257360718944e-01 1.443271863560733892e-01 1.947917054167072060e-01 1.813457878717399663e-01 1.646952723398110718e-01 1.612982069827298415e-01 1.577268935155888840e-01 1.103768138020786438e-01 1.585505739115555812e-01 1.704524021058682060e-01 1.634279405284775610e-01 1.061061459307663102e-01 1.136078386382598782e-01 1.028025417339516190e-01 1.279475119853016873e-01 1.191619501464808994e-01 1.435665500033232456e-01 8.759373136573551932e-02 8.544554771282228400e-02 1.694397348193910635e-01 1.595909046368145234e-01 1.503470282529474067e-01 1.535506625269396352e-01 1.771542571088395579e-01 1.725783037781857265e-01 1.627990538815464738e-01 1.556485588558507716e-01 1.416232091984040709e-01 1.777587473069532353e-01 1.446320898459315940e-01 1.439860404787072501e-01 1.701323244758315423e-01 1.577759129080504308e-01 1.546141158226349288e-01 1.638521052607597450e-01 1.513314905130631050e-01 1.434621969587194790e-01 1.606478380887744195e-01 1.484770127946161700e-01 1.548450362869971675e-01 1.661722856041207008e-01 1.720375736138445022e-01 1.769193076030092238e-01 1.510770629961712408e-01 1.732246216423883600e-01 1.335685729871614602e-01 1.492218064551117107e-01 1.859048126795948275e-01 1.692968635964511304e-01 1.761752891690677170e-01 1.820124158699805150e-01 1.663578407589015595e-01 1.778336455579751785e-01 1.766049491684600070e-01 1.664427896643073113e-01 1.743662599800798463e-01 1.842425045352088786e-01 1.755292529844106886e-01 1.631482302871128665e-01 1.733627772938317879e-01 1.646786517579047759e-01 1.497275336168418236e-01 1.555692687870286472e-01 1.414049132972941825e-01 1.508380729172930645e-01 1.503607249913063437e-01 1.367219297321367322e-01 1.388313632127237129e-01 1.627159828123196650e-01 1.628705661153905249e-01 1.537549547611071488e-01 1.614193125893051972e-01 1.508295059924032455e-01 1.759832804699033026e-01 1.623944099425223275e-01 1.689594584900449836e-01 1.676879499076211477e-01 1.670276597827416720e-01 1.423902395482825600e-01 1.469370019578502273e-01 1.547437325687771592e-01 1.558445935030742524e-01 1.577936720351638955e-01 1.753379309790071283e-01 1.511495997424402715e-01 1.574246693832386801e-01 1.588434519233694886e-01 1.569334401712928206e-01 1.613863605756568897e-01 1.677654847668779148e-01 1.455748826823056452e-01 1.523907957525358070e-01 1.554440479144596210e-01 1.524253797935266053e-01 1.478304358895809745e-01 1.622661392983225370e-01 1.554988409846062847e-01 1.551280513930894944e-01 1.470860677562711993e-01 1.685212432566793872e-01 1.658119528778195795e-01 1.668429769067699409e-01 1.697977689164675841e-01 1.664016421003931545e-01 1.686183706020631390e-01 1.659423849348075353e-01 1.654068260983041494e-01 1.593993466212021703e-01 1.562965712321527922e-01 1.670082385007517767e-01
2.273904897358724683e-02 9.935341039407917518e-02 1.000000000000000000e+00 3.835572934198405726e-01 2.350265376951514440e-01 2.550104074844186663e-01 3.993793033744005849e-01 3.560963080142025561e-01 3.640977884317903035e-01 3.298649472293255780e-01 3.827253687932876680e-01 3.941962118786208058e-01 3.443631514550091199e-01 3.532266705091370307e-01 3.954406383479404097e-01 4.023261857000061670e-01 3.847052545931603507e-01 3.966112897572915963e-01 3.964488746917230744e-01 3.424118693591827745e-01 3.914437503776100891e-01 3.941559034060605482e-01 4.217457979433367199e-01 3.915099031158761345e-01 4.072017803759953591e-01 3.956358581223725079e-01 3.935378790932685944e-01 4.041882640670020899e-01 4.049010440303400515e-01 4.134941078118805069e-01 4.164554381623835622e-01 4.185415382307067222e-01 4.132676685748214451e-01 4.135260991286576204e-01 4.317387095979442480e-01 3.979215839014609291e-01 4.176147513273762435e-01 3.948380302889765714e-01 4.178141783285221345e-01 4.017477149093374167e-01 4.033682539706686110e-01 4.093714312367969788e-01 4.082227200212780183e-01 4.070938084081958674e-01 3.985256532846023214e-01 4.062580543794542254e-01 3.861019892058122349e-01 3.911910705786669773e-01 3.834073282793453163e-01 3.889195419844440060e-01 3.808437662165394255e-01 3.872704723364867596e-01 3.947722529891350973e-01 3.923803315266015113e-01 3.855311973123445868e-01 4.027949528078668684e-01 3.863478069639981749e-01 3.944651709407309692e-01 3.732321080843850614e-01 3.911008811906334093e-01 3.953865182278178958e-01 3.859130330672029818e-01 3.905678851145645836e-01 3.845736969462179022e-01 3.914886961373205132e-01 3.862872762136999039e-01 3.961949301349060870e-01 4.011581601415525888e-01 4.164773825581037370e-01 4.040849799194847769e-01 4.030103870132326072e-01 4.016565410343885811e-01 4.077146464587576569e-01 4.012787083156157397e-01 3.953743199883865689e-01 4.053248273409437163e-01 4.117460827657079547e-01 4.054199350737879848e-01 4.032490320871685574e-01 3.951323670386777120e-01 4.040752999540568324e-01 4.058380968012255119e-01 4.082184312859860609e-01 4.145632114648666322e-01 4.064988494160855503e-01 4.090475157998847422e-01 4.077203768733703715e-01 4.032020083817633438e-01 4.050407002520809430e-01 4.053749368300587075e-01 4.123642402044454536e-01 4.010633697240156281e-01 4.006675422012858645e-01 4.033998506953108132e-01 3.898632309663173645e-01 3.899239228686036673e-01 4.056944954662565217e-01 3.887167904583679334e-01 3.955754818824537278e-01 3.992226450827514039e-01 4.069090270504494011e-01 3.975575713745503892e-01 3.896609653203794155e-01 3.950327601781081222e-01 3.966904520937122314e-01 3.926164493902927766e-01 3.879410023067015323e-01 3.907098133219419345e-01 3.952210813914993071e-01 3.933170531295843708e-01 3.947295545044988141e-01 3.911697210923249513e-01 3.929015222705303789e-01 3.930659046388745859e-01 3.908459842945339879e-01 3.891115527501656790e-01
3.783053495970890856e-02 9.957795730666779699e-02 3.835572934198405726e-01 1.000000000000000000e+00 3.552918390764198686e-01 3.815015721914056801e-01 6.180207893519700235e-01 5.512586384311264354e-01 5.762656365911070777e-01 5.184850906381541780e-01 5.990017744186663107e-01 6.416288076809811836e-01 5.761870405926057259e-01 5.463510865082205070e-01 6.223843852780841512e-01 6.270408225216344000e-01 5.776993233133698169e-01 5.747213231873083972e-01 5.825363237342057188e-01 5.284563271107989291e-01 6.056630461920796682e-01 6.180404495611261373e-01 6.171965142402832116e-01 5.579799532919705873e-01 6.069682595820703463e-01 6.231468979641973105e-01 6.260536592916234877e-01 6.239698502393573598e-01 6.244367923774217788e-01 6.394672928923200717e-01 6.407025464179114671e-01 6.349398873737004401e-01 6.243228867230081747e-01 6.255649909284677346e-01 6.256975096499315381e-01 6.086885289825267886e-01 6.421277388656652096e-01 6.136276494800125825e-01 6.464905250460474262e-01 6.284127399447160256e-01 6.355816488365650940e-01 6.394500816345414229e-01 6.327194304215660869e-01 6.336583183497007665e-01 6.354400311880716856e-01 6.320596237050151167e-01 6.100550380242478754e-01 6.169505216866261188e-01 6.128774520142608040e-01 6.216218781266205085e-01 6.212228133368801197e-01 6.222072960741528158e-01 6.301207937337438558e-01 6.115243737967855919e-01 6.008833783345843838e-01 6.270876915015646258e-01 6.041580638150828575e-01 6.212493507862052455e-01 5.928498537471424967e-01 6.184896685635998814e-01 6.264220380618442663e-01 6.085903233145010249e-01 6.142537568760635391e-01 6.146695453176004298e-01 6.209977029645104007e-01 6.141479311952521281e-01 6.229892422397850238e-01 6.232537514618639030e-01 6.351819565819368796e-01 6.299178921818286980e-01 6.323806322817537851e-01 6.277357017477667167e-01 6.192034049483148284e-01 6.288834581155857695e-01 6.313939542525258686e-01 6.356841496205338782e-01 6.382725584767827698e-01 6.373152629773664035e-01 6.317936444085949788e-01 6.243771032504186191e-01 6.314490690344223278e-01 6.319960529556336581e-01 6.351254440536603374e-01 6.489090159524586454e-01 6.343910717403936639e-01 6.345659380223994672e-01 6.401477271607329822e-01 6.338879920121076594e-01 6.355571936059666305e-01 6.312796745771297457e-01 6.427426339052469961e-01 6.311805725049131066e-01 6.305410581115732382e-01 6.342556017006846236e-01 6.173239789676647771e-01 6.152412624998508939e-01 6.399564743984763604e-01 6.262746716175626727e-01 6.292592432706888284e-01 6.347283473311782220e-01 6.395993728950549739e-01 6.295056230099431716e-01 6.231467508395663879e-01 6.287107308624569901e-01 6.297943318674769086e-01 6.205848590824616373e-01 6.186014596822161371e-01 6.167335035912803187e-01 6.214240656268551488e-01 6.242044472566246061e-01 6.188850906108906980e-01 6.183497826838009193e-01 6.224931521477548024e-01 6.293615320571650518e-01 6.198340141933997849e-01 6.155074051160469573e-01
2.012678239697787350e-02 8.109248752172275310e-02 2.350265376951514440e-01 3.552918390764198686e-01 1.000000000000000000e+00 3.180316067258844304e-01 4.766199517421746967e-01 4.160345463642493580e-01 4.456761724387719448e-01 4.154992258891817003e-01 4.633914433515738951e-01 4.957137348523122933e-01 4.574997708387384399e-01 4.407367632705528337e-01 4.969948648040485861e-01 4.821462683578756070e-01 4.464833319290752445e-01 4.290133383104623999e-01 4.564216397780195833e-01 3.944176426096661636e-01 4.501657038293201962e-01 4.806679626611772282e-01 4.642450758951680023e-01 4.232720221024749985e-01 4.670752650283914731e-01 4.711142669184611997e-01 4.750712262279066511e-01 4.705284753667287045e-01 4.606571546076059231e-01 4.869414781086747190e-01 4.950749987054460233e-01 4.761658919263538903e-01 4.566298954069357707e-01 4.766434199689254525e-01 4.744823261377222323e-01 4.674537051603858129e-01 4.850118486776863747e-01 4.869092390526999492e-01 4.959699755321180237e-01 4.847593049201659454e-01 5.014279524818622269e-01 5.057617416648092501e-01 5.113309120736384550e-01 5.087537588932248278e-01 5.037072324441808080e-01 5.067469855212779484e-01 4.985373950073245242e-01 5.007030180251667018e-01 4.910820380591481848e-01 4.811845829230870786e-01 4.872652363800022424e-01 4.829057015937343600e-01 5.040063952884891174e-01 4.949941034767452730e-01 4.944772682000997399e-01 4.956707550990590572e-01 4.769419490299525721e-01 5.024895019340861468e-01 4.783676652791583606e-01 5.013643618067173957e-01 5.044182534180686739e-01 4.925093517468208115e-01 4.931673500553835909e-01 4.880424834276178570e-01 4.921147002309144147e-01 4.937399105577900960e-01 4.970466198908902178e-01 4.973068528886126494e-01 4.939150164899376305e-01 5.006739676095131042e-01 5.029595401513362596e-01 5.013320420603978311e-01 4.917963410868144702e-01 4.982834019690325356e-01 5.001758653350835138e-01 5.036215629853756370e-01 5.024023815461565734e-01 4.912436692722349507e-01 4.973071221529044572e-01 4.958327670306832968e-01 4.989333987323476549e-01 5.016489463845331676e-01 4.923609278507877218e-01 5.008107060735608185e-01 4.991135760936881161e-01 4.934100691401383521e-01 5.020352664597491632e-01 5.018252592174544668e-01 5.045705360046164323e-01 4.984732620796270552e-01 5.029231043596975592e-01 5.064271279558594241e-01 5.043566182081820060e-01 5.060103575026647649e-01 5.004850942556159366e-01 4.973904320426643100e-01 5.059715495635700444e-01 4.878154253790920603e-01 5.048885178977690069e-01 5.022688504118997255e-01 5.094848511430589699e-01 4.984008968238668458e-01 5.002193837641771834e-01 5.066965213372529586e-01 5.027108769271845246e-01 4.909244446919400207e-01 4.954178557245533798e-01 4.986813768523175594e-01 5.019116878226483891e-01 5.020484058114539350e-01 4.986472866154726402e-01 5.010134869115034917e-01 4.999910659723274531e-01 5.020429224147436864e-01 4.949809121227671249e-01 4.940510649834440327e-01
-1.693525098855761662e-02 9.703398712239215407e-02 2.550104074844186663e-01 3.815015721914056801e-01 3.180316067258844304e-01 1.000000000000000000e+00 5.169715897907545266e-01 4.705672936689072050e-01 5.106707368131615521e-01 4.752984338185930469e-01 5.515670680123909708e-01 5.635791984047394676e-01 5.120250987904833018e-01 5.016923894730154210e-01 5.675873261066558539e-01 5.553515377047875123e-01 5.172149439216082722e-01 5.090539288667599305e-01 5.346287682633089622e-01 4.230629140091066720e-01 4.910853523961067335e-01 5.286991959230130655e-01 5.298800300047922240e-01 4.896936555808956149e-01 5.285962795826423255e-01 5.278041382741925913e-01 5.372793222599091534e-01 5.523643101814759149e-01 5.235773601917151909e-01 5.550596536464935671e-01 5.690745723645559417e-01 5.594759864934656379e-01 5.183250393070418793e-01 5.525410077499736117e-01 5.325485113489637490e-01 5.453209461733542485e-01 5.565785253130296484e-01 5.651600360640653964e-01 5.728284775853225153e-01 5.617502317817560931e-01 5.766226879537510452e-01 5.816656094885990225e-01 5.683250031804235602e-01 5.800211882809191977e-01 5.796620559424571217e-01 5.799790457767268759e-01 5.804048211429437831e-01 5.781587366207460166e-01 5.735047915408515440e-01 5.566029909442136159e-01 5.609002554084099312e-01 5.606659592325403674e-01 5.683037771403082195e-01 5.752285532490453157e-01 5.628798257248817105e-01 5.757747267424881965e-01 5.576224888482145259e-01 5.844937000385009851e-01 5.585604597325458665e-01 5.764904512148217863e-01 5.835923217545625485e-01 5.717309470014603212e-01 5.735542129932958977e-01 5.673042077473027245e-01 5.750234020147807490e-01 5.763461975089638756e-01 5.805442256137099966e-01 5.799634131269482129e-01 5.814613970081897731e-01 5.733160573049157493e-01 5.796556822735065007e-01 5.848188387024507717e-01 5.738109893530823902e-01 5.767766752814688092e-01 5.779177803644195421e-01 5.807069652721211783e-01 5.806936048939859152e-01 5.720510797567226469e-01 5.793489247336456316e-01 5.725207954311655190e-01 5.822872154741924877e-01 5.831906876240464666e-01 5.811995173002666437e-01 5.794277138050477616e-01 5.797748344869277926e-01 5.773698748193840657e-01 5.820111856194777333e-01 5.864722786850831149e-01 5.846178789489748784e-01 5.796533300192431293e-01 5.855644083588705806e-01 5.872535305824005958e-01 5.903663907603473593e-01 5.897621521373983544e-01 5.818989469076102372e-01 5.833730510001464697e-01 5.790181643298758507e-01 5.653189666025527638e-01 5.832110382192878806e-01 5.831771660179270178e-01 5.858866242580225148e-01 5.793748197423278512e-01 5.842125878828650087e-01 5.877230733514132721e-01 5.852416869515697506e-01 5.722762159116641101e-01 5.781265203027737831e-01 5.820174414018308706e-01 5.812071904905379283e-01 5.837041875004216340e-01 5.826509579086002200e-01 5.828977106784938300e-01 5.816752676226860652e-01 5.836950384395611646e-01 5.805142088592900596e-01 5.801559112460270562e-01
4.717290937816923796e-02 1.500874257360718944e-01 3.993793033744005849e-01 6.180207893519700235e-01 4.766199517421746967e-01 5.169715897907545266e-01 1.000000000000000000e+00 6.915227558815242315e-01 7.386922419218324709e-01 6.761769570089916082e-01 7.628716225458501698e-01 8.045820877730567311e-01 7.260907750762806145e-01 6.919051182374184039e-01 8.320255930695269475e-01 8.076255294865736234e-01 7.131928626442120001e-01 7.353556165592336491e-01 7.609053295407651740e-01 6.764836000573010155e-01 7.556315802621700328e-01 7.846397236796719410e-01 7.808760910272907196e-01 7.352324441192402693e-01 7.792734829212524250e-01 7.870453607875056434e-01 8.001023214559632724e-01 8.164369743145299951e-01 7.903473718216157407e-01 8.156744640900558396e-01 8.210884367435825615e-01 8.113014348162934652e-01 7.888914199941655658e-01 8.104826404869958090e-01 8.030552100154136896e-01 7.705184260848204625e-01 8.091439354941382112e-01 8.144898811029266383e-01 8.313042859297236076e-01 8.140010918411518803e-01 8.248666656027503485e-01 8.351848999200793822e-01 8.216178551291879462e-01 8.223950835398622372e-01 8.148357272233093251e-01 8.274146908298092296e-01 7.997252515665012051e-01 8.022368090000169261e-01 7.948651016757887211e-01 8.000808906735875636e-01 8.040931640517424706e-01 7.809810114310238305e-01 8.043667186417621240e-01 7.955395277527358422e-01 7.863781765437991567e-01 8.198189787879981427e-01 7.715219679551876819e-01 8.043348498962790138e-01 7.794344407597022517e-01 7.984308231321870508e-01 8.108153005933699253e-01 7.892357372536118465e-01 7.956072339635260615e-01 7.899591099992289145e-01 7.909473421907472490e-01 7.948422360681425269e-01 8.075436970844596107e-01 8.145675196528828765e-01 8.244363937699479283e-01 8.245952529542426301e-01 8.230433094112542536e-01 8.208369628702751886e-01 8.152990532589242667e-01 8.195493346872518847e-01 8.138636475808598281e-01 8.237191759701518734e-01 8.324333139448909513e-01 8.179107347850972376e-01 8.238285346067403259e-01 8.109097995797165392e-01 8.231929178038966954e-01 8.166770096944615531e-01 8.174212865822682028e-01 8.291634034684537413e-01 8.213891909172899020e-01 8.219337466012747173e-01 8.212503765554576285e-01 8.280282587415762618e-01 8.252179313588737797e-01 8.180619036945115941e-01 8.347371277459193495e-01 8.244901455044402194e-01 8.187352231284935611e-01 8.272939248219383090e-01 8.060229486896720585e-01 8.057427727185300093e-01 8.150051063560048714e-01 7.822019174239130956e-01 8.067110892603771566e-01 8.207980539498125339e-01 8.249138062282832529e-01 8.072133879996151729e-01 8.037288844177516989e-01 8.128048280174572371e-01 8.078490275139902366e-01 7.894053352806987833e-01 7.994172859293114941e-01 8.098974004399480675e-01 8.118096332432820361e-01 8.125341944211613709e-01 8.089083120274435101e-01 8.016898261383186286e-01 8.016682957686016575e-01 8.069483971571430603e-01 8.015135158332559184e-01 7.971422570184547585e-01
5.336092968141582793e-02 1.443271863560733892e-01 3.560963080142025561e-01 5.512586384311264354e-01 4.160345463642493580e-01 4.705672936689072050e-01 6.915227558815242315e-01 1.000000000000000000e+00 6.710673122019350512e-01 6.201124298154884196e-01 7.071102629981912413e-01 7.344349731377735058e-01 6.707959700224629396e-01 6.418456205175802065e-01 7.408486908373533852e-01 7.528177264953661574e-01 6.598885315636193738e-01 6.556465573777936484e-01 6.843976192611960219e-01 6.022158668129584669e-01 6.961051823120233406e-01 7.003827115137531978e-01 7.040515327417441460e-01 6.450776913069797835e-01 6.894660281762630127e-01 7.020183881317219043e-01 7.093642976365169828e-01 7.141640011024277257e-01 6.943606929978747289e-01 7.319213397939854371e-01 7.448522271807531681e-01 7.352804408612554354e-01 7.099534261541222691e-01 7.323466058551463265e-01 7.257965252852333071e-01 7.176447068147201458e-01 7.254765149969369942e-01 7.386098484945877729e-01 7.565539003752929093e-01 7.400779568002828768e-01 7.452822746413131361e-01 7.491827798459238519e-01 7.513423745400261700e-01 7.498414294878332775e-01 7.402600893214769107e-01 7.488378118830666397e-01 7.339479916221502975e-01 7.366333017303237085e-01 7.338398096976487262e-01 7.322032425333004912e-01 7.388514432935628928e-01 7.180308867364526559e-01 7.301795452657384722e-01 7.324324219961684257e-01 7.261135987513468448e-01 7.449696745670917331e-01 7.257253788482790346e-01 7.459612451242666475e-01 7.261902548306220506e-01 7.374287472860169279e-01 7.494949149849545744e-01 7.357770147666774507e-01 7.429040018668844336e-01 7.357390408492824330e-01 7.283236889022847160e-01 7.380291124150533122e-01 7.441867623584541569e-01 7.422180821151558305e-01 7.514718919770129180e-01 7.425438007704324717e-01 7.468864166425822626e-01 7.441084797276206197e-01 7.358137087344149840e-01 7.421125312567646848e-01 7.424010136489930245e-01 7.444387209041480880e-01 7.467840679018830086e-01 7.365676284931423901e-01 7.412875015897126829e-01 7.455180379060636353e-01 7.458579869610596491e-01 7.472621757682835764e-01 7.541636014631520890e-01 7.574436823671542030e-01 7.537729391438015014e-01 7.524148009253581737e-01 7.510088625032329546e-01 7.564707073753758060e-01 7.562161141074367210e-01 7.514306096611234054e-01 7.550111954886485899e-01 7.509951140603673414e-01 7.493402694249438056e-01 7.525306362439156960e-01 7.399398451021350631e-01 7.413824326122879782e-01 7.579367247103012684e-01 7.348372708997437108e-01 7.479510129675089880e-01 7.537475125094305062e-01 7.566906204221297561e-01 7.508463924478979701e-01 7.367096804854224024e-01 7.477322444373052379e-01 7.432876682561884163e-01 7.419346923885101752e-01 7.403239484204025000e-01 7.419157054582842248e-01 7.464569774848546224e-01 7.482118580023735532e-01 7.522055610772058198e-01 7.403333058559812274e-01 7.439287547359338948e-01 7.452280966996081002e-01 7.358595587581860942e-01 7.369532212916323211e-01
7.629995727006835815e-02 1.947917054167072060e-01 3.640977884317903035e-01 5.762656365911070777e-01 4.456761724387719448e-01 5.106707368131615521e-01 7.386922419218324709e-01 6.710673122019350512e-01 1.000000000000000000e+00 7.520621034797715376e-01 8.205765617735624184e-01 8.486153253424425502e-01 7.607968033544660891e-01 7.424418612175173182e-01 8.573569065000252731e-01 8.294629966856356118e-01 8.138233558742646867e-01 7.368979262495615190e-01 7.796415943258141468e-01 6.444168812518503708e-01 7.729675164796544484e-01 8.085217957749615270e-01 7.974654491437148662e-01 7.131746363686025658e-01 7.757634277054575866e-01 8.259174994181924800e-01 8.317428517613244532e-01 7.935716509224713944e-01 8.060663884222715181e-01 8.655385911391458853e-01 8.761264442148577469e-01 8.423649633799181746e-01 7.532050194681292332e-01 8.203451433932592574e-01 8.138853540573922629e-01 8.115459264629202307e-01 8.351918429850376802e-01 8.433517805742417606e-01 8.468475656244401906e-01 8.136356590050970450e-01 8.687802104575511608e-01 8.492371517514015755e-01 8.278822560144549758e-01 8.743076562467283486e-01 8.622774000342174894e-01 8.587266492531673290e-01 8.776767300097086943e-01 8.834270030904750604e-01 8.815824380918368952e-01 8.414628736790873420e-01 8.566064443453597077e-01 8.437241221506205369e-01 8.659639850548634943e-01 8.846909208516456902e-01 8.711481877508061578e-01 8.742205407224984404e-01 8.776491953444814920e-01 8.779040062714749126e-01 8.715968593141362186e-01 8.867961318301036400e-01 8.802672219414255927e-01 8.828107320134780389e-01 8.793647927649932416e-01 8.789469150905760975e-01 8.763809495915602099e-01 8.839543179142398399e-01 8.834706889509312822e-01 8.726400578325255175e-01 8.686454396404732492e-01 8.583057370486293358e-01 8.764659598684677588e-01 8.766354166290951655e-01 8.520387861070154445e-01 8.671087410745839108e-01 8.818650067882380927e-01 8.772274698659876524e-01 8.622353026361668782e-01 8.693463368427163385e-01 8.724516273232278962e-01 8.863536411658493597e-01 8.762371544934737244e-01 8.851199930419090256e-01 8.812153933684816476e-01 8.696984158022027511e-01 8.499035799682593817e-01 8.609004820418700854e-01 8.704213724522127382e-01 8.701663046197162243e-01 8.754332128887235553e-01 8.812934574376323216e-01 8.580281832010897558e-01 8.764130105802403481e-01 8.790400203862668294e-01 8.763370652977842123e-01 8.820044322029294559e-01 8.834729191908340384e-01 8.587540091459875402e-01 8.649874520036796577e-01 8.740916033780816718e-01 8.693602789922318941e-01 8.652292291395077273e-01 8.768801853767183019e-01 8.760856355715068711e-01 8.778984621482996964e-01 8.740856834270780418e-01 8.818407833789819739e-01 8.831777735822204933e-01 8.834929894051870569e-01 8.842285149314008663e-01 8.837435240061414232e-01 8.823454373636101522e-01 8.849935194044760145e-01 8.845637736014431152e-01 8.782581297469536086e-01 8.792663205198639753e-01 8.848470798937859705e-01
2.954633061805724339e-02 1.813457878717399663e-01 3.298649472293255780e-01 5.184850906381541780e-01 4.154992258891817003e-01 4.752984338185930469e-01 6.761769570089916082e-01 6.201124298154884196e-01 7.520621034797715376e-01 1.000000000000000000e+00 7.555181841519530428e-01 7.873611055852751672e-01 7.011953419679368693e-01 6.892258727068583113e-01 7.988518633719057238e-01 7.704930839861836578e-01 7.341780641352808612e-01 6.663837478392889979e-01 7.300094270460361079e-01 5.888974378913843788e-01 6.892279729481364248e-01 7.466707138260737509e-01 7.332882184042622820e-01 6.619645546128676283e-01 7.219709971321048858e-01 7.659880209239960935e-01 7.881690144759535555e-01 7.593801770311243704e-01 7.596099002974033843e-01 8.034546471743613250e-01 8.139393580325512412e-01 7.882521781352768153e-01 7.191470133646175045e-01 7.781656748329875972e-01 7.690218394960306458e-01 7.607733434616092971e-01 7.814530575261432466e-01 7.973396583486340727e-01 7.979842383470608924e-01 7.756430702547842948e-01 8.241330263924316890e-01 8.048947282997213071e-01 7.766316839612115164e-01 8.218097304650732182e-01 8.097124399805979422e-01 8.122092692601650121e-01 8.289008210371515695e-01 8.314189580323533280e-01 8.238743724483778008e-01 7.908651111741713535e-01 8.028739474507855522e-01 7.762963089080006096e-01 8.055826368779557267e-01 8.248252243234392989e-01 8.066007066726551544e-01 8.232066326095973663e-01 8.051398952043523627e-01 8.213752268692195990e-01 8.078349487785455585e-01 8.258833475784211897e-01 8.227402009328527166e-01 8.155809497888206749e-01 8.159039749841633382e-01 8.183156649000264959e-01 8.194336351696597243e-01 8.240442396805588432e-01 8.308542916553142144e-01 8.214759828432155464e-01 8.188202338556993531e-01 8.058148462533015755e-01 8.227369645213999938e-01 8.276435897313089152e-01 8.060151235914621015e-01 8.189716318565152253e-01 8.288234062029543603e-01 8.276272747913379080e-01 8.203781154793754471e-01 8.222029481450847666e-01 8.238894077247346237e-01 8.315666151265838080e-01 8.273615692721126846e-01 8.335136185493844385e-01 8.265848101175066187e-01 8.194409585824481423e-01 8.059583445611300245e-01 8.154122593968707866e-01 8.217042123227968897e-01 8.257577332499204115e-01 8.267184900015402960e-01 8.249763572917792054e-01 8.134415227292417505e-01 8.306702520578109761e-01 8.279250337233176049e-01 8.296229869799248702e-01 8.328384061857607712e-01 8.344153252908211860e-01 8.035856653453147258e-01 8.021012956608151168e-01 8.185746747365902909e-01 8.217206854326751797e-01 8.168034775734016595e-01 8.222510968593980119e-01 8.237436982839828614e-01 8.285015678425881047e-01 8.210642261784590890e-01 8.185395931572660988e-01 8.288339225690793954e-01 8.342180016903966155e-01 8.292107110638424761e-01 8.306153840462205951e-01 8.260733084813788318e-01 8.318542253221635763e-01 8.275199382004974069e-01 8.257073240444257056e-01 8.282129083544662596e-01 8.302257378989778003e-01
1.691680512245777313e-02 1.646952723398110718e-01 3.827253687932876680e-01 5.990017744186663107e-01 4.633914433515738951e-01 5.515670680123909708e-01 7.628716225458501698e-01 7.071102629981912413e-01 8.205765617735624184e-01 7.555181841519530428e-01 1.000000000000000000e+00 8.794300300044588514e-01 7.952454745112579326e-01 7.698456326849776321e-01 8.789779237496304631e-01 8.602462990133714626e-01 8.074780168617048393e-01 7.642486540247608318e-01 8.168036056516284615e-01 6.860762678684055871e-01 8.004120696690544268e-01 8.360115476130240975e-01 8.291753664999202966e-01 7.570121574518192675e-01 8.152458800013454576e-01 8.410731349430156101e-01 8.569743150732896941e-01 8.354987042447350465e-01 8.258982149516872484e-01 8.815095177020224604e-01 9.033675646274698101e-01 8.725243413951996319e-01 8.025209870911266252e-01 8.649531461415663758e-01 8.546170537023355385e-01 8.476235753835783537e-01 8.797362743246353034e-01 8.747371289365892810e-01 8.838766125213846081e-01 8.640941226452426571e-01 8.987894124375235272e-01 8.881889901833014411e-01 8.745726466900172191e-01 9.026658763071034874e-01 8.968623122984731300e-01 8.938142733634967252e-01 9.017902962036158376e-01 9.054458980937190038e-01 8.966040678535225350e-01 8.753668511392712626e-01 8.812503534018426565e-01 8.789870071227035009e-01 8.928283399730748693e-01 8.979098134030555345e-01 8.919984334183078678e-01 9.029371480544439166e-01 8.863098025598606933e-01 9.053155469820685086e-01 8.865666922414461304e-01 9.016566561979408867e-01 9.067398832520005003e-01 8.981158077155185770e-01 8.988369806482117141e-01 8.950023001586722149e-01 8.972213442284582285e-01 9.037190954578941948e-01 9.073486526714420464e-01 9.038902510881714480e-01 9.053341267520376157e-01 8.955733235908402978e-01 9.074815017812078999e-01 9.069061270098413008e-01 8.897599151138506635e-01 9.017885011561022068e-01 9.065446556757867924e-01 9.055896890846720781e-01 9.005406233564867691e-01 8.949570170531301327e-01 9.000246613434381704e-01 9.070353150922714214e-01 9.093385160784221988e-01 9.105897596512629866e-01 9.075653735425395219e-01 9.059331564378917401e-01 8.950011496153996715e-01 9.009625300718976382e-01 9.073348877401447021e-01 9.065550921180122179e-01 9.097181626463289872e-01 9.056058794738126583e-01 9.021477894132226005e-01 9.089378189471102321e-01 9.106196180001384644e-01 9.099431520360504733e-01 9.070788683418598009e-01 9.089213822667603360e-01 8.995023079500292784e-01 8.897970300374661301e-01 9.054324563069564569e-01 9.036589998685692349e-01 9.062003152121390626e-01 9.062846091588843134e-01 9.054049720079805352e-01 9.104899948491385064e-01 9.070200232503045079e-01 9.012438593865916836e-01 9.053925716241036925e-01 9.083485902508392495e-01 9.095113017386005083e-01 9.096624397751473801e-01 9.088348506812542471e-01 9.082200268886498895e-01 9.083115378864706768e-01 9.056724030082824450e-01 9.035459588506471462e-01 9.059840650778739901e-01
2.545107327992096255e-02 1.612982069827298415e-01 3.941962118786208058e-01 6.416288076809811836e-01 4.957137348523122933e-01 5.635791984047394676e-01 8.045820877730567311e-01 7.344349731377735058e-01 8.486153253424425502e-01 7.873611055852751672e-01 8.794300300044588514e-01 1.000000000000000000e+00 8.222822004185449396e-01 7.937038289945912428e-01 9.184679560384321206e-01 8.928620939893350261e-01 8.371585915413559675e-01 7.908991292240443727e-01 8.435037577397159758e-01 7.177361864654884238e-01 8.267955994056060964e-01 8.754248603909243753e-01 8.583297136813571315e-01 7.809424682000826179e-01 8.477458557753334567e-01 8.778976648900435054e-01 8.952850512052075160e-01 8.806993615328770897e-01 8.737281499433356968e-01 9.132141208606284755e-01 9.355783599173140841e-01 9.122932752840849924e-01 8.462504978405240852e-01 9.034970054575115483e-01 8.853991055441582381e-01 8.866268607555506387e-01 9.125250871924630580e-01 9.145889608368571455e-01 9.264378907799597496e-01 9.049683360668252519e-01 9.379752037727261404e-01 9.302190469337141554e-01 9.142871473180562703e-01 9.390216972401864703e-01 9.354622333275595114e-01 9.313093890836040556e-01 9.383685171422528892e-01 9.412710004982374201e-01 9.329207591530835897e-01 9.166303023158088870e-01 9.236107412665436334e-01 9.118367269471538972e-01 9.298200514247673132e-01 9.321893488821954010e-01 9.206650328701294628e-01 9.385131155911170531e-01 9.190816876164117355e-01 9.375812405524290849e-01 9.180091276193640404e-01 9.367172732332296192e-01 9.432224649619993517e-01 9.288543093551754337e-01 9.321483397859001707e-01 9.320929628516037013e-01 9.305787332609125606e-01 9.365317574952654045e-01 9.433933101935604304e-01 9.385248613596749445e-01 9.393469448945720446e-01 9.323223801344818762e-01 9.428477230629674910e-01 9.428944939230863298e-01 9.215785215504028738e-01 9.359391423854993564e-01 9.437588534795994244e-01 9.437295138800291250e-01 9.402267418278059674e-01 9.358421853145478808e-01 9.403346500489032644e-01 9.422844257913032262e-01 9.441266148216475029e-01 9.453081187163806520e-01 9.437174593581749704e-01 9.423617207525532002e-01 9.312769746885819488e-01 9.388459637755710574e-01 9.456496911717664489e-01 9.436616194070235331e-01 9.466460141436652265e-01 9.401929252562314376e-01 9.413108676729282642e-01 9.476735165571866792e-01 9.470527331391671577e-01 9.462139069034494199e-01 9.427708705065969141e-01 9.438085064965675564e-01 9.331507947924629898e-01 9.245831500252204016e-01 9.406214745622819562e-01 9.425825975959705172e-01 9.438012557969182037e-01 9.407528334136984194e-01 9.405448295542363502e-01 9.458704654220305708e-01 9.435427001075145093e-01 9.338211595999261760e-01 9.411245805147028243e-01 9.446321227169959256e-01 9.433512714351561801e-01 9.438749031217343877e-01 9.403569882472342378e-01 9.434608877189686327e-01 9.417856877658594694e-01 9.430504817536307094e-01 9.393340124724267604e-01 9.397076270202040504e-01
6.046175454839599998e-03 1.577268935155888840e-01 3.443631514550091199e-01 5.761870405926057259e-01 4.574997708387384399e-01 5.120250987904833018e-01 7.260907750762806145e-01 6.707959700224629396e-01 7.607968033544660891e-01 7.011953419679368693e-01 7.952454745112579326e-01 8.222822004185449396e-01 1.000000000000000000e+00 7.281732633328062976e-01 8.312076566997814719e-01 8.200822923796998731e-01 7.447747901060490783e-01 7.250172340945282290e-01 7.692730344229947725e-01 6.592915322402460587e-01 7.493850866679431233e-01 7.911202912649056840e-01 7.852608588495825215e-01 7.104993353911431830e-01 7.756341377493628508e-01 7.971746446617274939e-01 8.019859643057711818e-01 7.852155830344239584e-01 7.715432776314603558e-01 8.259182493280421422e-01 8.375479364076600097e-01 8.126931769640823866e-01 7.403529776182771194e-01 8.001826785030524691e-01 7.865242150528798382e-01 7.888266222974410491e-01 8.188454030728250510e-01 8.128266340502001697e-01 8.258186384638542821e-01 8.021705336890437854e-01 8.458087031416253732e-01 8.347931521693005008e-01 8.231170354339315542e-01 8.469639267367691238e-01 8.447438202332757662e-01 8.366852391027889135e-01 8.478704375756490608e-01 8.477431654711723441e-01 8.409667157027066464e-01 8.104888894959829670e-01 8.226649732938903226e-01 8.209733793771685217e-01 8.378733022131166219e-01 8.432697048369609538e-01 8.350129816866784793e-01 8.465261105845980349e-01 8.265697316428218810e-01 8.462269022359920623e-01 8.262004723979783360e-01 8.493901774812967487e-01 8.491801588663198119e-01 8.386381046667941153e-01 8.408832236263666937e-01 8.383195494062404274e-01 8.418973686061649309e-01 8.470135554952978874e-01 8.486947421386626944e-01 8.466629937797105487e-01 8.418602479331531718e-01 8.406976876122551623e-01 8.515439379690352695e-01 8.512252694021258392e-01 8.289787750836536961e-01 8.452355336887200643e-01 8.502301189659078329e-01 8.489206304659691060e-01 8.442732354419874019e-01 8.351105374595378938e-01 8.448552416185157732e-01 8.485233630363827606e-01 8.470477670205804888e-01 8.520965959570063752e-01 8.480595836724172942e-01 8.419672734381934420e-01 8.327658492206304608e-01 8.390278278843048554e-01 8.500249869067624253e-01 8.472557379982457171e-01 8.486064747028490007e-01 8.481537997700505649e-01 8.410080940501152291e-01 8.509038239978087281e-01 8.529495809366099968e-01 8.520433386736915304e-01 8.495750646618768220e-01 8.497174764299239014e-01 8.380182709450142431e-01 8.324687518632488681e-01 8.465000384344127937e-01 8.454740275822789641e-01 8.482027685919218962e-01 8.471112834341237852e-01 8.498292030795645546e-01 8.522454942148987023e-01 8.498545509656102448e-01 8.437927273952181562e-01 8.472720975433702950e-01 8.507864854905176077e-01 8.523247473473927194e-01 8.514066445493122526e-01 8.481521665046457548e-01 8.517794649040962840e-01 8.497140139783047053e-01 8.502352470781611160e-01 8.460217080156394731e-01 8.488692602744370985e-01
