1.000000000000000000e+00 -1.805063769981595390e-03 2.835989397525018330e-01 2.090744437084816332e-01 1.744922651449610784e-01 1.762012809053582763e-02 1.671329149795474922e-01 1.988619860808887863e-01 2.465267146833469147e-01 4.892810489576265159e-02 1.268730831462372699e-01 8.315207078447101052e-02 7.624900007192600415e-02 3.600697861987326581e-02 1.028573664911156677e-01 1.245438143943497777e-01 1.849138052747437977e-01 3.038896009734174397e-01 2.619207906478306924e-01 1.532830256890627962e-01 2.029121585130437555e-01 2.649999092880155338e-01 2.550026934183582950e-01 2.274158566437691487e-01 2.082892235133849412e-01 2.117609178244032331e-01 2.253260788328783071e-01 1.568458030999782815e-01 1.977348466591540010e-01 1.610558852923013595e-01 1.163524719331886642e-01 1.718973574609393429e-01 1.677802123840500814e-01 1.001719673920974663e-01 1.092331022459459150e-01 2.239358350617366364e-02 3.754161055364833161e-02 9.460017265742377834e-02 8.658105570866631018e-02 8.958184179925139656e-02 6.988277088924571556e-02 5.201375760089919226e-02 -5.048573691573976681e-03 9.870090694257865893e-02 5.049166602798137865e-02 6.609408539797935467e-02 1.269549270837368529e-02 5.823955082797006161e-02 4.756781671306543890e-02 4.701683420990438594e-02 6.242028903830805497e-02 4.336586365210735178e-02 2.128929346618066779e-02 1.058784057963065295e-01 1.051234284658180695e-01 1.193179743063121356e-01 1.099384043338152428e-01 5.119049100179885042e-02 6.166279733492378151e-02 7.799677118734141268e-02 7.839795047587408069e-03 4.469656518832131054e-02 5.461995301326099533e-02 6.401409517510668612e-02 1.298821722014577018e-01 7.590476692909255141e-02 5.571023300481731111e-02 8.320717045259373723e-02 7.902879335883163103e-02 6.008193827132186221e-02 7.960618507713757008e-02 8.495639993517423161e-02 9.976265344881485309e-02 9.530842090584407122e-02 8.068134943925302227e-02 7.153802619671652263e-02 6.755521218998600252e-02 7.523583284874665877e-02 8.728420075430598501e-02 7.298168003714325391e-02 7.014826538806159806e-02 5.197565811579216155e-02 7.889360867927323884e-02 7.855603198788364827e-02 4.725780426994937583e-02 3.529317502532303835e-02 -4.162911072738475875e-03 5.049028762944032106e-02 3.775262050468070757e-02 5.861819863850847162e-02 3.389360720047134012e-02 2.732345317150912389e-02 3.279496541891677858e-02 3.439234595732662547e-02 1.442570543484582128e-02 2.857949058078275428e-02 2.046687737439259122e-02 4.505126908741895891e-02 1.847434528869012355e-02 2.933500273629151625e-02 9.288219377700945509e-03 2.828764494734038737e-02 2.587826619430671701e-02 3.894978157046153494e-02 2.401445955889381853e-02 5.978747650041527084e-02 4.472879119099675699e-02 3.854069468190021719e-02 4.740236774085902771e-02 5.418467694837008491e-02 3.148932289544707080e-02 2.930244717195189946e-02 2.031246955209144861e-02 3.519598613599505404e-02 6.603371925738976689e-02 4.610794910857643480e-02
-1.805063769981595390e-03 1.000000000000000000e+00 -1.135371015468569257e-02 -7.091770243545332530e-02 1.983409647041384607e-04 5.656118835595546485e-02 1.069554302153030156e-01 1.045713924406073136e-01 1.293461228799607787e-01 1.616350855184919832e-01 1.032557024842666871e-01 7.168932900744541536e-02 9.281029304353390075e-02 1.130552480379951041e-01 1.165862503246813398e-01 1.037755154584171224e-01 1.081754153176392036e-01 5.146692052073626594e-02 1.021457427427382852e-01 1.414044533554139997e-02 1.160999803878155073e-02 2.827403860443470154e-02 1.283974882317324706e-01 7.385111886102918577e-02 8.213709762524303015e-02 1.122649460667396182e-01 8.790162944275099755e-02 1.076770818733882445e-01 1.110535185150896692e-01 8.525552230043124957e-02 1.165926222242292115e-01 1.454708351927773147e-01 9.360775251916786388e-02 1.427649751581494542e-01 1.151387024172296908e-01 9.547507807638225263e-02 1.100207198736330994e-01 1.291077564351869045e-01 1.253950205962974795e-01 8.316109532232486556e-02 1.353392833946172602e-01 1.164067683918818402e-01 1.171832000549565544e-01 9.616723541088398330e-02 1.105641431548727432e-01 1.358828188739177045e-01 1.513972199466728230e-01 1.472301656912746448e-01 1.183796461479440648e-01 1.000179055336474915e-01 1.132975335902753761e-01 8.038910460865264507e-02 1.139784795612571316e-01 1.319587265725536140e-01 1.309635918955567024e-01 1.437801254757836711e-01 8.499831289145404201e-02 1.330215306319005031e-01 1.357199658159469191e-01 1.268031704227096101e-01 1.350501986772929264e-01 1.413144165658356266e-01 1.156982387280805213e-01 1.179798706410189191e-01 1.092710761801050784e-01 1.243158414916096938e-01 1.507606611832050525e-01 1.390794529445341376e-01 1.541826116457797047e-01 1.067156168801197819e-01 1.096312780307441420e-01 1.216278605050216122e-01 1.226050596013461835e-01 1.185725713942534509e-01 1.373541005693694195e-01 1.357398699299796341e-01 1.388610356604166596e-01 1.424895879420686184e-01 1.288410118157589657e-01 1.347175445552092898e-01 1.326577494718979566e-01 1.400670056312043610e-01 1.409664390714088500e-01 1.410157283559346497e-01 1.351180998402458644e-01 1.422564297552358359e-01 1.393621295392798998e-01 1.359977857816462299e-01 1.407731958731744115e-01 1.382813866640456857e-01 1.334845044967998551e-01 1.461882449268497586e-01 1.322530109946373211e-01 1.363413176756577416e-01 1.477135062802002186e-01 1.486286910923309557e-01 9.346566658056250365e-02 1.144983253612557039e-01 1.320906666467553947e-01 1.322579943801162616e-01 1.252077769433772580e-01 1.248637959410632131e-01 1.237992859720371819e-01 1.172870806546936484e-01 1.300450381248521581e-01 1.128254893487385113e-01 1.286156805372630219e-01 1.487793779363753566e-01 1.441343917867128899e-01 1.328064839126488483e-01 1.400557289413377760e-01 1.411844870587385115e-01 1.384143451496734067e-01 1.278119797035727756e-01 1.342207941697070861e-01 1.353293206871503673e-01
2.835989397525018330e-01 -1.135371015468569257e-02 1.000000000000000000e+00 3.910058560934086547e-01 3.227913508617567540e-01 2.520450786524705000e-01 3.898116011771090572e-01 4.066457029640951903e-01 3.919660245140608734e-01 2.608618720467229535e-01 4.035841811337938512e-01 3.853614562889820516e-01 3.531086749634558264e-01 3.007998291540697755e-01 4.004672235605025166e-01 4.021023833262994951e-01 3.820870513616240194e-01 4.851165041859358262e-01 4.894824396565245483e-01 2.899623775978001916e-01 4.371173374391104094e-01 4.974628883648078981e-01 4.536768199147591663e-01 4.200742149133532832e-01 4.561423460283878240e-01 4.639806754957488399e-01 4.909250386395424548e-01 4.511493694100762175e-01 4.372907923813103559e-01 4.257904053592186377e-01 4.067844553679921815e-01 4.273883612703973656e-01 4.573343252895258337e-01 3.721194116340448277e-01 3.919617866662044037e-01 2.911874921630215884e-01 3.360561689127656293e-01 3.964185688609412339e-01 3.861233022348433686e-01 4.059176872432814220e-01 3.731483347137811157e-01 3.752035185639646109e-01 3.114226064926122195e-01 4.041657524860116091e-01 3.542455729616129645e-01 3.826512943600774985e-01 3.170584347201020892e-01 3.439331475051593534e-01 3.538997187267554079e-01 3.494616554613708126e-01 3.690269867560504458e-01 3.506256833018820962e-01 3.188917612156486059e-01 3.710560944899722879e-01 3.921968917994951842e-01 3.988040267094851710e-01 3.774577454128592024e-01 3.542915612709368611e-01 3.567440057788732743e-01 3.568423449882772713e-01 3.167715308085840564e-01 3.333395793535849361e-01 3.535457348765990715e-01 3.432225018906589487e-01 3.980145019790997107e-01 3.586269449833324185e-01 3.415649263504000888e-01 3.825379184827710222e-01 3.685818277301876611e-01 3.421582858362501312e-01 3.877814342295571870e-01 3.889012267813445889e-01 3.806794785609082798e-01 3.858959208891472037e-01 3.843764531547830821e-01 3.747834945257062511e-01 3.725869390017201299e-01 3.691599029744114802e-01 3.820998068370000111e-01 3.614155464822453867e-01 3.734906374059974166e-01 3.530192746425148131e-01 3.665839635921502859e-01 3.702609145690538561e-01 3.538260079762853838e-01 3.274368465853319532e-01 3.003120289603110060e-01 3.571059190193038302e-01 3.473815336667038789e-01 3.673206439086680319e-01 3.558844703899636253e-01 3.395351570998455526e-01 3.418743599924392584e-01 3.538874912321805510e-01 3.158191702411411450e-01 3.270182650967670690e-01 3.293074973906693903e-01 3.275344232493541119e-01 3.257593399838561443e-01 3.385987666438272092e-01 3.259876055080506152e-01 3.326025967732501032e-01 3.318785926730202229e-01 3.441917308942210041e-01 3.279984231610906242e-01 3.481852773199397566e-01 3.412947985697242781e-01 3.364714900490987093e-01 3.451824202552747356e-01 3.461448742755108277e-01 3.347943548483153786e-01 3.279887486937719809e-01 3.226313393281835529e-01 3.275351407578586116e-01 3.531049879714739381e-01 3.401279324282600047e-01
2.090744437084816332e-01 -7.091770243545332530e-02 3.910058560934086547e-01 1.000000000000000000e+00 3.945229952595254441e-01 3.718447897679038050e-01 5.023449783016971093e-01 5.068504816948224967e-01 5.024260715420978407e-01 3.529776677178130262e-01 5.292352050502281413e-01 6.256243200463568188e-01 5.252735182899175292e-01 4.616109188242497607e-01 5.415939204689105280e-01 5.536051755917438255e-01 5.207496850462890459e-01 4.549892127215072746e-01 4.425094959043914811e-01 5.607887939850479952e-01 6.025452166479251526e-01 5.752323252976767609e-01 4.215978355595871307e-01 4.315438373191627930e-01 4.721853942633134071e-01 4.695813705935519833e-01 5.340669129576606222e-01 5.178989515361982487e-01 4.820534404374524073e-01 5.352352031589510117e-01 5.268556916134026213e-01 4.995980426538917940e-01 5.448244480715609406e-01 5.073048602612610924e-01 5.034932715654130142e-01 5.321501477729645435e-01 5.207524045687142999e-01 5.345931152975266221e-01 5.347855527401822462e-01 5.880283881793769707e-01 5.183269441500070185e-01 5.411815052273679649e-01 5.288685779897035477e-01 5.932230711384691713e-01 5.407896512104453102e-01 5.299919615746772061e-01 5.013361519022312418e-01 5.221639662436113882e-01 5.579358432282586211e-01 5.703212858791709694e-01 5.596618181000047043e-01 6.098009576542886556e-01 5.515039227785877296e-01 5.369417491328898340e-01 5.409611970495638023e-01 5.155348095254749241e-01 6.056360791920430975e-01 5.375324718313906347e-01 5.372511141039251203e-01 5.519538220386361882e-01 5.204495764933045887e-01 5.360795710532869629e-01 5.584456284252267144e-01 5.566165392379937016e-01 5.716246661175833355e-01 5.491266832449012147e-01 5.102965764477406241e-01 5.052192996792697066e-01 4.909281322446163442e-01 5.755646823391838973e-01 5.611827987662136863e-01 5.394635220280427079e-01 5.095553050573810028e-01 5.232230754451193677e-01 5.137523547071657370e-01 5.213093117444406177e-01 5.237042660640023328e-01 5.109769766101702748e-01 5.333573255898833576e-01 5.041869102934657398e-01 5.278261879887147234e-01 5.149834260966155153e-01 5.253024413623765820e-01 5.178154627675186639e-01 5.286423901285477456e-01 5.141324567004703638e-01 5.094555843101329362e-01 5.310800448517114525e-01 5.214488382635195096e-01 5.247081528546961859e-01 5.332140911957463647e-01 5.171712640992570664e-01 5.303396861295440745e-01 5.260390777537872209e-01 5.059494615100593728e-01 5.135018939491602374e-01 5.742183185873838136e-01 5.558732785179979485e-01 5.260941892007969800e-01 5.324926749172854690e-01 5.363491888563606258e-01 5.421344137807758701e-01 5.465405002435924642e-01 5.494172488971108548e-01 5.292083228831452324e-01 5.629920806193882132e-01 5.409044020150696186e-01 5.095906408220183259e-01 5.146538584706654706e-01 5.402574342584377520e-01 5.312520299424252634e-01 5.206743198088424895e-01 5.270486284542413857e-01 5.343257306234519000e-01 5.334216177187149910e-01 5.313925042971426871e-01
1.744922651449610784e-01 1.983409647041384607e-04 3.227913508617567540e-01 3.945229952595254441e-01 1.000000000000000000e+00 3.401100511913883184e-01 4.662196819684829019e-01 4.698078514776948822e-01 4.737230161249676441e-01 3.747024656744641913e-01 4.635691851603706004e-01 5.035145111020522535e-01 4.925503792431787375e-01 4.248071536497082246e-01 4.858199700198321813e-01 4.952503140263347370e-01 4.641648079515920400e-01 5.020427677038217240e-01 4.927197861486317665e-01 4.535603270497541861e-01 5.288470130372848743e-01 5.240078450130060128e-01 4.848920790602544995e-01 5.094485559843663358e-01 5.177597175471920776e-01 5.113705787874741615e-01 5.185530495161713160e-01 5.098263008942057750e-01 4.960077302813278299e-01 4.951751986173664188e-01 5.236316443594689618e-01 5.022727305257923547e-01 5.055113775657934516e-01 4.962052002362248304e-01 4.844198281993319366e-01 4.872812537048190618e-01 5.074590979449249417e-01 4.820294132901881135e-01 5.103652270145051517e-01 5.047017066084192871e-01 5.023607833924235155e-01 5.008622357319194585e-01 4.804589258083071246e-01 5.222638443851133072e-01 5.177423115293662281e-01 4.872255301788521176e-01 4.660309854400290774e-01 4.768390783996250826e-01 4.822917790335089494e-01 4.821337474407855206e-01 4.963662516597751040e-01 4.952124325644163272e-01 4.693218357534928997e-01 4.821848392469407218e-01 4.776968662497003693e-01 4.907822456600229866e-01 4.681943492492784409e-01 4.869900962085318974e-01 4.672756272170789371e-01 4.906024227041874686e-01 4.741596347218011709e-01 4.568491323833182571e-01 4.655116635643891665e-01 4.715577073663913543e-01 5.056889461462684698e-01 4.833889450634627494e-01 4.811584499239416335e-01 5.046604895117159373e-01 4.904302236007344051e-01 5.083899644074101332e-01 5.129581716121593971e-01 5.112217221143159351e-01 5.136667997168172795e-01 5.154582173401820455e-01 5.043192600057263553e-01 4.940295656020944337e-01 4.945469539537893366e-01 4.886014657135927530e-01 5.148894976997596684e-01 4.917952732215996603e-01 5.092204603048113842e-01 4.980801877774715947e-01 4.939102547879063998e-01 4.862167300147887672e-01 4.992545265407077326e-01 4.839812871590689070e-01 4.771940044444232254e-01 4.912017752827080308e-01 4.929185494949757662e-01 4.966331796197056558e-01 4.935527420878509930e-01 4.886541233563702069e-01 4.988822982892953117e-01 4.945085427788776244e-01 4.755429861374595446e-01 4.757133851954470916e-01 4.911191716327918400e-01 4.711187195838700825e-01 4.866548187485096322e-01 4.939318102040501923e-01 4.929408332658303249e-01 4.788754011264653165e-01 4.874132555738178163e-01 5.020872591718524847e-01 4.845506241216784860e-01 4.796181697525082055e-01 4.875828032866222350e-01 4.767011544709237048e-01 4.827227943583218828e-01 4.928233951512600020e-01 4.746201394274825458e-01 4.812489322767847799e-01 4.744618978635815054e-01 4.804645271267360407e-01 4.908277143509087170e-01 4.836540135432462750e-01
1.762012809053582763e-02 5.656118835595546485e-02 2.520450786524705000e-01 3.718447897679038050e-01 3.401100511913883184e-01 1.000000000000000000e+00 5.175395659649816293e-01 5.113100246077626476e-01 5.189547572419720423e-01 4.745221097617176031e-01 5.622087017650626573e-01 5.906395945100236800e-01 5.610437762787362503e-01 5.340670724781825252e-01 6.064351037898058072e-01 5.861573725906319421e-01 5.380430535544786785e-01 4.847807756402746082e-01 5.245637188743219603e-01 4.308725329023829209e-01 5.363798677633528911e-01 5.532751956617837363e-01 5.278240451166413827e-01 5.005564409231872958e-01 5.442059523512213781e-01 5.851912907667063957e-01 5.869516455113968911e-01 5.921985272211554019e-01 5.531346640805251402e-01 5.354617559353539447e-01 6.000178392525172821e-01 5.966085868489310329e-01 5.737946570831405912e-01 5.982250334289149762e-01 5.662424171970326103e-01 5.673464659991350745e-01 5.836345861029255122e-01 6.143248505237406398e-01 6.131999797769021043e-01 5.947883582087254428e-01 6.238283773058287407e-01 6.224330675756605258e-01 6.002256874909365214e-01 6.221173365066395844e-01 6.112860711444582096e-01 6.204437381138951935e-01 6.171159258158807059e-01 6.110843400166831030e-01 6.151787526191843103e-01 5.993600856597346427e-01 6.208284751143292590e-01 5.919879961437783944e-01 5.924574440210504944e-01 6.028791514939515483e-01 6.026462627016588858e-01 6.134177409466130548e-01 5.827245371271423391e-01 6.205546088638737023e-01 6.095089448816812805e-01 6.165195791034140393e-01 6.119355148133864830e-01 6.057592373060687319e-01 6.061015674446228463e-01 6.007829400281388121e-01 6.085671528742253589e-01 6.086865336919227154e-01 6.126767739553892200e-01 6.192458436308078129e-01 6.146649066226493874e-01 6.060979846919594127e-01 6.236334439425473830e-01 6.239313443663683234e-01 6.084049889421957458e-01 6.156369275116917450e-01 6.303460070579050001e-01 6.258579367795069626e-01 6.238583111461732944e-01 6.145189515149002135e-01 6.227341444962013473e-01 6.105948737925168679e-01 6.156328477002422916e-01 6.189139251921902396e-01 6.174915831556346824e-01 6.151363482285572282e-01 6.220950225976918935e-01 6.139824862848340947e-01 6.098887992444744777e-01 6.231928094516432370e-01 6.201342451872640105e-01 6.226579243571520594e-01 6.266829869333472303e-01 6.258649873314835466e-01 6.207225203996450391e-01 6.257042096363715222e-01 6.155354045873924207e-01 6.150445678817351158e-01 6.076199677159939139e-01 5.964143227240470413e-01 6.160168969088483104e-01 6.216493304947875442e-01 6.175351375992444991e-01 6.128278901073079821e-01 6.108641210264375010e-01 6.239930606829908744e-01 6.126072501872564802e-01 5.976287088418711368e-01 6.148957277144176947e-01 6.162210091820319313e-01 6.185303377899334931e-01 6.189258467613966141e-01 6.183555690607309696e-01 6.152313879345857606e-01 6.103855827050981286e-01 6.035795735300288900e-01 6.139224451184969178e-01 6.088881218794935934e-01
1.671329149795474922e-01 1.069554302153030156e-01 3.898116011771090572e-01 5.023449783016971093e-01 4.662196819684829019e-01 5.175395659649816293e-01 1.000000000000000000e+00 7.091168135315055743e-01 6.989871641366585120e-01 6.350353381905439187e-01 7.215566712945450378e-01 7.510418378440064657e-01 7.145567838893992496e-01 6.882983299882173833e-01 8.272517242185802866e-01 7.778358056965807288e-01 7.074303807588183668e-01 6.534885388681277441e-01 7.034319332962063465e-01 5.691874039958979559e-01 6.818629847177870573e-01 7.146226739959853358e-01 7.162476250350283680e-01 6.579589653324372511e-01 7.154406955045625738e-01 7.790761793314097128e-01 7.736206019740534678e-01 7.786062227971036753e-01 7.333944159995162693e-01 7.045126442001217182e-01 7.625425795894476000e-01 7.791065958570722039e-01 7.322197857445080782e-01 7.667888109559080068e-01 7.270987690200125808e-01 7.064334188034147033e-01 7.172348187308195122e-01 7.825092367978886410e-01 7.729930808379773532e-01 7.724184441620292052e-01 7.893666190449345477e-01 7.910634210686171564e-01 7.513497346017896650e-01 7.940296348519281233e-01 7.672396757907313791e-01 7.850596239610345695e-01 7.604788317456804281e-01 7.753910903731254800e-01 7.735338771914563871e-01 7.501078155684234305e-01 7.750754212989076075e-01 7.527252108986451917e-01 7.453522234748944930e-01 7.722537916424421223e-01 7.744951261526402675e-01 7.897212344133942574e-01 7.451223630889084459e-01 7.772484612843038043e-01 7.750495856393651017e-01 7.742792319937890078e-01 7.634106423990140167e-01 7.573600085089188250e-01 7.564958187548214141e-01 7.584861007538404865e-01 7.750852946526214371e-01 7.664265114434334336e-01 7.776135220925219915e-01 7.826328901817179995e-01 7.815444950805503499e-01 7.599517651876163127e-01 7.829543887771186483e-01 7.877550518696836424e-01 7.716462343756715914e-01 7.773476224186880446e-01 8.004858781663514167e-01 7.971416094774956829e-01 7.988430200707650197e-01 7.802630775811860708e-01 7.871589773715509386e-01 7.779875137544247643e-01 7.787440895338400004e-01 7.740149788812621390e-01 7.882841340485402526e-01 7.873089290643290328e-01 7.846201098998185630e-01 7.712741662813790144e-01 7.536422578310671971e-01 7.936601163075733822e-01 7.803983531891802716e-01 7.898032837532840134e-01 7.933793432629071551e-01 7.881294373783074292e-01 7.770813788734355354e-01 7.850413793960689945e-01 7.666299320051650490e-01 7.728129491813328089e-01 7.635022250214752448e-01 7.563007640548348176e-01 7.758044931598253591e-01 7.847669217663669761e-01 7.775067743623722549e-01 7.709510017076949273e-01 7.669313292198499665e-01 7.818954736690985063e-01 7.696156735964901907e-01 7.556218119115872822e-01 7.744176394936856944e-01 7.772788383782803789e-01 7.786430039854248530e-01 7.815687456685902479e-01 7.755405130507763145e-01 7.696304840068697306e-01 7.635941080917302282e-01 7.644823706334846758e-01 7.738416591610033368e-01 7.666901076835063167e-01
1.988619860808887863e-01 1.045713924406073136e-01 4.066457029640951903e-01 5.068504816948224967e-01 4.698078514776948822e-01 5.113100246077626476e-01 7.091168135315055743e-01 1.000000000000000000e+00 6.885190655446934427e-01 5.934888888239315818e-01 7.022653405609605715e-01 7.272840146063732636e-01 7.070801432381318419e-01 6.579413485490746005e-01 7.759516910571735426e-01 7.922319721819842675e-01 6.887821055167392403e-01 6.346253363095268885e-01 6.883804636794649268e-01 5.084598167730383089e-01 6.632542683284141649e-01 7.180231098388469846e-01 6.958448488204254101e-01 6.288764577860141980e-01 7.014182284063178452e-01 7.533191618596755124e-01 7.443479289314709479e-01 7.325821551621636285e-01 6.929714916044216189e-01 6.937707598764991657e-01 7.231767043496366565e-01 7.598105248733743045e-01 7.247602079397063024e-01 7.407214381239842771e-01 7.221728389169448370e-01 6.814241699465755087e-01 6.847840804199362141e-01 7.648247891817641086e-01 7.562167635683109124e-01 7.490232953865052501e-01 7.561518184755953165e-01 7.632669847340725067e-01 7.287615938134980320e-01 7.741431204634174890e-01 7.258031140723240071e-01 7.466639508500001465e-01 7.221807635169126272e-01 7.398852044782749937e-01 7.387791155872621696e-01 7.234484812355987948e-01 7.552429621135247073e-01 7.258493450550113080e-01 7.054723778512659305e-01 7.397415765240914487e-01 7.523035181666865023e-01 7.667346804001600180e-01 7.205918297952349505e-01 7.569714956802849892e-01 7.476941767646054782e-01 7.385661785578419014e-01 7.258631529962937812e-01 7.275613825165468951e-01 7.338556676097515163e-01 7.273089269629251508e-01 7.497188374957204360e-01 7.284766495165143629e-01 7.422927655535778158e-01 7.513904648880158632e-01 7.460194371003596725e-01 7.123178207194508227e-01 7.593706407212617027e-01 7.594375614006628750e-01 7.355679119519978881e-01 7.488371010823556828e-01 7.658530696660145187e-01 7.558665244099249669e-01 7.602830985540126596e-01 7.410076387349604499e-01 7.506546737196195807e-01 7.488064665018288046e-01 7.500832544221578413e-01 7.352909482035765443e-01 7.545882499904127405e-01 7.564574730279947090e-01 7.455627056134329633e-01 7.367074469009988746e-01 7.170150173500927648e-01 7.629276415988672788e-01 7.483824506850821345e-01 7.637432435958048105e-01 7.547706533028643028e-01 7.471020709959221850e-01 7.389909394331893866e-01 7.491662358687397605e-01 7.281304637100077803e-01 7.391121852785687008e-01 7.298375531546199557e-01 7.179948932494729652e-01 7.347823908713414509e-01 7.469961405415969091e-01 7.427668508235056866e-01 7.376455989221446519e-01 7.349030728194284601e-01 7.526871128021485058e-01 7.341029805798146013e-01 7.238766085452692511e-01 7.392796977275807313e-01 7.412701012956762758e-01 7.458627809048272717e-01 7.474462464998632427e-01 7.448849734153407676e-01 7.323028765813990315e-01 7.290740089249715394e-01 7.288777693972293692e-01 7.425774524865997872e-01 7.297979433293150242e-01
2.465267146833469147e-01 1.293461228799607787e-01 3.919660245140608734e-01 5.024260715420978407e-01 4.737230161249676441e-01 5.189547572419720423e-01 6.989871641366585120e-01 6.885190655446934427e-01 1.000000000000000000e+00 6.723113214740643606e-01 7.935701762094576894e-01 7.892563805343976169e-01 7.531348076679844628e-01 7.192407711457132757e-01 8.200721813527799275e-01 8.164618629323276977e-01 7.905164375195514737e-01 7.045596503120294951e-01 7.625835544547164835e-01 5.832124379206448106e-01 7.304330667743026417e-01 7.772811719026772037e-01 7.874128573559594502e-01 7.130977987903346360e-01 7.680348883468265386e-01 8.064399817421489258e-01 8.097067784124954981e-01 7.892606644903107371e-01 7.735865675370299233e-01 7.609521482160715999e-01 8.209218949081986683e-01 8.375309192906232880e-01 7.680206032031807739e-01 8.150296160961270076e-01 7.908583094985444095e-01 7.537455812887676743e-01 7.720345336865133135e-01 8.106993122432875065e-01 8.138774028192621302e-01 7.556585749333080138e-01 8.336406449532435259e-01 8.228022693454060121e-01 7.749794601129548210e-01 8.351537587090359649e-01 8.181770097453187063e-01 8.194649145859481676e-01 8.307522777851876761e-01 8.487175508265649704e-01 8.340189063107704692e-01 7.879048776734312032e-01 8.099317704608831603e-01 7.935895175369473975e-01 8.070708785813462960e-01 8.578292640815036174e-01 8.490825092881001401e-01 8.538630175882212514e-01 8.316603779720392886e-01 8.320343010490117708e-01 8.284777545773761576e-01 8.575613971328120977e-01 8.183583971588597183e-01 8.331930251149213262e-01 8.168239038746661906e-01 8.396396102971601660e-01 8.720431246999854613e-01 8.542857205415930189e-01 8.499395317059466048e-01 8.523779983906227820e-01 8.511417321601512098e-01 8.180690108404895522e-01 8.495401761265347629e-01 8.592869343702370655e-01 8.433624385490040565e-01 8.472406698705337025e-01 8.514063792514741102e-01 8.482736870611072844e-01 8.413439236731019566e-01 8.415734926590489051e-01 8.451884048854436671e-01 8.473341781427310426e-01 8.434146006320756284e-01 8.433194920718403154e-01 8.585337947380708989e-01 8.514427268639912505e-01 8.353477278171856923e-01 8.339874691170185983e-01 8.143172858151127569e-01 8.370792256633514672e-01 8.370901303906580493e-01 8.417136295248842659e-01 8.234904599784921286e-01 8.339516171057410610e-01 8.360658656135088185e-01 8.346785345294359670e-01 8.340702987749024633e-01 8.389043453625378843e-01 8.010160802011311310e-01 8.273394008503888175e-01 8.292114236562327934e-01 8.281878489406406807e-01 8.204716454658369518e-01 8.310592569508833405e-01 8.312682267077865506e-01 8.363397895380281222e-01 8.338381336920890341e-01 8.381060293139821482e-01 8.437157318524843852e-01 8.421991914116271349e-01 8.465460141940478467e-01 8.464569978552034524e-01 8.325195719503906133e-01 8.424359557621936556e-01 8.326015534775511595e-01 8.366883339805910591e-01 8.567753968683734511e-01 8.467989790133546579e-01
4.892810489576265159e-02 1.616350855184919832e-01 2.608618720467229535e-01 3.529776677178130262e-01 3.747024656744641913e-01 4.745221097617176031e-01 6.350353381905439187e-01 5.934888888239315818e-01 6.723113214740643606e-01 1.000000000000000000e+00 7.009402777224706949e-01 6.970934750005050029e-01 6.724895145054026191e-01 6.694553340931744811e-01 7.477576499146748601e-01 7.145799637185021869e-01 6.529911930497033223e-01 5.115112461379460740e-01 5.910988424973548927e-01 4.560688421165452477e-01 5.450178547042069388e-01 5.779099113244740016e-01 6.544134764584992325e-01 5.596794326393675911e-01 6.252824166085563240e-01 6.821563353896011872e-01 6.749031781466298119e-01 6.769346708579958571e-01 6.697682995837654918e-01 6.428518607748139324e-01 7.227955821615753562e-01 7.361766229419296481e-01 6.433665606921897817e-01 7.404153077071569111e-01 7.012971409698303127e-01 7.077080292638860959e-01 7.081071533690933562e-01 7.360915653402658743e-01 7.383783422480971748e-01 6.802812767143242567e-01 7.605494008342732482e-01 7.493268926962196597e-01 7.334774460315135469e-01 7.334652150047114016e-01 7.394056228510716977e-01 7.474698542164364135e-01 7.785363261967562787e-01 7.927420041753625579e-01 7.667002040775924288e-01 7.184096974706827288e-01 7.334414406491669425e-01 7.185754591346602549e-01 7.546762177442344344e-01 7.795879217912157211e-01 7.681135379406222041e-01 7.751681852981412435e-01 7.316895614073479770e-01 7.652512397681195955e-01 7.664191134212698930e-01 7.711638576416466329e-01 7.661913489677907307e-01 7.736288942051048334e-01 7.546477520199054156e-01 7.640874653429428065e-01 7.550952173598131090e-01 7.700976116651598868e-01 7.822976995299704139e-01 7.672943154853779646e-01 7.775029875115789801e-01 7.313949125025535070e-01 7.505852860799113735e-01 7.667193057193932848e-01 7.535583896434802087e-01 7.585505341138834012e-01 7.778433788535660254e-01 7.740235722616531922e-01 7.740502683900496450e-01 7.779639389525724313e-01 7.651155718921495152e-01 7.788891580307507612e-01 7.692846893719773593e-01 7.775413053073393366e-01 7.841177423093939058e-01 7.812936243008840043e-01 7.730747474660261132e-01 7.839885257302702248e-01 7.768187656187450774e-01 7.808792301825442372e-01 7.797670627603524585e-01 7.823290508744185079e-01 7.679659513144619920e-01 7.786908927505594713e-01 7.757291386332761940e-01 7.725885289801391886e-01 7.840637521680570154e-01 7.896695777608508937e-01 7.494349558018923441e-01 7.650385807716270081e-01 7.757103970121150827e-01 7.730997678349393887e-01 7.719218248256821679e-01 7.767083037111737198e-01 7.730803674630843947e-01 7.704135620346488356e-01 7.816704717742968267e-01 7.670426278265444209e-01 7.807653023359117928e-01 7.881632831066378575e-01 7.877244191650996097e-01 7.748076913727549586e-01 7.793596366136645859e-01 7.828447892329049029e-01 7.811662499757339173e-01 7.755889490809803055e-01 7.761593954122739669e-01 7.828518460987751171e-01
1.268730831462372699e-01 1.032557024842666871e-01 4.035841811337938512e-01 5.292352050502281413e-01 4.635691851603706004e-01 5.622087017650626573e-01 7.215566712945450378e-01 7.022653405609605715e-01 7.935701762094576894e-01 7.009402777224706949e-01 1.000000000000000000e+00 8.468747816814771179e-01 7.881017430506920274e-01 7.748683260417265073e-01 8.613384209522872981e-01 8.477595787884125711e-01 7.913812148660352985e-01 6.840340989155450080e-01 7.521645532390760502e-01 5.971478639465570559e-01 7.375245986519983754e-01 7.743330643726025198e-01 7.752914017949819048e-01 7.108577076027845498e-01 7.742515588841869523e-01 8.118587757300457231e-01 8.263145669024710704e-01 8.154331134011020277e-01 7.820853649745598268e-01 7.983861486061933910e-01 8.504375868347756606e-01 8.612463344730845183e-01 8.075748995924700857e-01 8.568530766066150273e-01 8.295972531530780847e-01 8.046306959460290953e-01 8.161642902252304044e-01 8.644503075884830690e-01 8.609913960108689368e-01 8.217140322672045194e-01 8.770660951834153840e-01 8.727951693265266764e-01 8.399578571659616077e-01 8.819249775795042767e-01 8.595679744809640033e-01 8.690041844377448532e-01 8.733512125398141812e-01 8.835360476636696658e-01 8.819077639088580556e-01 8.459321996271037536e-01 8.633333338767692489e-01 8.457578072699681870e-01 8.490546155991695043e-01 8.834349319311481930e-01 8.809477646084326041e-01 8.837072258385039181e-01 8.609876171635987285e-01 8.744557450604155679e-01 8.745721302869365887e-01 8.832595857589097266e-01 8.678019417882731901e-01 8.742645610153743085e-01 8.670394319978311781e-01 8.726669970383748032e-01 8.881446317872523366e-01 8.812402128238514543e-01 8.825166335261134254e-01 8.812288556754380719e-01 8.814824627571625770e-01 8.552610824304874848e-01 8.811152556127981317e-01 8.894986280490254638e-01 8.714556444844482330e-01 8.772735461182383787e-01 8.862328124438402233e-01 8.858452033698579475e-01 8.816609471102226925e-01 8.766594749051885849e-01 8.798725052807842006e-01 8.797130108219256561e-01 8.809398681974122125e-01 8.810928420913782810e-01 8.910376643080288872e-01 8.879889025118687940e-01 8.815722711592589578e-01 8.778456381544866849e-01 8.635723442590320653e-01 8.846921753874651406e-01 8.827405268452179765e-01 8.848303606226578522e-01 8.766607860802804186e-01 8.793514455379647377e-01 8.808991155982208721e-01 8.828079544395490696e-01 8.764540615137270674e-01 8.817919985622221235e-01 8.537749478626346367e-01 8.632527951934898525e-01 8.732963973617241527e-01 8.768907466501519865e-01 8.706872659703538408e-01 8.748720175577624492e-01 8.734176927518944034e-01 8.802781874597891409e-01 8.767165619113699293e-01 8.738982813166344954e-01 8.830941470517067460e-01 8.813369885432890127e-01 8.842589504958944246e-01 8.832362998678401356e-01 8.801231953702577382e-01 8.797993072669347825e-01 8.757166032662254684e-01 8.730352202787423632e-01 8.884922919865625435e-01 8.808009044545423993e-01
8.315207078447101052e-02 7.168932900744541536e-02 3.853614562889820516e-01 6.256243200463568188e-01 5.035145111020522535e-01 5.906395945100236800e-01 7.510418378440064657e-01 7.272840146063732636e-01 7.892563805343976169e-01 6.970934750005050029e-01 8.468747816814771179e-01 1.000000000000000000e+00 8.240875297421296208e-01 8.016489082091683427e-01 8.844884199090379262e-01 8.755916994579736601e-01 8.015469150261420594e-01 6.710393911775288656e-01 7.195665828178826606e-01 6.948318765627643501e-01 7.940773723502702053e-01 7.844297222756917431e-01 7.388989559059430112e-01 7.052168731492713949e-01 7.634589632475574650e-01 7.944653520127650248e-01 8.204589732637594945e-01 8.302222076326807310e-01 7.782122931535935262e-01 8.191259556413151843e-01 8.728689329100599581e-01 8.572126574210530148e-01 8.243797630410206745e-01 8.698128384382737277e-01 8.427560812874494989e-01 8.575216439700733551e-01 8.632591828539303291e-01 8.901502169809976106e-01 8.887663322377606923e-01 8.735279835542887339e-01 8.997617351660509577e-01 9.060163553213498311e-01 8.936207665710999004e-01 9.250629193929961192e-01 9.006110671313446447e-01 8.970791288130199881e-01 9.023899772795689334e-01 9.103827310264617223e-01 9.200543886501363344e-01 8.990016145637421685e-01 9.057689676925976263e-01 9.138752116548440885e-01 9.048714075316419692e-01 9.019487408270324691e-01 9.005399590180549474e-01 8.889352795326882495e-01 9.049642513706119828e-01 9.123295158660242876e-01 9.075503408868409450e-01 9.188151339300913989e-01 9.076866933843973362e-01 9.100372966416540033e-01 9.107878943454271736e-01 9.117303047908897895e-01 9.106090338138831397e-01 9.110957392964645907e-01 9.065411170937416330e-01 8.972998367573947753e-01 8.927579240811063244e-01 9.157607636133899831e-01 9.151689585233702129e-01 9.108167908767791365e-01 8.878509021465541551e-01 8.960393111707426472e-01 9.032802203953144149e-01 9.083561072617802878e-01 9.060740354690605125e-01 8.921429742117916728e-01 9.037114418043639130e-01 8.954404001795431833e-01 9.014565253934402334e-01 9.064188530812107292e-01 9.099868227998542114e-01 9.050530270005791023e-01 9.135793108317962208e-01 9.081636752236058596e-01 9.018751443110193389e-01 9.166837555589540942e-01 9.125482428370980115e-01 9.081608313568036994e-01 9.108024688172009498e-01 9.119813374873517731e-01 9.171807506391602693e-01 9.142233171003687486e-01 9.079215136220515348e-01 9.115234480022307295e-01 9.152216413281305529e-01 9.083923814136898311e-01 9.134094556305327739e-01 9.159637959649682415e-01 9.161079180612904382e-01 9.156898656254586211e-01 9.171639183578330634e-01 9.231673215651059472e-01 9.140554113502513678e-01 9.125603149614807119e-01 9.185582710105641979e-01 9.081819263070199932e-01 9.091718809448277039e-01 9.195586618414405278e-01 9.136022456486446730e-01 9.121872310768371905e-01 9.126484377078322163e-01 9.096050215403845840e-01 9.132266147278390589e-01 9.118708767506733537e-01
7.624900007192600415e-02 9.281029304353390075e-02 3.531086749634558264e-01 5.252735182899175292e-01 4.925503792431787375e-01 5.610437762787362503e-01 7.145567838893992496e-01 7.070801432381318419e-01 7.531348076679844628e-01 6.724895145054026191e-01 7.881017430506920274e-01 8.240875297421296208e-01 1.000000000000000000e+00 7.531471190353642431e-01 8.394911166839981176e-01 8.337056143954837406e-01 7.478359824616974683e-01 6.578309577930966379e-01 7.171331201451489612e-01 6.276082475676947325e-01 7.316961188961420559e-01 7.535393090086711654e-01 7.448624183533044674e-01 7.060216393890418329e-01 7.670063765182789650e-01 7.780511689661968600e-01 7.891878504119740345e-01 7.953104037773520707e-01 7.653395078711365818e-01 7.703311123903300306e-01 8.425235100346953887e-01 8.232798483450559646e-01 7.720136791608712690e-01 8.339879913855586802e-01 7.967954030965246348e-01 8.207158584939318047e-01 8.298889501175599204e-01 8.323517782540386101e-01 8.437665889657576246e-01 8.150904570044661401e-01 8.531392187665483018e-01 8.576872704114715251e-01 8.405771409668862937e-01 8.677474182926726565e-01 8.574420107364862931e-01 8.469249800183037413e-01 8.526562600225310318e-01 8.606990619283069188e-01 8.569262641136459191e-01 8.335805903409609918e-01 8.443570008569222241e-01 8.454445507629895218e-01 8.434225994475621491e-01 8.467735434747746259e-01 8.433285011113403895e-01 8.496208907828448620e-01 8.287971344891251757e-01 8.587262555373701423e-01 8.425183352052239005e-01 8.653240041692001894e-01 8.542617271932880785e-01 8.442896841726743595e-01 8.369120975166038923e-01 8.474516967924603517e-01 8.588335577555020750e-01 8.528910352662503191e-01 8.608275387837650561e-01 8.587689222795279465e-01 8.555723748700446718e-01 8.522498785461326554e-01 8.687129060138815140e-01 8.699044145171123121e-01 8.550128243110525217e-01 8.644637318006417326e-01 8.643747394676477569e-01 8.670754082358473891e-01 8.686041505581203470e-01 8.567385861232819089e-01 8.699914789530847070e-01 8.644795775463390841e-01 8.703893318960512770e-01 8.677804493822982579e-01 8.681130114569790557e-01 8.626544358938056378e-01 8.664306143975871732e-01 8.662727082900197884e-01 8.634377042687045867e-01 8.694364700909845700e-01 8.673459920177249982e-01 8.656206053554653668e-01 8.651605873410392888e-01 8.684486756979339361e-01 8.708359946205376234e-01 8.692967155239202937e-01 8.611410427828134484e-01 8.633383289837713859e-01 8.548492118461694655e-01 8.513647841392247839e-01 8.654439963933528990e-01 8.662997447618024927e-01 8.664899525087388366e-01 8.604500075739115461e-01 8.654683960295689316e-01 8.723872247895456677e-01 8.682557792231856419e-01 8.540663138322257542e-01 8.665584719626168164e-01 8.620422000712091304e-01 8.608139915992937263e-01 8.666884016670676205e-01 8.603784148372041196e-01 8.657293594872325082e-01 8.599544466817871102e-01 8.599414847166948483e-01 8.635806904994023370e-01 8.648157953405730680e-01
