1.000000000000000000e+00 1.767961925905497389e-01 1.768157024958243728e-01 1.641213855981670244e-01 8.355983717862670856e-02 2.833365132283791749e-02 1.227443307903153258e-01 1.126679537289805993e-01 2.498552076696771429e-01 6.404066086053809836e-02 1.171085522228696857e-01 8.515512112678286227e-02 7.151352877007717546e-02 1.352581144219242026e-02 5.154060618775777036e-02 1.102911249848039510e-01 1.460422956766822267e-01 1.206083904416557773e-01 1.006413736862355884e-01 9.714845229656740577e-02 9.058687804476095451e-02 1.408232828955908456e-01 2.201489358382541506e-01 1.615329683818116091e-01 1.407802770687392735e-01 1.606974021377499395e-01 1.543048499636458792e-01 1.220012393435878223e-01 2.135209514132745678e-01 1.944466400485189428e-01 1.303520486946418144e-01 6.340435792970518236e-02 1.050213510870051797e-01 7.800790059670237309e-02 1.481990994472613121e-01 7.597328098348317404e-02 7.125686210690344857e-02 3.734574297281399030e-02 4.444592625642403844e-02 3.411648286941919295e-02 5.258410572403591360e-02 3.530747827899590602e-02 4.321592618859292079e-02 8.085849962105540190e-02 7.930660387212937201e-02 5.833990049842184555e-02 2.690283168724524540e-02 4.201466454357677405e-02 1.597936705227291990e-02 3.292083482583397364e-02 3.725686731817583891e-02 9.944775088922698514e-02 8.334624679513527590e-02 6.424966074106946978e-02 7.745848973195984533e-02 6.250138607212016306e-02 1.070626063866361444e-01 5.008168764119324406e-02 4.223214510148236289e-02 7.482222999323299983e-02 3.568349293266911276e-02 7.257503774083447212e-02 5.897711293308163100e-02 7.051581716419644263e-02 8.488741137476851772e-02 1.007284726627476201e-01 3.834415901347900529e-02 5.817235121875176385e-02 6.541837551196683087e-02 3.874759769743214843e-02 4.516049540750851493e-02 6.309845664597314718e-02 6.259650310606285073e-02 6.092199633551533683e-02 6.797923999340003964e-02 5.188527167492828357e-02 5.633337063178473630e-02 9.470489208920958302e-02 6.685971623047069767e-02 6.874232458344008145e-02 6.093884380835854625e-02 5.655916956429785092e-02 7.245936910992538393e-02 6.693666952279306304e-02 2.697321829145315000e-02 3.594834840754496108e-02 3.214447635211205301e-02 1.886071761491729670e-02 2.177761449228161894e-02 5.485448555369686757e-02 2.606119146100770168e-02 2.432282633142334588e-02 3.347357695473109074e-02 2.140722364052687066e-02 7.094894945163578506e-03 2.402965506415239913e-02 4.269802082629904627e-02 7.409559620357096532e-02 1.645892095610209521e-02 2.173575134244942059e-02 1.394957774443567403e-02 3.302097993418819794e-02 3.692718929314501436e-02 2.540917845144803275e-02 5.455218252298749820e-02 6.514203937567829283e-02 3.144328223450894300e-02 3.007106316710487712e-02 3.723211237954587860e-02 2.198446268358341879e-02 3.205918464168079629e-02 3.373677275914844370e-02 3.829639493660072502e-02 3.814079357571625861e-02 5.513518120190421395e-02 5.818856833424121411e-02
1.767961925905497389e-01 1.000000000000000000e+00 1.258276511642441586e-01 1.354027671799194754e-01 8.161299350638114014e-02 1.035706019852678100e-01 1.432572700635620366e-01 1.476121821470791629e-01 1.865535902773678423e-01 1.966496059533096585e-01 2.077278261058586872e-01 1.764815360275363287e-01 1.040712849298796316e-01 1.300708108655105610e-01 1.650656670022571104e-01 1.715035239102110087e-01 1.675735175877126060e-01 1.804864486013362246e-01 1.679262864604220695e-01 1.076081219263964744e-01 7.789217321520251758e-02 1.648647948342424896e-01 2.470993890983068653e-01 1.934114611414552154e-01 2.223881987671753324e-01 2.765287408159482485e-01 2.474221560678228349e-01 2.531175740554152953e-01 2.928312276997702135e-01 2.843007899394822680e-01 2.585246695673830142e-01 1.905302298370953884e-01 2.197766067373436716e-01 2.010784337240827391e-01 2.285805407386523047e-01 1.729194887054613661e-01 1.932241080187370452e-01 2.056707906467626079e-01 1.913605207399420305e-01 1.840136901292554750e-01 1.933074627559045466e-01 1.714244137483580677e-01 1.694526693815151253e-01 1.826876133587456430e-01 1.831857185290284573e-01 1.945432222109977904e-01 1.462211303091203729e-01 1.568319243340915159e-01 1.401601054694540383e-01 1.514774761803134029e-01 1.664553196460160089e-01 1.142159491113056424e-01 1.357235446077449392e-01 1.677838912285982143e-01 1.875346550415585567e-01 2.106098816893773318e-01 1.458008829148713659e-01 1.623881600410716219e-01 1.560601340460982256e-01 1.453299315347285625e-01 1.451316603241649406e-01 1.577963132361308307e-01 1.569627373733809284e-01 1.489998162045568231e-01 1.437558546951206440e-01 1.561541812046284006e-01 1.512566222981738817e-01 1.727057003598694296e-01 1.834988962852864280e-01 1.238045248852158164e-01 1.291832835182022132e-01 1.678231594529307480e-01 1.718380856320644856e-01 1.710625961788822536e-01 1.950218454014382985e-01 1.857961481579677721e-01 1.904916461397399563e-01 2.108850137627716614e-01 2.025798920726988028e-01 2.006570882485188001e-01 1.743315909966094701e-01 1.904783195948951124e-01 1.738394035314977659e-01 1.935060251601491699e-01 1.552941614580393426e-01 1.597012722771642967e-01 1.631579299018947604e-01 1.558333466222521224e-01 1.558892775530009156e-01 1.815766726485703031e-01 1.699157511877210369e-01 1.608037908625203072e-01 1.608691805932144503e-01 1.614104712230395589e-01 1.386246371119816689e-01 1.473173864736450067e-01 1.290258853287842566e-01 1.188993145338797519e-01 1.345071426577713336e-01 1.478342003711388686e-01 1.386277182445722900e-01 1.331369082116347635e-01 1.375531117210261611e-01 1.398557110730188624e-01 1.458865762213998885e-01 1.290933390957196558e-01 1.360211358964076578e-01 1.592033960460413622e-01 1.642178387153830910e-01 1.477455586013358135e-01 1.495317409443326917e-01 1.388228038255626684e-01 1.387199592969725337e-01 1.371096532178870675e-01 1.410165297773181559e-01 1.368605820322056077e-01
1.768157024958243728e-01 1.258276511642441586e-01 1.000000000000000000e+00 3.866677819814096084e-01 1.651834184108402770e-01 2.132887575074251529e-01 3.112341280481367156e-01 2.584601395935023360e-01 3.606559025781138073e-01 2.868461213464803539e-01 3.858335307101902756e-01 3.908346895281230582e-01 2.874379451661198681e-01 3.011236384906253449e-01 3.415113190967151158e-01 3.557235925118356068e-01 3.193882412620005495e-01 3.290168933682730557e-01 3.712641808179226732e-01 2.532748983655933595e-01 2.729531596590674680e-01 3.826573456652815897e-01 4.161651356574646576e-01 3.776915402566291546e-01 4.135684156013639812e-01 4.102504177882757008e-01 4.348550109980970912e-01 4.248779432771522813e-01 4.555046120117096087e-01 4.488377165901072385e-01 4.481450096500843583e-01 3.633450192810048773e-01 3.971242342837298933e-01 3.845395452377735057e-01 4.052490821827660072e-01 3.671831942415838546e-01 3.910724139352989015e-01 3.782372655910337667e-01 3.787141271255384245e-01 3.734314208893877440e-01 3.624644952468588643e-01 3.674214544294758800e-01 3.611483374211701958e-01 3.777569497147824640e-01 3.947292673509966154e-01 3.862857384719875498e-01 3.394241732427888403e-01 3.446240206499078806e-01 3.336198729707042232e-01 3.734798225510391201e-01 3.559229989746122702e-01 3.500828036751585937e-01 3.530268459411933790e-01 3.418368600331193607e-01 3.644322637457434455e-01 3.867828432331656408e-01 3.350247312451191672e-01 3.500290327289108383e-01 3.388659751348097049e-01 3.344936745986432092e-01 3.359562650798078032e-01 3.360180989907667892e-01 3.377559432849089327e-01 3.410611097728245000e-01 3.323384634304404339e-01 3.408606814245869199e-01 3.397870831693768356e-01 3.649564190495885874e-01 3.794423894101816019e-01 3.305484180606944045e-01 3.611238071283455198e-01 3.758589320059687600e-01 3.674441257720741927e-01 3.954529890117943758e-01 3.759143027961744377e-01 3.711477008543833112e-01 3.844710093066972534e-01 4.118998415790655621e-01 3.992736204667573507e-01 3.925758136154982592e-01 3.842709442197800307e-01 3.920621921647891583e-01 3.702272616986415632e-01 3.810940748502075204e-01 3.628697636479438215e-01 3.671675824868920190e-01 3.760047839308194861e-01 3.524202109806223171e-01 3.572542358424731224e-01 3.636038936205532313e-01 3.722839133489264096e-01 3.530935998310940072e-01 3.664042629956635322e-01 3.601732229764673110e-01 3.326932545220362414e-01 3.366961145419650747e-01 3.506325682564159774e-01 3.346828382862768736e-01 3.319694364020088218e-01 3.467581550489058362e-01 3.422503999014968601e-01 3.351968076397637830e-01 3.455319609714296303e-01 3.424083994423637312e-01 3.513659348466933174e-01 3.304469652168041116e-01 3.323906951281232480e-01 3.432362998858302650e-01 3.469891122409854978e-01 3.355322054104587504e-01 3.409067166094412182e-01 3.310055062938914716e-01 3.312021328269663112e-01 3.330558065859651751e-01 3.375908136594419906e-01 3.342147992085418018e-01
1.641213855981670244e-01 1.354027671799194754e-01 3.866677819814096084e-01 1.000000000000000000e+00 3.040256160022027365e-01 3.351537316214406315e-01 5.357394404661095511e-01 5.321973100117641797e-01 5.230568842812564068e-01 4.349299608422663721e-01 5.651592799185755078e-01 6.389494642076579689e-01 4.703856894718818626e-01 4.843014499220011371e-01 5.573786743938327071e-01 5.847863281211980180e-01 4.865921778514243345e-01 5.248171506796566188e-01 5.450233980293489600e-01 4.357443729961589796e-01 5.697527750071869068e-01 6.098700865938414539e-01 5.568059609734677950e-01 5.702493954232211726e-01 5.833008972034112727e-01 5.380435472186761992e-01 5.688891953263339740e-01 5.519525583179982764e-01 5.795226317912254288e-01 5.829777492869754330e-01 5.956382389838252855e-01 5.509583451442324753e-01 5.599119911122175663e-01 5.547091737208397211e-01 5.751163846787243905e-01 5.593558285225734839e-01 5.515802862339385104e-01 5.599089364830456272e-01 5.602721940815504897e-01 5.393056773756045308e-01 5.434745471859523391e-01 5.468536381147287573e-01 5.435261365977571701e-01 5.792234743366106997e-01 5.772446490824443277e-01 5.647781770120757772e-01 5.353370123384989521e-01 5.361145572506342827e-01 5.298291952539142535e-01 5.616322653931367093e-01 5.554062594265714026e-01 5.444991734033536313e-01 5.492511008954418239e-01 5.294806947771493189e-01 5.393681327330717146e-01 5.553346438688895326e-01 5.385290141192096147e-01 5.437785232418491654e-01 5.243246329005376571e-01 5.373748802286968385e-01 5.420897573294067850e-01 5.334381747641626648e-01 5.399939972067890892e-01 5.469184359998507938e-01 5.300274993613529606e-01 5.482712270405840638e-01 5.310083058856198690e-01 5.577553632872351841e-01 5.566446993523496145e-01 5.404709266730746142e-01 5.965953341560533696e-01 5.682426818951222813e-01 5.580155392859129648e-01 5.817551601211273793e-01 5.518002248827104106e-01 5.536740089576168700e-01 5.573521134578737213e-01 5.761590338445837789e-01 5.717476480093867108e-01 5.619701290613161593e-01 5.599229641211347364e-01 5.697336788542886055e-01 5.569827912177509610e-01 5.568114671140427241e-01 5.571144780496120053e-01 5.499376309206830404e-01 5.486905892037439170e-01 5.485249936686061867e-01 5.471183328736797247e-01 5.461240204736296233e-01 5.570123386378845742e-01 5.454804258645323811e-01 5.530770528204660419e-01 5.478798060850645912e-01 5.259294880036499142e-01 5.327023893870547200e-01 5.591955575803784217e-01 5.565896318523233521e-01 5.380455347665077381e-01 5.493608768796969244e-01 5.400035614903169190e-01 5.431700685948844809e-01 5.454204015066875799e-01 5.451609167070778916e-01 5.524109524383992165e-01 5.400213350077157637e-01 5.352612695965893730e-01 5.300346846954678837e-01 5.311805479606760416e-01 5.347075779817572760e-01 5.374833346712257764e-01 5.317143070151633122e-01 5.338298344193592726e-01 5.380029198553255565e-01 5.342949745867801026e-01 5.383959025187551317e-01
8.355983717862670856e-02 8.161299350638114014e-02 1.651834184108402770e-01 3.040256160022027365e-01 1.000000000000000000e+00 3.118864827154991803e-01 4.714287246854748648e-01 4.785197259365250866e-01 4.348020811064080560e-01 3.644125725092447476e-01 4.110001105837565727e-01 4.435790132502405725e-01 4.658843262554393516e-01 4.211424402231682684e-01 4.863187176841975434e-01 4.992785335114920953e-01 4.176991443306768415e-01 4.144671622945887979e-01 4.194247741523804418e-01 3.550266929417510431e-01 4.291153895249693595e-01 4.450736543658839750e-01 4.101773085524709206e-01 4.184117764568362485e-01 4.208625542352364968e-01 4.144448102068707396e-01 4.108343000832889724e-01 4.018365815862651180e-01 3.623443133582763820e-01 3.855185229689127580e-01 4.106932096646650487e-01 4.599650613200240712e-01 4.045859410921561761e-01 4.344578305991350642e-01 4.295619563484162629e-01 4.491704142233465258e-01 4.259306462332407839e-01 4.418872273195664224e-01 4.511649375198124035e-01 4.313267678815231876e-01 4.620065214158303735e-01 4.639514419750870311e-01 4.812607628514353753e-01 4.852724970738820920e-01 4.677252906927360510e-01 4.567400011290482786e-01 4.690888343529217575e-01 4.692641555036396461e-01 4.710085340570527856e-01 4.399413864077068581e-01 4.633004617795980495e-01 4.723569870466210463e-01 4.848312962397308690e-01 4.655453782283880959e-01 4.579674125468103374e-01 4.557698697411727840e-01 4.673874760945738727e-01 4.738273661463172637e-01 4.523159168021871901e-01 4.865093477511838183e-01 4.824556709821719580e-01 4.728487112678474991e-01 4.607795808461273568e-01 4.752309448610645415e-01 4.766285337984262904e-01 4.840158919828422279e-01 4.733940684911290830e-01 4.718797798709628011e-01 4.662711209685114766e-01 4.573336558116586903e-01 4.794584231114787931e-01 4.738645335867174291e-01 4.657434162897176599e-01 4.661475978316164115e-01 4.649608626060076633e-01 4.618467009412677848e-01 4.533874149529080744e-01 4.427976930993516858e-01 4.598916703633694203e-01 4.496428039739197025e-01 4.548974549161490244e-01 4.595928279337329614e-01 4.690372999166775303e-01 4.538321763149779642e-01 4.631762314719201634e-01 4.656765962062817676e-01 4.617910911168568999e-01 4.681653992836870559e-01 4.662548888483112330e-01 4.726505794209661659e-01 4.614005241643187039e-01 4.742540551689032324e-01 4.667903921097373288e-01 4.678442412832080066e-01 4.727392589200811179e-01 4.747227361469729123e-01 4.778891021137641748e-01 4.771356930127308438e-01 4.739003285901768892e-01 4.763096197642875396e-01 4.788818033815094855e-01 4.713479846798213080e-01 4.755232223625654453e-01 4.821726799862910973e-01 4.812700349322378557e-01 4.703530928739311223e-01 4.700950682819956539e-01 4.714952353702299148e-01 4.704952933537798199e-01 4.739486563576640887e-01 4.746193478674864963e-01 4.794241709195247170e-01 4.752144025248297710e-01 4.769266379219037622e-01 4.774782063489626527e-01 4.770685376958129220e-01
2.833365132283791749e-02 1.035706019852678100e-01 2.132887575074251529e-01 3.351537316214406315e-01 3.118864827154991803e-01 1.000000000000000000e+00 5.072964804151084417e-01 4.688006109697258617e-01 5.047548478921546344e-01 4.773629647415799648e-01 5.153605634716215134e-01 5.573783930821887278e-01 5.044012119038616682e-01 5.329533586353323305e-01 5.911957532092549927e-01 5.742992153859411975e-01 5.059224286578183349e-01 5.005641200453984085e-01 5.228684686498530354e-01 4.328394748524340141e-01 4.814079492714729014e-01 5.335683687408506737e-01 4.966870140107259024e-01 4.930707973653253307e-01 5.236996810189357143e-01 5.379555644708239326e-01 5.364863194388845846e-01 5.388914029658411486e-01 4.850732361389326619e-01 5.083094528586640237e-01 5.434282592773250764e-01 5.795388447267739718e-01 5.303464472886716408e-01 5.554735335949068098e-01 5.456927264562655422e-01 5.571456385027667713e-01 5.687235296540487095e-01 5.790160716537249286e-01 5.884862445952480092e-01 5.670753352947323078e-01 6.013508116738259801e-01 5.945991625702524708e-01 5.872165713465170578e-01 6.048012790214951639e-01 5.909520532954229965e-01 5.912403358922868613e-01 5.961298993416001002e-01 5.979135926600160911e-01 5.888036287150760772e-01 5.708710423537506351e-01 5.916679590975706393e-01 5.591955228880333140e-01 5.849988345097351106e-01 5.943088681624676406e-01 5.892825023761895098e-01 5.962746061508729101e-01 5.767050518882003152e-01 5.991910208504374058e-01 5.810912196076076786e-01 5.910686278607281130e-01 6.010308987883986598e-01 5.885378290554414971e-01 5.871046820515316567e-01 5.913356255237121051e-01 5.833881143495207589e-01 5.858332240569916749e-01 6.000842029697962543e-01 5.935233976707617876e-01 5.966970427009911093e-01 5.801970775070935948e-01 5.967127062243186009e-01 5.955799599348267082e-01 5.863396391662116791e-01 5.917320497520252021e-01 5.994211457371986240e-01 6.024230150053608845e-01 5.953445502520473553e-01 5.817327771011452375e-01 5.932869824408666393e-01 5.895847212518579017e-01 5.888476416898308363e-01 5.946090253422339211e-01 5.953633396481747830e-01 5.917287558633461675e-01 5.996442996709860918e-01 5.967003700724394788e-01 5.972416014662398354e-01 5.998151804199011172e-01 6.011370456723951206e-01 6.009469384082909427e-01 5.975193130114304640e-01 6.065166994460385874e-01 6.007287090287980469e-01 6.034945771571732509e-01 6.003041711078435094e-01 6.021696710176943634e-01 5.917527264156084987e-01 5.868397841602290832e-01 5.979556204156508681e-01 6.028544445305215049e-01 6.007899570627115438e-01 5.977912905221387518e-01 5.985244633369966039e-01 6.045192152996782253e-01 6.016181885298015342e-01 5.896209177216993336e-01 5.972716019494715978e-01 6.034598737222295339e-01 6.024257222181172988e-01 6.024312508868375771e-01 6.015857723080927366e-01 5.985051760129244114e-01 5.984547035409538696e-01 5.970845334928656101e-01 5.961391949536199997e-01 5.924926419279942236e-01
1.227443307903153258e-01 1.432572700635620366e-01 3.112341280481367156e-01 5.357394404661095511e-01 4.714287246854748648e-01 5.072964804151084417e-01 1.000000000000000000e+00 7.362040532373945734e-01 6.892211889358496046e-01 6.036217714028662140e-01 6.966349301040594133e-01 7.608906440442928520e-01 6.905210513516155668e-01 6.845262698676465307e-01 8.274683986658192270e-01 8.003224625723985852e-01 6.679148595247003106e-01 6.604216728868556041e-01 6.994752080794440774e-01 5.735855383947736641e-01 6.791868314884641489e-01 7.407573835724294842e-01 6.808256836329790174e-01 6.993492935654657128e-01 7.154684879532904329e-01 6.923432244377633049e-01 6.962837473717361503e-01 7.167798676397645341e-01 6.465780124389984840e-01 6.741078539742131337e-01 6.943264339379221495e-01 7.671048397611577307e-01 7.364777671422436667e-01 7.408465838263513792e-01 7.366218341613195442e-01 7.372224012857134801e-01 7.500007722204462546e-01 7.708151040303347079e-01 7.768763222694494708e-01 7.712937716743077932e-01 7.699393542739022545e-01 7.832930540849428747e-01 7.799544677427374673e-01 8.019949675876557604e-01 7.791244996061056360e-01 7.793367619074871300e-01 7.722742180007313717e-01 7.706386135217624389e-01 7.634299061776064210e-01 7.503627481571145674e-01 7.765249921232624253e-01 7.551245079031454477e-01 7.786086760969919141e-01 7.666474070649476058e-01 7.656962703525124203e-01 7.692157192080061323e-01 7.558934027769477204e-01 7.767837112049726933e-01 7.577835377920338900e-01 7.683833188597962716e-01 7.710247270165448974e-01 7.673618991428100555e-01 7.583328954903461039e-01 7.596860274745376174e-01 7.522389593011032938e-01 7.665218461739772282e-01 7.658978714003508159e-01 7.736813412754869335e-01 7.750622879125169673e-01 7.609034769168979695e-01 7.938238522274851938e-01 7.783423387038715946e-01 7.717576351995871775e-01 7.776631561032425477e-01 7.649556606997369723e-01 7.625619377917127739e-01 7.732094761962673424e-01 7.538533916774886601e-01 7.698500042131036780e-01 7.509281811391709249e-01 7.647875585486829664e-01 7.522019084942872524e-01 7.781520519892127785e-01 7.650010777405744644e-01 7.781911246572605911e-01 7.750871152366588523e-01 7.726554232863940275e-01 7.802377850306733142e-01 7.793758290035547320e-01 7.773573291499450422e-01 7.876420896103129010e-01 7.813729195144889506e-01 7.822300451768809948e-01 7.810198947764770416e-01 7.651299108699614049e-01 7.693690881173493867e-01 7.845572015158457368e-01 7.660000481182915877e-01 7.657633175960403271e-01 7.780571509703051447e-01 7.797163474096615587e-01 7.670556210059965574e-01 7.752983202388993300e-01 7.780854743851712829e-01 7.767442722349550133e-01 7.709952882999492330e-01 7.697949210626896521e-01 7.669313469231068270e-01 7.707326605765856264e-01 7.682138873310231375e-01 7.754634783892140337e-01 7.672836710950328154e-01 7.720299497194709204e-01 7.682655820755439624e-01 7.631155964715158335e-01 7.681534607697754202e-01
1.126679537289805993e-01 1.476121821470791629e-01 2.584601395935023360e-01 5.321973100117641797e-01 4.785197259365250866e-01 4.688006109697258617e-01 7.362040532373945734e-01 1.000000000000000000e+00 6.564437845319648357e-01 5.677563643701808438e-01 6.563939777848729618e-01 7.247718320810384585e-01 6.786315476427433602e-01 6.536142850938113646e-01 7.690352357048078069e-01 8.018004296209425563e-01 6.397162335786422682e-01 6.383400448454653597e-01 6.513978828168652813e-01 5.790436114452397476e-01 6.841864312160939043e-01 7.031328382030330726e-01 6.481106298236111174e-01 6.653785522649406925e-01 6.521602110232069816e-01 6.387096709233469616e-01 6.379076148273746805e-01 6.432342881319369488e-01 6.026159369758603557e-01 6.184969415967046524e-01 6.405378374072011605e-01 7.318326512895684255e-01 6.786614779909762030e-01 7.102185617812926122e-01 6.989551162042351162e-01 7.067240497832237844e-01 6.850158973904253434e-01 7.377096787865466965e-01 7.274560341524879403e-01 7.119153659870763873e-01 7.205966915130102013e-01 7.411525770976257199e-01 7.451366128476845097e-01 7.622705117712981204e-01 7.284507220401048588e-01 7.230044270041262600e-01 7.332395218847336249e-01 7.289809403249818409e-01 7.320239525749889786e-01 7.334427426682919027e-01 7.519657297834656529e-01 7.140503615413013039e-01 7.461822274327011284e-01 7.282281936776239251e-01 7.406205785033610489e-01 7.274570880186661537e-01 7.486066646573509287e-01 7.410614948482066033e-01 7.381108650999530507e-01 7.357134985595272791e-01 7.502738213434466674e-01 7.483121543737155656e-01 7.471942710024360723e-01 7.404934787823949094e-01 7.158144513282015398e-01 7.433351014234036436e-01 7.293354917588882325e-01 7.305484978537748475e-01 7.357149416017573218e-01 7.364247335536319161e-01 7.569909828203652546e-01 7.329355672150787981e-01 7.344677749397113820e-01 7.279604930840247734e-01 7.189045223834164000e-01 7.131858532068342527e-01 7.149203438224316365e-01 7.043362208216387144e-01 7.214644464758811493e-01 7.015669639030915894e-01 7.124347394585485160e-01 7.074599939268131354e-01 7.388796116702434080e-01 7.193029965947670412e-01 7.428823044844370393e-01 7.340920242870162538e-01 7.231076238776719123e-01 7.442845519925974651e-01 7.301153185651551025e-01 7.362367450854667705e-01 7.311355098166381072e-01 7.366334870965032255e-01 7.316514804544345107e-01 7.330940146791582457e-01 7.274340602499296260e-01 7.307217138315963423e-01 7.536294471648611326e-01 7.494319606963874003e-01 7.408687912417637467e-01 7.472804573691574914e-01 7.455646733606932086e-01 7.459970206457031683e-01 7.344929737949160709e-01 7.443955799324505351e-01 7.412672940119541254e-01 7.478661874728292913e-01 7.371988194856475829e-01 7.243759729525487412e-01 7.296985202951693505e-01 7.331078561321962006e-01 7.449092383157775998e-01 7.315916168592464519e-01 7.441573892522869160e-01 7.390864041933632445e-01 7.273774809748297931e-01 7.366423412763904999e-01
2.498552076696771429e-01 1.865535902773678423e-01 3.606559025781138073e-01 5.230568842812564068e-01 4.348020811064080560e-01 5.047548478921546344e-01 6.892211889358496046e-01 6.564437845319648357e-01 1.000000000000000000e+00 6.945370849271290670e-01 7.733977683960449045e-01 7.915699080161718859e-01 7.211236184387479486e-01 7.390582973913213394e-01 8.111276689301734066e-01 8.082250006551218169e-01 7.773721605230730081e-01 7.078576033175130178e-01 7.366591334379047895e-01 6.134339134930212323e-01 6.680789947114907923e-01 7.595013762048986594e-01 7.772062617558418429e-01 7.217142994051526372e-01 7.367263161623528456e-01 7.877485613524697339e-01 7.854658281013886523e-01 7.745999603363847852e-01 7.436113893801683528e-01 7.795896335272436417e-01 7.928026856422268898e-01 8.171960848388881704e-01 7.589997447672091058e-01 7.847868368597746835e-01 8.215341482474035617e-01 7.688318650373004992e-01 8.003399469652398013e-01 7.975295900370683588e-01 8.130553024885901481e-01 7.487630040245781826e-01 8.245132429800849927e-01 8.098152434709838809e-01 8.022298353220992384e-01 8.370749879791259396e-01 8.292308836527632065e-01 8.172685137265257582e-01 8.323720255803090939e-01 8.424632146339662286e-01 8.264954679062413989e-01 7.811237130423104302e-01 8.225190470899532702e-01 7.928810647533800493e-01 8.358271675314392635e-01 8.484550399205602611e-01 8.432898510634867506e-01 8.302327085570284648e-01 8.479579878365852696e-01 8.412460663860947818e-01 8.309434368546554373e-01 8.492583347576981856e-01 8.387360739386469088e-01 8.455680612719085332e-01 8.376734900507981640e-01 8.476934319140746465e-01 8.460064946937633223e-01 8.578511143670769501e-01 8.409550747883508537e-01 8.378855293978583196e-01 8.418708649125137278e-01 8.018313562668917260e-01 8.236712238969609023e-01 8.387746197827117278e-01 8.309216967270969256e-01 8.264874652277942602e-01 8.439261021993629264e-01 8.348260337186454993e-01 8.278881490271801091e-01 8.350935293336119170e-01 8.340617126692912997e-01 8.369508486945337333e-01 8.330425054851010591e-01 8.369801489175811016e-01 8.477636873213035829e-01 8.388807845196407653e-01 8.221452236323196772e-01 8.300626947082530016e-01 8.280564440614628374e-01 8.268665546436212432e-01 8.279110956482703676e-01 8.390348821282390679e-01 8.133475312554832026e-01 8.300357918840345350e-01 8.324736492258434373e-01 8.277950272344535287e-01 8.285761742206976255e-01 8.374210083324746812e-01 8.201649703816040748e-01 8.380998763498643811e-01 8.292555898528737313e-01 8.284978710945253289e-01 8.206499506796027799e-01 8.343920065003763709e-01 8.360254050209785515e-01 8.350492808579710324e-01 8.416224807743535319e-01 8.421537510575004548e-01 8.370260992295861513e-01 8.374763356909934453e-01 8.397800686239406120e-01 8.327337796588176744e-01 8.358575328769147772e-01 8.397164743074834181e-01 8.404947281371879519e-01 8.400335844473735269e-01 8.451953391952981010e-01 8.474021156767882479e-01
6.404066086053809836e-02 1.966496059533096585e-01 2.868461213464803539e-01 4.349299608422663721e-01 3.644125725092447476e-01 4.773629647415799648e-01 6.036217714028662140e-01 5.677563643701808438e-01 6.945370849271290670e-01 1.000000000000000000e+00 7.007618204779042514e-01 7.228613453953638412e-01 6.331996585809621658e-01 6.659609046143335487e-01 7.540428670421940316e-01 7.178962400686630385e-01 6.645314507762414280e-01 6.322474706635984321e-01 6.734492760881152229e-01 5.357379902924729320e-01 5.303917838938027041e-01 6.644103857064193042e-01 7.002806431837582668e-01 6.516521922196316652e-01 6.827004079408772741e-01 7.530015065961654930e-01 7.305528882304693772e-01 7.400535901494901259e-01 6.942440584356595057e-01 7.306795873499931648e-01 7.488129674652270751e-01 7.649806313942524305e-01 7.086188461855803533e-01 7.419235267067899597e-01 7.512940856239268550e-01 7.063863536617640548e-01 7.566120190418601510e-01 7.597631949197649615e-01 7.722156627621478142e-01 7.293535416325199749e-01 7.791002875353404411e-01 7.655445721842849549e-01 7.486956409255495215e-01 7.698381141992084453e-01 7.716264366393112972e-01 7.793279656274400002e-01 7.740311940339826835e-01 7.866342421794864093e-01 7.700609236033075788e-01 7.210692214381934084e-01 7.678396663945906697e-01 6.927335357442395702e-01 7.425625600946180738e-01 7.839620503639934679e-01 7.804773538070076677e-01 7.898807789220758657e-01 7.381620342292902759e-01 7.733668048815576235e-01 7.697897478717365960e-01 7.666594742608773272e-01 7.709417207446617182e-01 7.679487573077055096e-01 7.602040173767153908e-01 7.654856955705057198e-01 7.573325177726756285e-01 7.615653361840541979e-01 7.778329464818549699e-01 7.774314328777999217e-01 7.900083380403638555e-01 7.347961350112250933e-01 7.467203001872426693e-01 7.819377751131375565e-01 7.758245171702420340e-01 7.728182808192445297e-01 7.927582916166574512e-01 7.848554756962587975e-01 7.820544672311796619e-01 7.809307287446762835e-01 7.854042035110846420e-01 7.907930428560552283e-01 7.814727752677467221e-01 7.872293007457024094e-01 7.823138840948099526e-01 7.855173717816238410e-01 7.706650882843589789e-01 7.814660787513720841e-01 7.818253057636340708e-01 7.771642723985741075e-01 7.790832540955006102e-01 7.846893368642769984e-01 7.702207790836249623e-01 7.807687870602701974e-01 7.822100907275764126e-01 7.829241005876114157e-01 7.771686075565701346e-01 7.802320900022835515e-01 7.476893819243954908e-01 7.395675459935703300e-01 7.683557142470311963e-01 7.702989358952514465e-01 7.654948874356422017e-01 7.622285369469814498e-01 7.711516224931067587e-01 7.718657189516278105e-01 7.727781094957983932e-01 7.559221781787415217e-01 7.728376985453166981e-01 7.850595405088059975e-01 7.864202726719485836e-01 7.743750964654154689e-01 7.758782210295122050e-01 7.733979188983985953e-01 7.708663392199690545e-01 7.701028350744582029e-01 7.722464277830439761e-01 7.691718961076283723e-01
1.171085522228696857e-01 2.077278261058586872e-01 3.858335307101902756e-01 5.651592799185755078e-01 4.110001105837565727e-01 5.153605634716215134e-01 6.966349301040594133e-01 6.563939777848729618e-01 7.733977683960449045e-01 7.007618204779042514e-01 1.000000000000000000e+00 8.435093958366544076e-01 7.076953585933669633e-01 7.422041765141460523e-01 8.288163223749103192e-01 8.134307551689704541e-01 7.337727402654934394e-01 7.247837767342666382e-01 7.710182706181326617e-01 5.834106661060762811e-01 6.427034472832771073e-01 7.859327851341982862e-01 8.015669653923230831e-01 7.591602774990204860e-01 8.007505584230951712e-01 8.294335570474981045e-01 8.419322271232727584e-01 8.317009480610580985e-01 8.080663762992073007e-01 8.442807335576126837e-01 8.714681313203174184e-01 8.318315003911151972e-01 8.056955643706057435e-01 8.176639793180957572e-01 8.384765584495229573e-01 8.013983512852244084e-01 8.518946930544080143e-01 8.439392748497237529e-01 8.574543876758169425e-01 8.132052342022149105e-01 8.542591031951883851e-01 8.536913321680853484e-01 8.339221923736628295e-01 8.695348681910918254e-01 8.673589143474751406e-01 8.663855202365583486e-01 8.528064380260867994e-01 8.570417085254414813e-01 8.418825889223459091e-01 8.199776426571809829e-01 8.487259723430395919e-01 7.976130998725220467e-01 8.389768530649306388e-01 8.545399825637792768e-01 8.587708281870365390e-01 8.698415991019058380e-01 8.294495824871889189e-01 8.576811968776564266e-01 8.445175342808191044e-01 8.456113451957130156e-01 8.505754736744236544e-01 8.464907622827050337e-01 8.438731722942952596e-01 8.463790147400246378e-01 8.358029020275891119e-01 8.446880827210330178e-01 8.511993018714856252e-01 8.637455909125935083e-01 8.699956508091278851e-01 8.127325680908218386e-01 8.512240915367947913e-01 8.724948754283292640e-01 8.580732906127670478e-01 8.733588620525790658e-01 8.760496312616410375e-01 8.699357548132727880e-01 8.718728064541858558e-01 8.835518135163513698e-01 8.806413293395380926e-01 8.819993223842100827e-01 8.733015553914343920e-01 8.812268153814517557e-01 8.672458181482129991e-01 8.723882219236906987e-01 8.567134787512701299e-01 8.619696661862679132e-01 8.665273313498812469e-01 8.583002919004095732e-01 8.645987486411561562e-01 8.662152585864955068e-01 8.603502789806969364e-01 8.618474829746066712e-01 8.679914938200133934e-01 8.664269375114487248e-01 8.504303896281822928e-01 8.566299084970104838e-01 8.465552801668249083e-01 8.378305485626420523e-01 8.509803173777799046e-01 8.525056091336700170e-01 8.503637030371448136e-01 8.476228358772890381e-01 8.518377362069800007e-01 8.561141576176568568e-01 8.574751355139992315e-01 8.438054077093511962e-01 8.519289785377374136e-01 8.583173660819635176e-01 8.612307622049156786e-01 8.534056041430396755e-01 8.560620663887664739e-01 8.502791549455960274e-01 8.502424051891916967e-01 8.497053584736689036e-01 8.513635607403075012e-01 8.503873936105862397e-01
8.515512112678286227e-02 1.764815360275363287e-01 3.908346895281230582e-01 6.389494642076579689e-01 4.435790132502405725e-01 5.573783930821887278e-01 7.608906440442928520e-01 7.247718320810384585e-01 7.915699080161718859e-01 7.228613453953638412e-01 8.435093958366544076e-01 1.000000000000000000e+00 7.668186457908900966e-01 8.032459548875594546e-01 8.921213726870529381e-01 8.767428519077482552e-01 7.793944058504708172e-01 7.480828741217580014e-01 7.951120504367915620e-01 6.629306974099170580e-01 7.541389908177952295e-01 8.347537196836800621e-01 7.985474935592661305e-01 7.827541502237140847e-01 8.104129947705359660e-01 8.113858555780728565e-01 8.425296046023216245e-01 8.376055766225952715e-01 7.886390555184619178e-01 8.278743729489442815e-01 8.677651845019571653e-01 8.764054466972109880e-01 8.266883595157324960e-01 8.539839736305446793e-01 8.648470470813899302e-01 8.474412103520468920e-01 8.833794968243057211e-01 8.848436382220395968e-01 8.971356277573457882e-01 8.514319311242500854e-01 8.964862558147249638e-01 8.948066074999008190e-01 8.800378081194513147e-01 9.147602600378061943e-01 9.051312294618583110e-01 9.043504658497274473e-01 9.082285638858073051e-01 9.096441937510634235e-01 9.025528352909275576e-01 8.685371300609778800e-01 9.017709156962281369e-01 8.507348778162543423e-01 8.957502536719182951e-01 9.031842237728022749e-01 8.955870509132213275e-01 9.015478499719498107e-01 8.847478798924424126e-01 9.069583363382486274e-01 8.946544159386655704e-01 9.032545860027482165e-01 9.057444950151444241e-01 8.994154262433680103e-01 8.968064911181728993e-01 9.012872604691970491e-01 8.940012636866979667e-01 9.024151939040457870e-01 9.054874330843059038e-01 9.063536590508366464e-01 9.124339140386634739e-01 8.871949600383178813e-01 9.245142523145459812e-01 9.147549550690843301e-01 9.028613616376193196e-01 9.138592998360476338e-01 9.089477491386542818e-01 9.105046837691718187e-01 9.083076879631259981e-01 9.091695404443058681e-01 9.133387950414404433e-01 9.090546303381148441e-01 9.112800672592027418e-01 9.137930626701887826e-01 9.146553821314443722e-01 9.078555351110871863e-01 9.089764003427979189e-01 9.115235237184735606e-01 9.116589048440624232e-01 9.134540110388733591e-01 9.135022013833316024e-01 9.084589766996385984e-01 9.095027269180411267e-01 9.141830475406649281e-01 9.162879057823011264e-01 9.158850553623297808e-01 9.080999343579361227e-01 9.119151192756353996e-01 9.024659102106337150e-01 9.022099433552430714e-01 9.086375908753089314e-01 9.114363642685455735e-01 9.063009000974507900e-01 9.089580978539516520e-01 9.113217665843746929e-01 9.131479636703917491e-01 9.127826971933377109e-01 9.035148180156308273e-01 9.104024142873771153e-01 9.082594294379474631e-01 9.091795218746382412e-01 9.103770604925417453e-01 9.107454047101659622e-01 9.096888217920577890e-01 9.078020668268692583e-01 9.082101263026977067e-01 9.067640075372339625e-01 9.096264747868628708e-01
7.151352877007717546e-02 1.040712849298796316e-01 2.874379451661198681e-01 4.703856894718818626e-01 4.658843262554393516e-01 5.044012119038616682e-01 6.905210513516155668e-01 6.786315476427433602e-01 7.211236184387479486e-01 6.331996585809621658e-01 7.076953585933669633e-01 7.668186457908900966e-01 1.000000000000000000e+00 7.191941888199729904e-01 8.015113809172369486e-01 8.061023191262070009e-01 7.075744381533619620e-01 6.510127996650364457e-01 6.934268590406117427e-01 5.789736973582090274e-01 6.520275127182785235e-01 7.136426371600863572e-01 6.767884918922613124e-01 6.624726891132090012e-01 6.925276266922563151e-01 7.058775603138410792e-01 7.121630564002352504e-01 7.109608013241339730e-01 6.326544235435124230e-01 6.794281092892454632e-01 7.143895806842289753e-01 7.903304040152371313e-01 7.111989337526747335e-01 7.473707942223661860e-01 7.483271348392066535e-01 7.572762650196197542e-01 7.634154659525671516e-01 7.759298317733680506e-01 7.909335077513126588e-01 7.574257446966995433e-01 7.974701492169773420e-01 7.999577117182262720e-01 8.029523741029714889e-01 8.127292271925228295e-01 8.034340886283398708e-01 7.952363918179468083e-01 8.222354231524293677e-01 8.185258523215666049e-01 8.198953158652946271e-01 7.740787765126282416e-01 8.105787875757426431e-01 7.856789327827393699e-01 8.170012870484026912e-01 8.156470864339839810e-01 8.041793549994598056e-01 7.972704248876245625e-01 8.016824416453034452e-01 8.156801894752228055e-01 8.035253698269181344e-01 8.257796705641422541e-01 8.239103507669938153e-01 8.125713151154119185e-01 8.011886424040013388e-01 8.175646358460425533e-01 8.196049358062146295e-01 8.163314797682948987e-01 8.217583990432103525e-01 8.076821175751437432e-01 8.129449791374758760e-01 8.012293893006069423e-01 8.158308379723333559e-01 8.167799125886386902e-01 8.003528603474604486e-01 8.063026682938838618e-01 8.082935952385325029e-01 8.067067930929978647e-01 7.987090950258710631e-01 7.872440129971172151e-01 7.976772677707800741e-01 7.970092237855439521e-01 8.059349925457879316e-01 8.012806463176272986e-01 8.211830063254619283e-01 8.013629857858813876e-01 8.148013090019003979e-01 8.162517617363015399e-01 8.136539380009958355e-01 8.183842196995747553e-01 8.184844972235901794e-01 8.154169269112941931e-01 8.050548050725943039e-01 8.213079345687234190e-01 8.179216605025465547e-01 8.163064077335868696e-01 8.225674599302452705e-01 8.240797523089155030e-01 8.219149743864367919e-01 8.197525967291974247e-01 8.241146448414173875e-01 8.247880428745064663e-01 8.258302685990135394e-01 8.204167543072137248e-01 8.259800464251815244e-01 8.272908528729261413e-01 8.268541949544432335e-01 8.208215830065315188e-01 8.257365076423690553e-01 8.207905884744929326e-01 8.205656342634499723e-01 8.230669127533130069e-01 8.243615213365130812e-01 8.269928138744916390e-01 8.259943254842136984e-01 8.258792743362863842e-01 8.258007555314305081e-01 8.252031937989837695e-01
