1.000000000000000000e+00 -4.611028079118099227e-02 3.553567309460823470e-02 -6.640018453915370704e-03 2.294005937819094121e-01 1.930186177745729925e-01 -2.090424801807675426e-01 1.475872138209637641e-01 -1.629107193719769031e-01 -6.787046554623896166e-02 2.944641880350220564e-01 -1.591940271939598084e-01 3.272686511843652985e-04 3.217462986931497043e-02 -1.009216864570949973e-01 -2.049557771454803556e-01 -1.501494632535414243e-02 -3.502142304068946860e-02 1.488685902385865067e-01 -1.244848450398822609e-01 7.337434167600968837e-02 -3.711187914435090662e-02 6.946859922771583817e-02 1.415026451507977456e-01 2.086229668690140759e-01 -8.683082568565518577e-02 1.938486185872896339e-01 -3.489309791268686844e-02 2.134259887217262227e-03 5.295394621840125715e-02 -7.635645946308169951e-02 -4.297819629122649754e-02 1.804362320810358467e-02 -4.028906591637498869e-02 -1.190929044332139294e-02 5.320450142537003907e-02 1.321562187884685879e-01 -1.130864496205711278e-01 7.460060711576881054e-02 -1.247140878367744010e-01 -3.212336119333420587e-02 -1.207294893139489698e-02 -2.657937238857491918e-02 3.527314010217759421e-02 2.019848787344609709e-01 -2.739468399274558666e-02 -3.796221735941370662e-02 -7.678540204697067995e-02 -1.098922491097170800e-01 -6.511914386723022252e-02 3.397217431058496741e-03 -1.286303335008735435e-02 -1.384440782003561743e-01 -1.296874013878634990e-02 -1.249263879364601038e-01 -2.470487596482478787e-01 -8.363953889854545964e-02 1.261387032905833538e-01 1.350560930566022666e-01 -3.957553259216603503e-02 3.621913954138650076e-03 3.711713595333115262e-02 3.032153824792774288e-01 1.767185956351841752e-02 -5.374337783301763594e-02 -1.175839920819711643e-01 -1.025184840311329504e-01 -2.625791613094455648e-02 2.556522289954703542e-01 -7.357325010960966138e-02 -1.013110250047539601e-01 -9.528476831341330111e-02 1.280687031852300282e-03 -9.639420834911618940e-02 -8.106980408172578811e-02 -1.560338293208924504e-02 1.642385594283977263e-02 1.075282844197495147e-01 -2.301449409377891858e-02 -2.189473861144197731e-02 -5.430591690732653604e-02 -6.800039197317489514e-02 -1.858250633050308465e-01 -3.362153586024878987e-02 -2.025568389269810296e-02 -9.153848367743182279e-02 -5.200936837114085443e-02 7.345398407784731187e-02 9.420837364309537013e-03 -3.223009963013727386e-02 8.047027308037271731e-02 5.991232096199408663e-02 1.523904293674031678e-02 4.738018054284888481e-02 1.407822434036445081e-01 -1.112216309518693907e-01 2.256834329562728836e-01 -1.465082044103742931e-01 1.564758496592824621e-01 -5.960358757992726547e-02 -4.082629201402366431e-02 -2.965730635606423152e-02 -2.779120111421539141e-01 1.649315791702599676e-01 -4.076945721907589831e-02 8.343819287851139688e-02 -2.037787297864921895e-02 -1.179855609700077301e-01 -2.938118618896316987e-03 -2.877578377224358774e-02 -1.261145147687674772e-01 -2.493495325072919017e-02 9.073267196189072070e-02 -3.143239176866405304e-02 -9.130411138534727522e-02
-4.611028079118099227e-02 1.000000000000000000e+00 6.677401397749571643e-02 -1.445696882952488271e-01 -5.036337467238810595e-02 8.925445540771663466e-02 -9.340379960378446256e-02 9.602151224974310451e-02 2.611196697108162934e-01 2.925535846262423620e-02 -1.434887787459347974e-01 -1.477218647026735596e-02 -1.892639823508521224e-01 -4.222860362445617077e-02 1.671816455745643581e-01 9.684795230955023371e-02 7.201709494896936514e-02 6.755278921406222825e-02 -5.837740240239171208e-02 1.423720778804872245e-01 -2.013552846931062623e-01 1.051639600510309164e-01 -6.236986474793990848e-02 -2.642456746062723030e-02 4.527697267958757238e-02 5.423399852317758313e-02 -1.077582878760609958e-01 1.307711783108709835e-01 -3.610401218666129970e-03 1.465823075355317529e-01 -2.416857925401418028e-02 8.925301013407650752e-02 9.661376220953570015e-02 4.151779986942948086e-02 7.869855605803820209e-02 7.541880086123246840e-02 9.143503787522391790e-03 -5.173732747637914409e-02 -9.559017893989944781e-02 -1.077960669116324322e-01 1.236576095179953150e-01 -1.277779343351388708e-02 -1.216630106632905078e-01 -1.161806337953972812e-01 1.150429463711132860e-01 -5.757898546297010589e-02 7.147754155464508541e-02 -9.707372842710608463e-02 -3.490752257877645370e-02 1.201350276816979812e-01 -7.662772344471638353e-02 5.977882774627686635e-02 9.077964596928085605e-02 6.444665351597511638e-02 -8.979203831615953368e-02 2.436627136476216850e-03 3.842450754353060605e-02 -2.568055411907476521e-03 -4.611630945635825790e-02 1.342454054846824452e-01 -3.528263301779558520e-02 1.283371687564442143e-01 2.356719207125698018e-02 -2.608678996540996636e-02 1.041996547911843707e-01 -7.560451690361584542e-02 -2.286147296488991870e-02 -1.353965153364181662e-01 -4.506370287092056198e-02 1.211375370646977367e-01 2.038520840697274211e-02 -6.407864700297213889e-02 -1.695450576482554483e-01 1.594144666255915554e-01 8.259943690588862630e-02 5.558449383859426912e-02 -7.455245689712645951e-02 2.370822207887345046e-01 -1.025031091576008718e-01 7.823538219434352306e-03 1.862136794796067849e-02 -2.594095197854108178e-02 3.741735545791878559e-02 2.720663358411468807e-03 1.200300649213503212e-01 -3.852250433271712377e-02 -1.267775691913173020e-01 -1.206835250281942419e-02 7.658576647592128805e-02 -1.049120695733035541e-01 -1.587884314395821006e-01 -9.680533673239279102e-02 2.484766910950871044e-02 -4.639487795903628892e-02 -1.598647736371474476e-02 -6.524851035931156229e-02 -1.161714595416690060e-01 1.831357063339199287e-01 -1.311811428527706602e-01 -1.710416671913796149e-02 -6.443689595267541870e-02 -9.941868138213599826e-02 8.514131616618519915e-02 1.020033242002361951e-01 -7.772723292230696024e-02 -1.581131507731338426e-02 -1.129686439337074765e-02 -9.079381918981668798e-02 -1.336052117477936653e-02 -4.270022689530956345e-02 -3.670113799776301977e-02 -8.479803186025178241e-02 1.009438528364776794e-01 2.404863463843486676e-02 6.942563022949198304e-02
3.553567309460823470e-02 6.677401397749571643e-02 1.000000000000000000e+00 2.200264384179760058e-01 -2.629799707824821350e-02 2.733779256057802809e-02 -8.366618237627945764e-02 4.370327475694371633e-02 8.946631957606983321e-02 1.393738971560084805e-01 -1.402321900711696323e-01 1.141312642680999793e-02 3.454771637831391407e-02 -1.834950605889454911e-01 -7.635130333163178684e-02 -1.215912434930362628e-02 1.262275832756233895e-01 -9.415160360986167543e-02 -1.309053743226990529e-01 1.339571897127091460e-01 -7.098938540426445731e-02 2.430770276332631097e-01 4.701444356427196269e-01 1.144308193199593815e-01 -2.431743670192342346e-02 1.254805657988982970e-01 -1.579298310097911329e-01 9.693434551766401397e-02 -6.086106884984544135e-02 2.478881256439891823e-01 5.505707138692021718e-02 1.604014919140646714e-02 2.152922443286742760e-01 3.954543274853341561e-01 9.372467210782982339e-02 -2.025051489806627136e-01 1.610362951526746744e-01 -3.151722295507898841e-01 -2.113987818114069495e-01 -1.439148584503939510e-01 3.731062008711100719e-01 -1.776544894153364862e-01 -2.701064859075650304e-01 2.621212559293844557e-01 -1.114838654844100413e-02 1.411209670743470979e-01 -5.939348555934825195e-04 3.898001019524412192e-02 -2.886609365936528351e-02 1.258251121897071834e-01 -1.537918650029237166e-01 2.629977250089537977e-01 -9.913448488359692667e-02 -2.377997621692932995e-02 -1.043127714921238819e-01 -1.152776971967332670e-01 -1.019006986573831458e-01 1.122059958334012397e-01 5.203150211102355871e-02 1.940525047086563981e-01 -9.468853980714421470e-02 2.478436811002592000e-01 2.062717972292158475e-01 1.365084492131805882e-01 9.640197374265996322e-02 7.756903446963861470e-02 -2.191591243825551649e-01 -9.146637209534219659e-02 3.141375174138957838e-02 3.315758820694756914e-01 6.469344025374305918e-02 -4.325190923779705376e-01 -1.027324695095321039e-01 1.590290010672934518e-02 -2.243069176056249336e-01 3.847010997085462125e-01 -1.071118922319203443e-01 3.613013590191669899e-01 1.993695101099389466e-01 -3.067619565926855696e-01 -1.380230065826577868e-01 -1.282889757346171444e-01 1.740624491457684886e-01 3.896680517938623523e-02 -1.836704471177648956e-01 -9.818707364778563040e-02 1.866974558288378438e-01 1.101629973701630585e-02 2.390062893977832614e-01 -2.742108039174334100e-01 2.842147916586841095e-04 1.159246532614198293e-02 4.187605757799294226e-01 2.187957071266493636e-01 9.722279962955177046e-02 3.340759898878998407e-02 1.617918533069006570e-01 -9.473987410575582246e-02 1.109418603535543453e-02 3.087120438886111762e-01 -7.525713733845447798e-03 8.141653605059169865e-03 -5.823772356392447475e-02 -2.733305286169088535e-03 -5.237551730418656820e-02 1.449525112322461694e-02 -2.278977044665629892e-01 9.998936441205871772e-02 -2.067256507609196436e-01 -4.603277959636983135e-02 9.506496502990828545e-02 -2.739662290558572688e-01 -1.747313842024151298e-01 1.263556243446296301e-01 -9.298050041742393634e-02
-6.640018453915370704e-03 -1.445696882952488271e-01 2.200264384179760058e-01 1.000000000000000000e+00 -6.095103032957241256e-03 -1.291916199806338039e-01 -9.117666864619158873e-02 -9.792840663631596776e-02 2.865682934598928061e-02 3.506781780534388299e-02 -1.536112600626218794e-01 1.319626275184621229e-02 8.258889418231818436e-02 -4.810064362842225022e-02 -4.335246718262993765e-02 1.000250631942506963e-01 6.669420928022828411e-03 -2.074978298395944720e-01 -1.566185511383141604e-01 -1.284010265435203690e-01 1.389191486022611256e-02 1.796396369729143794e-01 7.275848706075770111e-02 6.039349620651488643e-02 -2.317979030117865158e-01 8.421119093784450171e-02 -1.320920628016755173e-02 2.622576227205071497e-02 -1.889689797385905867e-01 -2.652321600524231923e-02 5.640205518565466480e-02 7.105908567571783685e-02 1.739797683964834293e-02 2.021598114955423520e-01 1.002364394825307203e-01 -8.894511587744288739e-02 7.351850169985396470e-03 -8.484864205583030061e-02 -3.265895447325131793e-03 -1.064858923163202603e-01 2.671369407034699384e-01 -8.143307951823944291e-02 1.069564953916958827e-01 1.961163201959470748e-01 5.457589217141437660e-02 -3.871174185759812536e-02 5.135620054327384200e-03 2.115665728982689953e-01 6.772597676246341902e-02 1.819273008984991294e-02 -1.027226439576910122e-01 2.139304429397362595e-01 -1.048769646770991854e-01 -4.397464037069327009e-02 5.125296431006240438e-02 -8.487269695963131286e-03 -6.300404984241556039e-02 -5.038378441085131915e-02 6.518990171690493274e-02 -4.338225852471263438e-02 5.924021887673220493e-02 2.040072090824782969e-01 2.618205803506071933e-02 -6.814588412968118625e-02 5.211854025584288647e-02 2.595939399126728220e-01 -5.317879141284979211e-02 1.133811410087552235e-01 -1.206339481371919604e-02 8.320777949526961259e-02 1.323344102006523137e-01 -1.639253190072388067e-01 8.531252809070053594e-03 -8.400695283549237946e-02 -2.383054594879528976e-01 3.433357712941462747e-01 9.439061909664289707e-02 8.659915248418939560e-02 7.175152691214450873e-02 -1.876209670955054920e-01 1.281958739326156255e-02 -2.334157602428996170e-01 9.248229625024667611e-02 -4.979619026030187440e-02 -2.094787034359809896e-01 -1.043605160484038785e-01 9.423816329136475156e-02 -1.363376317984484332e-01 2.054314305648570135e-02 2.073460769838881505e-03 1.505580240526254998e-01 -1.178779397555871217e-01 2.488372369120947780e-01 6.326091252391995157e-02 -6.310334248489242459e-02 8.673654618587631204e-02 1.697484896097568308e-01 -1.696532609256645174e-01 5.989634048622814733e-02 1.755551126097533998e-01 1.032179874620168247e-01 -1.947610318703265134e-02 -5.376780472612077699e-02 1.548982575424167479e-02 9.027075536181912441e-02 3.949732321961152426e-02 1.350027085837810503e-01 1.326852745871764383e-01 -1.648212713255581968e-02 1.101175476729019803e-01 1.545575402604565940e-01 -9.493964050942085842e-02 -2.603104960269456702e-01 -8.745550191010281749e-02 -9.008599454310911581e-02
2.294005937819094121e-01 -5.036337467238810595e-02 -2.629799707824821350e-02 -6.095103032957241256e-03 1.000000000000000000e+00 -9.757339404108397729e-02 5.220202439614890499e-02 2.797092758334549512e-01 -5.678150830235028507e-02 6.672287467647755599e-02 4.766100994050392198e-02 -1.265271014085688484e-01 -1.277636608568181176e-01 -5.000542943434838766e-02 -7.411505449103057697e-02 -7.585835966171190770e-02 -2.161111774633223404e-01 -1.220404097842689717e-01 1.455431258160806707e-02 -5.583858044697484480e-02 -1.034184270070049733e-01 -8.535107012437218033e-03 -9.947899574350169138e-02 1.111244457676009989e-01 5.720706227628865465e-02 8.856274364886519701e-02 5.895530792027289108e-02 -1.576380165651120879e-01 2.201473982844619759e-01 -1.597970876060536560e-01 7.368059806142041729e-03 -1.133766413769973502e-01 -2.343331128255332352e-01 9.003249891914767711e-02 2.361926744722430208e-02 1.486663484323449413e-01 -1.167162387359626380e-01 7.005125865573746946e-02 9.189989288970354386e-02 -1.910542510604219466e-02 -1.258915784375963243e-01 6.792252646790511439e-02 3.052199602483011281e-02 6.592400394856280654e-02 2.467513045048187470e-01 8.555169219865930985e-02 -2.494521414217647504e-01 5.681191365685095418e-02 8.469497600107714699e-03 -3.739442396574800542e-02 9.571700451884604388e-02 -1.448529860558065985e-01 2.611347634328410328e-01 1.212350089578893564e-01 5.494094286698007756e-02 -9.310258051711142735e-02 6.241159077633685534e-03 1.090201718680050003e-01 -5.597266336149391702e-02 1.317286708567890208e-01 2.973061997778679577e-02 -1.495216363826057104e-01 1.439910787860866903e-01 -1.634751063432314244e-01 -6.381305923243556222e-02 -7.283647419359312591e-02 -4.047730009473744783e-02 -1.296973772098665989e-01 1.124622961783077607e-01 1.204288652527237338e-02 -8.208849240916610279e-02 1.037024923361735919e-03 1.404929110191113252e-02 1.014439688264688333e-01 -1.973241143451960264e-02 -8.615273629783780363e-02 -1.048492888741239665e-01 -1.399926206400681043e-02 -1.024692468650549859e-01 -1.054616154962588481e-02 -2.952974082657544574e-01 -6.605379428956531518e-03 -1.231536060728927462e-01 -5.067539338804259198e-03 -5.693451229752954229e-02 -1.715766950962382131e-01 2.220417097302461104e-02 -1.534147678770745316e-01 1.617683925438979237e-02 1.047494640465645721e-01 1.774386319814571285e-03 -1.445293332559804689e-01 -1.141586149154439622e-01 -4.081807004970349449e-03 -4.265669223456462766e-02 1.318023371758359485e-01 1.141535390194312353e-03 -1.277687971212923823e-01 1.452796176353403079e-01 -7.043331956201402677e-02 -5.764477568865757767e-02 -2.226779450897133639e-01 -1.726696751891069193e-01 3.007207289533091535e-02 1.067678731157245681e-01 8.285577106874716935e-02 2.314734734645964437e-02 -6.432243379324659172e-02 9.231507749872957039e-03 9.074978776147477055e-02 -2.817676419811296004e-02 3.064783930755716340e-02 1.804806442912277875e-01 1.204129032981179487e-01 2.096885076271192902e-02
1.930186177745729925e-01 8.925445540771663466e-02 2.733779256057802809e-02 -1.291916199806338039e-01 -9.757339404108397729e-02 1.000000000000000000e+00 2.013450609454398715e-02 5.192284245298472989e-02 -1.554731078682244222e-02 1.046925706553366725e-01 1.536946366802779962e-01 7.889914619914584204e-02 3.448562953222191613e-02 -1.191456310711867805e-01 -1.165248331488900335e-01 -5.816984787301641979e-02 6.537410424298036038e-02 1.030995816581308233e-01 -6.106779535720146396e-02 -2.306409444114391749e-01 -1.630514700676177764e-02 -1.708876860548539378e-01 1.103111552516639060e-01 -5.567002463833965048e-02 6.685210123682726324e-02 -1.927655750994446415e-01 -3.119375432578258556e-02 -1.085709565008929380e-02 9.526457561152160136e-02 -3.539682029723979512e-03 -1.922460847844523757e-01 3.317009219565562883e-02 1.786205909645953716e-01 -2.570233357656462880e-01 -1.075944913515109458e-01 2.394919137503069562e-02 5.974171307751625914e-02 -1.108992907673587575e-01 6.134866600071969822e-02 -1.182699648248502905e-01 5.772149359873246266e-05 -3.501950214027467478e-02 -8.478529819683293389e-02 -7.366715746235845408e-02 5.259955343340484701e-02 -2.823038935780291039e-02 2.185437065516055433e-01 -9.373794934076051799e-02 -2.230665723367541153e-01 -1.501122301344082755e-01 8.859429332232021670e-03 -9.142809101106390279e-02 -4.464266726698994103e-02 -3.398316341243833721e-02 -8.723430901544179661e-02 -1.507511436197834787e-01 -5.165471809513942636e-02 5.411102448761394290e-02 -4.022929662184546867e-02 -2.384434632444611679e-01 -1.708792269872062008e-01 -2.175544773033641181e-03 1.017149296749454146e-01 -3.097129572716326301e-03 -5.643336520070391105e-02 -8.767458643224358694e-02 8.611041400008502544e-02 -1.180178518707111213e-01 5.874093697797674180e-02 -1.161856609786392353e-01 -4.593834896412010010e-02 -3.761171243823961674e-02 -1.622969813788936733e-01 -1.719439857397094817e-01 1.310480008149443876e-01 -2.040438096961584846e-01 1.641251884744152068e-01 5.701368451521927894e-02 -2.942836446265466033e-01 4.301320076208380722e-02 -8.046992858107923641e-02 4.416096755239523608e-02 4.819539409671332736e-02 1.368427440052961130e-01 1.929753372745343920e-01 2.184301204343797320e-01 4.533101699514988786e-02 3.184593552806332939e-01 9.403634275360167605e-02 -1.356331686363606570e-01 -1.985958655062204647e-02 1.963636014451179690e-01 -9.880456011838764652e-02 5.449838395454717488e-02 -9.475779918988892769e-02 -1.778094785561755431e-01 -1.830347769248258372e-01 3.926952981952441107e-02 4.706720505403489199e-03 1.492704915493118789e-01 -1.602930382002306364e-01 5.442220183879842126e-03 -1.319255712382659887e-02 -1.125982448240362144e-01 3.866286834705690706e-02 1.975762992675796081e-01 -9.749309650925000459e-02 -1.672400836264911206e-01 1.351940025807069068e-02 1.174162235101389867e-01 -1.250854495616780249e-01 7.933431611870533917e-02 5.131917058672690133e-05 8.253743790728935992e-02 -4.143971891325416018e-03
-2.090424801807675426e-01 -9.340379960378446256e-02 -8.366618237627945764e-02 -9.117666864619158873e-02 5.220202439614890499e-02 2.013450609454398715e-02 1.000000000000000000e+00 -1.299410231740668331e-01 1.021523126142499516e-01 1.020770762201146376e-01 -1.367041504498448523e-01 2.010236502537207648e-01 -2.784856288560035725e-02 8.201551847550513086e-02 -9.410244418917669551e-02 1.740575889098243401e-02 8.943401324124806984e-02 6.681224504433422307e-02 -1.151073499116935517e-01 1.198081422993050454e-01 -1.961960307939876122e-02 -6.262613995875382367e-02 -1.058913938409925676e-01 -1.125771490351405169e-01 -2.753963972308159230e-02 -1.176433303200253300e-01 -5.010354565374688755e-03 4.159782308816433252e-03 -1.562960846648475677e-02 -7.942196447533383941e-02 7.135967116256755095e-03 7.307363624249817169e-02 -2.488405204462108278e-01 -1.291173998274256496e-01 2.671756714919831452e-02 8.443001768277705321e-02 -1.228638334380538905e-01 1.335081913407213938e-01 5.133983012463449319e-02 1.344027702659444934e-01 -1.206697107727106866e-01 2.329677042250965224e-01 -8.149569493063994752e-02 -7.945443116467557076e-02 -1.767791900317160214e-02 -1.159724691676096292e-01 2.844489048002233830e-02 -8.374284112740930375e-02 8.318107915743844227e-02 6.529169168109809351e-02 1.257521676204488292e-01 -6.632337128017036509e-02 -9.474813473264290936e-03 7.067665936074427058e-03 -7.914682400327359077e-03 -2.061921754092524428e-02 9.287107567548927300e-03 -3.560810452746899363e-02 -2.795947187458540095e-01 -8.171453700362864281e-02 7.571137023711391190e-02 -2.823818628128504926e-02 -1.189694146681776199e-01 -7.170305328670571743e-02 -1.530028690371946498e-01 -8.580116234855623969e-02 5.887714811251996971e-02 7.887632546947179191e-02 -8.239473406682339129e-02 -1.800557868819140442e-02 -2.216650892407251439e-02 1.984020322247910806e-01 1.874856714349541764e-02 -5.595577266001716676e-02 1.129803327631860033e-01 -3.744017569884346142e-02 -1.363520007336169737e-01 -1.899165730575245459e-01 -2.515707174065510542e-03 1.091246719268015725e-01 5.490482694679416943e-03 4.388628110191006987e-02 -3.522010528866897916e-02 6.049478814842742386e-02 -9.514565130110334834e-03 1.047727822213954663e-01 1.234591649892806536e-01 6.906257783840771824e-02 1.939097123213444004e-02 1.042406145157008801e-01 3.037508093047924101e-02 -1.388845479449843101e-01 -1.382591579457816688e-01 -9.231952637428271491e-02 6.209860675274583158e-02 1.760097583822652356e-01 -2.799280111835494161e-02 1.363575566350846979e-01 9.449157586009225562e-02 2.632360479813413909e-02 -3.670970341482449051e-02 -1.968257424849176318e-01 5.923365706738144276e-02 6.600415231041260877e-02 9.048894744679106261e-02 -7.097409630802047065e-02 3.100155648903713673e-02 -8.607597454568498285e-02 -5.706017476517824538e-02 1.055619736192719288e-01 -8.076755457062817847e-03 1.385132340733488121e-01 -1.503703777114369922e-01 1.323792178306841261e-01 2.144601819506023604e-02
1.475872138209637641e-01 9.602151224974310451e-02 4.370327475694371633e-02 -9.792840663631596776e-02 2.797092758334549512e-01 5.192284245298472989e-02 -1.299410231740668331e-01 1.000000000000000000e+00 -2.877098907254553584e-02 -7.010798113809985077e-02 5.623115574137390466e-02 -1.756551152552369155e-01 -8.145372782723361849e-02 9.740182605030608953e-02 -1.447121458581655806e-01 -3.087225765652042986e-01 7.013365699484731819e-02 -8.164785179795568115e-03 4.432975019593693444e-02 -4.165973019911919928e-02 -1.850471116745507072e-01 -1.499480162307962293e-02 1.478057399066178869e-02 1.008613665451315727e-01 -6.530039527404168931e-02 2.946142365860119142e-02 1.731659971982690005e-01 -1.323838125636225271e-01 2.123189990928746884e-01 9.423913776733468251e-03 -2.003816841111568381e-01 1.742669957625152949e-02 -6.955187596213467313e-03 1.199766990938883338e-01 7.912468560178022650e-03 1.689358446427846050e-01 -1.114237550167580387e-01 -7.144790134178062579e-02 -5.941397608289535059e-02 2.968419942607071135e-02 -1.483687516310580323e-01 -3.814942275582981768e-02 4.826800607959771949e-02 6.846805055533111695e-02 1.703170535934122112e-02 1.053209437040897659e-02 -1.436068087195983278e-01 -7.010060050108292418e-02 -1.915559584935288828e-01 1.434584739352316556e-02 7.325314528426332683e-02 -2.785596935650647699e-01 1.815323737901208823e-01 7.618726716256414566e-02 -2.107660318449693371e-01 -2.515579270401404610e-01 3.891041369837103941e-02 1.242678013487153732e-01 -1.568756496812861445e-01 6.524074105819116509e-02 3.062427444018610886e-03 7.928876031605709002e-03 1.515219078045569046e-01 -9.254491659497481038e-02 -2.119576675429611923e-01 1.145368634725956181e-01 -3.308090832440489099e-02 -2.752822817004206279e-01 1.356653448433468856e-01 1.236419907418218195e-01 -5.404495811125391291e-03 -1.237774320583049509e-01 -1.003504285192742124e-01 7.477214161972568773e-02 1.409293100760657634e-02 -1.198799449897195168e-01 -1.116232070085378635e-02 2.508372801942297947e-01 -3.116130451419234504e-01 2.488270375618621341e-02 -2.973701036774367701e-01 -1.056586060015010098e-01 3.601859285604160077e-02 9.264840075255731389e-02 2.450896058176060474e-02 -5.028000002056580084e-03 -2.232587059791932629e-02 -3.044201982164124534e-02 1.403071775279973454e-01 -1.275872727786805938e-01 2.530950245987056285e-02 -8.461144440684501000e-02 -7.702254283000491489e-03 -6.482705486798123751e-02 -1.320063898138757186e-01 7.596871326842338616e-03 -1.365110016276584182e-01 -8.069553486524018437e-02 1.072088846291495562e-01 -1.269828298334656430e-03 1.204217627777219440e-01 -1.631399990253145360e-01 -3.976782081788484725e-03 -1.011139737827185803e-01 1.233008527459881626e-01 2.483122198685342244e-02 -1.457194355744160508e-01 -1.219497430124590331e-01 -9.279103096019804264e-02 -5.289281658049874157e-02 -1.356851956031692730e-01 1.196091529115546059e-01 1.270129060625472261e-01 8.579230147775246396e-02 8.497486524226610660e-02
-1.629107193719769031e-01 2.611196697108162934e-01 8.946631957606983321e-02 2.865682934598928061e-02 -5.678150830235028507e-02 -1.554731078682244222e-02 1.021523126142499516e-01 -2.877098907254553584e-02 1.000000000000000000e+00 8.161108630087791915e-02 -1.548605868833887733e-01 -1.519937024505883805e-01 -2.202884791831805356e-01 -5.931069445528247552e-02 1.251817338601096952e-01 7.654993917457091068e-02 -2.795576988947169259e-02 -1.493831663969413526e-01 -9.086302522945011173e-02 7.382101990609783726e-02 -2.736393237576926207e-01 1.432380786953048879e-01 -1.333803103885711216e-01 -9.123266127284836158e-02 7.349519391590562944e-02 -1.108818114406474181e-02 -6.035583739967941702e-02 1.314898749472853401e-01 -1.009629881316305433e-01 1.775978564728885045e-01 -4.386300853730620147e-02 1.849686023715917949e-01 -1.208530930784206953e-01 1.317227990794711534e-01 2.400111812067872996e-01 8.684294442837156569e-02 4.353805684541124654e-02 -7.241630398981173389e-02 1.185414035958899381e-01 -1.230106693761740810e-01 1.012186347166335459e-01 -7.367425760088169850e-03 -1.631776706966014123e-01 4.713095887339362883e-02 1.364842457185361513e-01 1.296400024248747784e-01 1.666606737204021083e-01 -3.773148731753325075e-02 -1.338025530491495363e-01 9.081615162280345975e-04 -2.305107827386578268e-01 1.056379578738021185e-01 2.535346858255292934e-01 2.497892539668578743e-02 3.791286350889577772e-02 1.188349296442825637e-01 2.976040361057637890e-02 -1.031560017151808041e-02 1.526018131155031377e-01 5.727165499351967448e-02 -1.264688758730430629e-01 3.684112829879183232e-02 1.279866041724397711e-02 5.405050740143354376e-02 1.329111627948011687e-01 1.997339917672844023e-02 -1.460483673350420897e-01 -5.965870512733651571e-02 -6.944554519616522037e-02 1.958478704375933854e-01 1.539362116800166436e-01 -8.225696232024082288e-02 3.825075229714719471e-02 -6.460727097795772311e-02 3.371476180179740906e-02 1.334628163222240926e-01 -7.734564998320174467e-02 2.798298960794399701e-02 -2.306797186252101950e-02 -8.301449257844510654e-02 -5.238511099757171829e-02 -1.201200113099703121e-01 -8.709446579786440934e-02 -2.729819198041392309e-02 -2.596115396095702993e-02 -1.877389040699196099e-01 8.583211052995932955e-02 -1.297233049928943061e-01 -3.256217128188476639e-02 -9.705178456991696290e-02 -3.884920248133178627e-02 -1.877082255851743042e-01 7.040417288602070223e-02 3.328612669444832445e-02 8.036663095984866723e-02 9.004736854987616113e-02 4.944614859066440854e-02 7.991080970378725001e-02 -4.687772530597686220e-03 -4.885445064450186919e-03 8.248797581816863511e-02 -1.886112655146828243e-01 -2.472767889558431520e-01 4.997516126243653489e-02 2.621790474902864834e-02 2.246079295817440119e-02 -1.480476593872031427e-02 1.815044392597138789e-01 -1.230101986754934401e-01 1.155720732200018683e-02 9.930996151511045644e-02 -2.319550793788902748e-03 6.459985994512408569e-02 8.883924984145007142e-02 -4.486766298993194457e-02
-6.787046554623896166e-02 2.925535846262423620e-02 1.393738971560084805e-01 3.506781780534388299e-02 6.672287467647755599e-02 1.046925706553366725e-01 1.020770762201146376e-01 -7.010798113809985077e-02 8.161108630087791915e-02 1.000000000000000000e+00 4.249646683977709866e-02 1.274063762344760653e-01 5.925236187058244980e-02 1.586626066837930060e-01 1.740695055275639017e-02 2.900720073975970870e-02 -6.007790220453370494e-02 6.188104087278668147e-02 -8.335370078487207290e-02 -3.190208220896436925e-03 4.218444128214656787e-03 -2.146141633541809313e-02 1.172418521341996450e-01 -2.801493559463839184e-02 4.667728750513614605e-02 -3.724113960336222773e-02 -1.527011760891687775e-01 7.334590894794690286e-02 -9.351035156841623619e-03 1.262481361149392634e-01 -6.006093358914587396e-04 1.936210968224834905e-01 -1.572352046876016041e-02 -1.913968369482150697e-02 3.608327650503579970e-03 1.762712433478486398e-02 -5.184344236322716015e-02 1.170467677544450857e-01 -1.234946595713035285e-02 -4.728570932002722216e-02 7.113264396157373270e-02 2.230212619745411753e-02 -6.025646773195884182e-02 3.864239016821588435e-02 -1.330779320204418248e-01 1.879645449303546656e-01 1.371486161591204123e-01 2.890731022746007711e-02 -1.221432610257948137e-01 5.762850081042471262e-02 2.710241841962321777e-02 1.427847827614069365e-01 -1.634445826175367350e-02 1.668873381864819927e-01 -7.023161884239557951e-02 7.801629348848676537e-02 1.527457052256888104e-01 -1.652875662632606601e-02 8.978218221642962626e-02 -1.726749624088810137e-02 -2.059838828046499093e-01 -5.148562495263968308e-02 1.349435836341541517e-01 -7.093297157533674790e-02 -3.000866306747368428e-02 -1.229190056408953763e-01 6.625300484259219296e-03 -1.079541050681971509e-01 8.501378125345071535e-02 1.742736159862454670e-01 -1.177035825829896160e-01 -4.239177478324056975e-02 -1.483502384320489476e-01 -1.144326653448874825e-01 -3.872272266235120969e-02 -5.675158632827939642e-02 -5.748513003817313366e-02 1.077304816313599117e-01 -3.062710052349755518e-02 -6.085257906522072852e-02 -1.075284826292567247e-01 1.385471542119978972e-01 -9.813987993835145140e-02 2.043798131244987659e-01 7.328485397323203365e-02 8.465514826013844502e-03 4.907861709400255373e-02 9.644014582249278711e-02 3.853441055318702901e-02 4.203276963739834005e-02 1.287908933418231427e-01 3.971631407181291235e-02 2.872508709586791067e-02 7.453452053535500332e-02 2.269252967470292495e-02 1.265728402126635177e-01 1.565398027340167766e-02 1.311644636113027118e-01 -1.213539371018065027e-01 4.461803335196691533e-02 -5.910797955466430553e-02 -1.515484559765665484e-01 -4.679071165193874476e-02 -5.915515947631055926e-02 2.433360840596936105e-03 -9.914494447008319333e-02 -4.174219583207463397e-04 8.259932358910801464e-03 -1.731536382136799820e-02 1.518524550665166506e-01 -1.073859295068012448e-01 -2.151995495197318170e-02 1.107657402376544392e-01 1.202946816018407028e-01 1.758335445734185987e-01
2.944641880350220564e-01 -1.434887787459347974e-01 -1.402321900711696323e-01 -1.536112600626218794e-01 4.766100994050392198e-02 1.536946366802779962e-01 -1.367041504498448523e-01 5.623115574137390466e-02 -1.548605868833887733e-01 4.249646683977709866e-02 1.000000000000000000e+00 2.600321449322530107e-02 2.876468376948838057e-01 1.358454712145387711e-01 2.541729184644251488e-02 1.075467225066143763e-02 -1.909781396852145430e-01 2.954107959898782387e-01 1.219862334641604595e-01 5.551715120814414844e-02 2.365737182961347995e-01 -2.651980011404266313e-01 -3.587522600351930602e-02 1.292824019862097995e-01 2.789667865380581202e-01 -1.477390786371935993e-01 1.749197019934333186e-01 -1.225498611245314368e-01 1.188886507253975600e-01 -1.009554653864799534e-01 -6.633817504190799019e-02 -6.611915631366487023e-02 5.424676451177119774e-02 -2.081988982862789939e-01 -2.062363207536004051e-01 -1.470832116170010251e-01 6.247326693802467135e-02 1.583126965292296073e-01 6.140164947420426178e-02 -2.156735756636318432e-02 -1.859643780905317900e-01 1.221370612364868456e-02 3.316361435773875765e-01 -1.647202596245356532e-01 -1.529160905468328058e-01 -5.918321452756961087e-03 6.324990346352817039e-02 -4.770305006439862910e-02 -1.123497831812312817e-02 1.515056015339491524e-01 1.201669963601085384e-01 -2.333777297453753508e-01 -2.335393127330675500e-01 -1.093781269944827175e-02 -2.033896069968306741e-01 -1.297158948896021471e-02 1.423876593747321895e-01 7.597531362569188984e-02 1.604565967824902184e-01 -2.274367175664444296e-01 -2.878140127925287242e-02 -2.888888771076648099e-01 2.178759883681529452e-01 -2.749925165088758575e-02 -1.388532093685421742e-01 -1.744249692791071948e-01 2.861371226030433035e-01 -7.308879283067802601e-03 2.025161657323390485e-01 -2.117654708160969512e-01 -1.675488291497062021e-01 1.597938839350567519e-01 2.271745143009842871e-02 -8.918841764416571283e-02 -1.388380160918830930e-01 -2.955078298166287087e-01 6.255416131964849913e-02 -1.160171317925332568e-01 -9.562582171019082256e-02 4.476955014991138015e-02 4.246978320228663589e-02 1.439347651208845169e-01 -1.885076082340239045e-01 -5.563308985154169495e-02 2.602124290878360391e-01 -3.260627744536426231e-02 2.850805624340007130e-02 1.250696491641557773e-01 -1.591642649994179093e-01 3.297308203508807212e-02 4.113528056514381692e-02 1.454996927607393464e-01 -1.643453305806931997e-01 3.053170682371205563e-02 -3.248075878494190438e-01 -1.380904977741818085e-01 1.392122101497408615e-01 2.345895887560308091e-01 7.031355063103394976e-02 -1.537085392453947652e-02 -7.145266444609663092e-02 -3.394785539674866071e-02 2.830675992082051003e-03 -2.651593595415069338e-02 -1.660952646499495866e-01 -9.221309732365226552e-02 -3.449010835685704848e-03 -3.074125274265670504e-01 1.464770407125809970e-01 4.989302029566310137e-02 -2.918497680289927065e-01 2.398210705607486393e-01 1.127900800978108020e-01 7.788270691175096239e-02 2.337472241867184497e-01
-1.591940271939598084e-01 -1.477218647026735596e-02 1.141312642680999793e-02 1.319626275184621229e-02 -1.265271014085688484e-01 7.889914619914584204e-02 2.010236502537207648e-01 -1.756551152552369155e-01 -1.519937024505883805e-01 1.274063762344760653e-01 2.600321449322530107e-02 1.000000000000000000e+00 7.224400294280224066e-02 -1.863788619212116970e-01 -3.411313631638680094e-02 -6.714268862033667684e-02 2.091428543629072212e-01 1.432054916877231465e-01 5.966623127856576780e-02 -4.872731049788207869e-02 1.666888308627264836e-01 -1.454998565466799065e-01 1.386087581317289319e-01 -1.414018268858975302e-01 -9.686654812680162152e-02 -2.010951147120158822e-02 8.620900599354992810e-02 1.448722442342965412e-02 1.136826608887053086e-01 -1.782790119289210523e-02 -1.020294659814481586e-01 1.304223986808400459e-01 6.737104359623033445e-02 -1.608001220476198700e-01 -5.776531392954559196e-02 -4.450986227799742095e-02 8.668308180605265034e-02 4.137881173773017007e-02 -1.144366587977941746e-01 -8.445360449091361688e-02 -5.760936915138849604e-03 2.840913393696441885e-02 3.818319589813583964e-02 -4.728375434413956829e-02 -1.760542416168383306e-01 -8.450688846974407920e-02 1.457836217006783230e-01 -1.093555647849735191e-03 -3.810767434483868215e-03 9.179339457842302166e-03 4.530342192624789432e-02 -2.306243529933596492e-02 -2.090766684712546675e-01 1.841010406689909049e-02 -2.645840644208648923e-02 3.942202805414048161e-02 -6.719308189659530493e-04 7.677945034301919547e-02 -1.849647658102505643e-01 -1.576597854806824905e-01 -7.329634185789815626e-02 -5.834029635737530972e-02 -8.157072092971548449e-03 -3.772773223842811052e-02 -1.394362346287072174e-01 5.182003665132213499e-02 1.329278823517443531e-01 4.292201869119008362e-02 -1.067109148105562788e-01 -3.745170373824267124e-02 -1.039714445867570419e-01 -2.522720979774564082e-02 -1.168022313726731348e-01 -2.400043963294189522e-02 -1.939101323832392171e-02 9.907920012045454139e-02 -1.379011765274526513e-02 -1.137917893146568882e-01 9.693669752699715647e-02 7.726272570019872277e-02 5.856568854547522518e-02 1.116563576474197267e-01 1.055623940466158261e-01 5.336634740103973068e-02 1.941475825389271104e-01 2.652759898358726942e-01 -9.641546566475749092e-02 1.371957340878029452e-01 9.153114816497211204e-02 -7.209182351940164601e-02 -1.217686019642814366e-01 2.109826885208175018e-01 -9.687572967202667806e-02 -7.336940294879877589e-02 -6.955837823030094902e-02 -4.367535414159074564e-02 8.338275979268254187e-03 1.252093909586097717e-02 -2.236134278434384615e-02 1.167643400901304529e-01 -2.095665891547082715e-01 8.958155383000422634e-02 2.418633460692483639e-01 4.643299447221176796e-02 -4.630725123193014242e-02 -1.263013597082076611e-01 -2.088490754155255050e-02 5.219598247940353958e-02 -3.557260574670343539e-02 3.202474079401188001e-02 5.057795231610685838e-03 -7.025471707114869235e-02 -8.702040610179055669e-02 1.070985763526551837e-01 9.590290201228474087e-02
3.272686511843652985e-04 -1.892639823508521224e-01 3.454771637831391407e-02 8.258889418231818436e-02 -1.277636608568181176e-01 3.448562953222191613e-02 -2.784856288560035725e-02 -8.145372782723361849e-02 -2.202884791831805356e-01 5.925236187058244980e-02 2.876468376948838057e-01 7.224400294280224066e-02 1.000000000000000000e+00 3.400754845226962308e-02 -3.704864053564828341e-02 -1.968254080640974638e-02 -1.217500016266397367e-01 7.267831702613228306e-02 -3.598036050800611924e-02 -1.232935678861262797e-02 1.466090395668352697e-01 -9.412432036295553806e-02 -6.697883482266139832e-02 8.978697589947536029e-02 -5.784715498929148686e-02 3.912865998818049196e-02 1.485912308675542970e-01 1.803173784559060008e-02 -1.710923664689220081e-01 -1.502586542722236101e-02 -1.747285212703972024e-01 1.319580466833350681e-02 -6.383638020406381952e-02 -7.082923200087094806e-02 1.250711706681748858e-01 -1.800480835124378121e-01 2.566212025288793289e-02 1.114926148646977616e-01 2.543961010032659842e-01 2.436968924999602729e-02 -6.984057743512624150e-02 1.494473609150661630e-01 2.380158228097729312e-01 9.863952484194931161e-03 -7.276581505288436114e-02 -8.127925299069142795e-02 -6.454057157785408894e-03 1.013342899681710929e-01 1.040681802260250005e-01 1.225783007436169331e-01 1.006203887226633648e-01 4.970381308400004944e-02 -3.559529240477327661e-01 -1.700584494708987648e-01 -3.486965277147846543e-02 1.375038098931085362e-01 1.380227685780350821e-01 -1.428415071312562068e-01 2.420856314694318223e-01 -1.177975540455078324e-01 1.451505592832748048e-01 -1.508817983300015098e-01 -5.789764842890395696e-02 -1.404770656651600225e-01 -7.453535442874381634e-02 9.284134846947421360e-02 8.750372914110629563e-02 5.778540063799088994e-02 1.710827867028084093e-01 -2.487182956173488724e-01 -9.903088377523094898e-02 -9.528618028875572923e-03 8.835260347328006969e-02 -6.749699752694960676e-03 -3.351899976424178584e-01 -9.481067340640902952e-02 5.608472437800120225e-02 -1.635113037881058551e-01 7.842420201334007746e-03 4.085919128765577724e-02 -3.378762088834139088e-02 5.834137171904257152e-02 -1.339168513434466912e-01 2.077809558784381519e-02 1.077898452778285610e-01 -1.071148873430962656e-01 -5.851628144054456249e-02 -8.927143701907795789e-04 -1.380367091747819186e-01 1.088476670049452338e-01 1.491839266878653147e-01 1.184955324823454142e-01 -7.316169281292653204e-02 6.341662570908015994e-02 -1.767675446630725122e-01 -8.105858122026199982e-04 7.004050631179702113e-02 3.959375300797956382e-02 8.904536015655621639e-02 -1.741786260206113282e-02 1.232772776354695843e-01 1.162374899266808807e-02 1.259979146431281782e-01 -5.106838095060465404e-02 1.716055684758835756e-03 -1.126981445674681143e-01 9.304326868791741589e-02 -4.084384037619902957e-02 7.010982069851852405e-02 -3.658258275726035402e-02 -2.659855116168498013e-01 1.666145515380329789e-01 -1.878387573218662926e-02 -1.614071836972320872e-02 9.947290013489425153e-02
