1.000000000000000000e+00 -1.226294048678590598e-01 -3.529017159662776737e-01 -2.362406494541573199e-01 -5.360769891713308699e-03 -6.051026412138021254e-02 -4.297969118834887858e-01 2.474114547824113886e-01 3.659366362549074103e-01 1.568088964563999280e-02 -2.936529474375785820e-01 -2.580443646569667848e-01 -9.311477168183038278e-02 -5.941577963846814830e-02 -3.756989307141426204e-01 4.233439454276749503e-02 -1.937661071835093118e-01 -3.103917292535948724e-01 -7.761711388947550860e-02 -2.763653724897082165e-01 -4.307764899181657503e-01 -2.204482607757625168e-01 -8.810911697571245649e-02 -3.298530845826964097e-01 -1.271817357814055971e-01 -2.636243200768592088e-01 -2.830891499904695796e-01 -3.019238355239506899e-01 -2.363720686173481356e-01 -2.952457348766754364e-01 -1.502871424683429047e-01 -2.375849529027278806e-01 -1.738783245312703341e-01 -1.362871527817669237e-01 -5.395362348716853385e-01 -2.935300514945743955e-01 -3.206956801445082217e-01 -5.190877988237398988e-01 -4.545054837766498990e-01 -2.657707920188567274e-01 -4.267540177065770046e-01 -5.932773762117320437e-01 -5.797170251327276036e-01 -4.597576241635566441e-01 -2.994015230156482077e-01 8.906665687288291625e-03 5.413079866285519515e-01 1.234665530613909545e-01 -4.038686245604810043e-01 -4.346878410014799465e-01 -6.275321825192443637e-01 -5.982053338113917373e-01 3.552487571429186475e-01 -2.340789376753356008e-02 -3.262261638926670648e-01 -3.207586697652190649e-02 -1.608729718797400343e-01 1.327218529461607899e-01 1.755766276104588630e-01 -5.896087783693393369e-01 2.038660823913647502e-01 -6.481104309360800897e-02 -4.130095571483049510e-01 -1.068277196610495500e-01 1.943208527529003971e-01 9.956913320701861470e-02 -1.441264831910307742e-01 -7.480412354426096977e-02 -3.232726918992806509e-02 -2.924075687589849926e-01 -3.753884026594706547e-01 -5.178401655268893844e-02 -2.495321016557677796e-01 -2.751910392204296452e-01 -3.146255380975475080e-01 -2.837533443438673975e-01 -3.113739871468512721e-01 -3.177253883255671263e-01 -2.765457170137202714e-01 -2.980299814377653789e-01 -2.834339621255229091e-01 -4.212954040156545177e-01 -9.315386992448587700e-02 -4.095116172044880321e-01 -3.266825921231967383e-02 -4.005368508190552124e-01 -4.327398251978758492e-01 -4.540455550334608348e-01 -2.780559360815191283e-01 -3.120937650950782460e-01 -4.638860803138115108e-01 -4.625072530169541674e-01 -3.759348394990458808e-01 -5.672197793378809527e-02 5.312166936058362321e-01 -6.091549823045320222e-01 -2.447856032483932409e-01 -5.820552379097223561e-01 -5.436426359351078652e-01 -6.173963404533873156e-01 -4.533803846087683942e-01 -5.725545687529246530e-01 -6.257453002043648072e-01 -5.541138208643713314e-01 -6.160146516737095845e-02 -4.800672182846051766e-02 2.250025389376915097e-01 -2.421300374439888936e-01 7.746478365359003859e-02 -2.210899391195076877e-02 2.209308790771181141e-01 2.455766742209343212e-01 -2.986674474305334170e-01 -1.140282357840305266e-01 5.283684613849929518e-02
-1.226294048678590598e-01 1.000000000000000000e+00 1.681496989723660629e-01 2.130896345665149183e-01 -4.824392027354150458e-02 -7.500649010151612395e-02 1.395045266963914621e-01 2.058465671850013834e-01 -6.665730438419098514e-02 3.386197662776873479e-02 2.414140421737167030e-01 1.501624837884640018e-01 -8.043143603444753709e-02 -6.200393222652686442e-02 1.842912186933364505e-01 2.563359503504650250e-01 -5.916162843441743341e-02 -3.554782535815580180e-02 -4.084493646346793599e-02 9.105877696341213925e-03 4.199396838693242318e-02 -6.347673065033063167e-02 -1.069910164197160618e-01 1.556788623312184601e-02 3.905669306506771160e-02 2.764389261763082820e-02 -1.337662805126830015e-02 6.106700014517593006e-02 1.304431503364991418e-01 5.712395260227937088e-02 -1.381009856932660373e-01 -1.500720850284513810e-02 -1.291573222686362155e-01 -4.180804183521627526e-02 1.870501311257248278e-01 -5.052327172945283301e-02 -1.286197542821332085e-01 2.293000112906172505e-02 -6.332187943654409013e-02 -2.194059419602690381e-02 -5.178557358572571934e-02 6.723134006127844120e-02 7.638930185109311932e-02 1.243422558696294089e-01 -1.314688186785181179e-01 -1.058743034627392249e-01 -2.352107077728632367e-01 -7.077583517646358902e-02 3.067967761386051345e-02 -3.918054909812900000e-02 2.021502524249691457e-01 1.757556863552923454e-01 -1.518909819496093161e-01 -1.032782600994492650e-01 -1.498131362568880798e-01 -1.911527727678292293e-02 -7.578438779318275031e-02 -2.262494419923128941e-01 1.619510636929480385e-01 1.701858196898160536e-01 -1.701680754730897915e-01 -1.307713667223613097e-01 1.905838091382932864e-01 3.382752386287581903e-01 9.841008981364855746e-02 2.178974218849296651e-01 -1.068352276824299091e-01 -1.246253473346801283e-01 -3.547571014616530960e-02 -5.140396590330943705e-02 3.598437954520022214e-02 -1.378024529661383557e-01 -2.982241558582217691e-02 -1.107232657064093984e-03 -1.431671554558753938e-02 -1.313861391250649609e-02 8.729790554873620434e-02 -5.806400379275696716e-02 1.259386627005927017e-01 -3.853339600215600902e-02 8.604439018474654977e-02 1.544593272221428393e-01 1.238502667467755551e-02 2.631188137353898671e-02 -1.691977547752709365e-01 6.549196463357412346e-02 -1.195910727714847299e-01 1.191997100681444453e-02 -7.710601975439902722e-02 -6.575058094566436917e-02 -2.040115510622589334e-02 5.290427229916151025e-02 -7.208802281288478886e-02 1.626048906881411293e-01 -1.347993837625527380e-01 9.954620827078157486e-02 2.267193370121672047e-01 1.755569510530872179e-01 1.167357933760459487e-01 8.604893651239645114e-02 1.356289290173410822e-01 2.421538815865175165e-01 1.596902980960447638e-01 2.406445524192331598e-01 2.275376464716199337e-02 1.366034373976678651e-01 -4.375858337994758401e-02 -2.574456641941543639e-02 1.143233617120022472e-01 -1.653386412016577822e-01 2.239218720481888358e-01 -5.180273072955151464e-02 2.665191064044031832e-01 3.419659477816691107e-01 2.675513135715972823e-01
-3.529017159662776737e-01 1.681496989723660629e-01 1.000000000000000000e+00 3.813019190403534320e-01 -2.507769134168520986e-01 1.956583924213435299e-01 4.583794900348756030e-01 -1.329273473839590047e-01 -3.011871590062006332e-01 4.783091317843012058e-02 5.068960649300096044e-01 3.323354809821834066e-01 -2.253727907471909236e-02 1.482703196892722064e-01 4.263639520385421600e-01 1.525211286552883849e-01 3.838976980349298462e-01 4.078366704861037251e-01 3.541659053628235521e-01 4.797716703366989854e-01 5.274914072483001259e-01 5.015106575196877081e-01 2.398935370116381527e-01 4.153725805934069260e-01 5.444310097782266711e-01 5.594645449104507229e-01 4.980623493076685171e-01 3.913357232803897356e-01 4.636958839215054584e-01 5.613619923149487656e-01 3.401860655197981864e-01 3.212557539994644884e-01 3.335655325503765201e-01 2.036399140060095869e-01 5.055936253104444944e-01 4.047366359350336174e-01 2.014816641728029989e-01 5.022081886482510082e-01 3.503901431149876178e-01 4.919716162717550634e-01 4.327577632029034893e-01 4.798534153627013188e-01 5.950271744349642233e-01 5.813101210112521233e-01 2.419027570370335944e-01 -5.497147181444834302e-02 -4.956212710710069524e-01 -2.183863012934719461e-01 2.320699879576607894e-01 2.759734483263750482e-01 5.266617889839707578e-01 4.919224120955581481e-01 -4.010149456511442612e-01 -1.840966535743298882e-01 2.635438283156859018e-01 -1.432413303565353568e-01 -8.785944869232786836e-03 -3.619784453800106161e-01 1.070049346613478614e-01 4.588837675798342342e-01 -2.884152158374279074e-01 -1.717564566714997465e-01 2.992891586829751760e-01 2.864572406126280613e-01 -7.521803924090723903e-02 1.373861623495951090e-01 2.927905208436870077e-01 3.114255307447420518e-01 3.414269174063758738e-01 3.729567118278003801e-01 4.759380042630818042e-01 2.131289943414011734e-01 3.339721278581943564e-01 5.960543280774175390e-01 5.399172470945950986e-01 4.682621593292494167e-01 3.587383159958756895e-01 4.522153771180575932e-01 5.666269014626891254e-01 4.937700043175913822e-01 5.318363442246876183e-01 5.973034376982337967e-01 1.772509140240140224e-01 3.747482253983788758e-01 2.163190391718976535e-01 5.493950996067393788e-01 4.507057633499878535e-01 5.513862764358876678e-01 2.958988424079161961e-01 3.881805497596971244e-01 5.449368104277941827e-01 5.539054640350488112e-01 4.234542763166037060e-01 8.303422118583464462e-02 -5.483408053343186150e-01 4.154737854974265843e-01 2.113963342651128119e-01 4.216927353765453357e-01 5.104110686649249162e-01 4.957598210111798798e-01 3.507816191274865658e-01 5.255670299631427511e-01 5.630574196314033220e-01 5.296085564066269624e-01 -1.102508729162760964e-01 1.441387361605059314e-02 -2.133406570265274638e-01 1.453019550450489195e-01 6.198494735780248760e-02 -2.028882755860837439e-01 7.652676751895057250e-02 -2.109985388999553457e-01 3.234825322235862499e-01 2.597245857012885351e-01 1.093776818225087877e-01
-2.362406494541573199e-01 2.130896345665149183e-01 3.813019190403534320e-01 1.000000000000000000e+00 -1.703797917814908747e-01 2.143907121466461230e-01 5.435663054827822860e-01 6.775196777488337596e-02 -1.492163364109884427e-01 -1.628337004935880572e-01 2.103216162920324428e-01 6.140338956928362846e-01 -3.123500135851882409e-02 1.351555810501509081e-01 4.943107596074275412e-01 3.511042178922791912e-01 2.845133082796862389e-01 2.148496170414925799e-01 3.294905866631627211e-01 4.028722124208340971e-01 3.476228104356200999e-01 2.208346983022083654e-01 9.385557930429906659e-02 2.137295464002441636e-01 3.747612149159683104e-01 3.424633444622883771e-01 2.092475155563177369e-01 2.957133619263457858e-01 2.232569483806199073e-01 2.412107163051297465e-01 6.606296815222298391e-02 2.073533506981292129e-01 1.319852741308724653e-01 6.330484224756528777e-02 3.897235879090499844e-01 9.119042238829130897e-02 -3.000995608398384848e-02 2.416152345893579356e-01 -4.576972654187796280e-02 2.221367546614166355e-01 9.517330274519859856e-02 3.105761898136397692e-01 3.977864205976531786e-01 3.667510397582877668e-01 -1.437726597069002854e-01 -1.752381862540855761e-01 -4.323837958909946821e-01 -2.410394805351977476e-01 8.573465140614418278e-02 6.522257792804618537e-02 3.932753134906736836e-01 4.276973278181310789e-01 -3.674624059522701991e-01 -2.871123684696955114e-01 -1.698089186516396065e-01 -1.881582100782409617e-01 -4.308454036678653620e-02 -4.957955929144677309e-01 3.949551203245963982e-01 4.121068656335288849e-01 -3.403513601203903560e-01 -2.691045838820834146e-01 3.104463126932662242e-01 4.847888286167264527e-01 -8.387259997949576482e-03 2.372941069666099634e-01 1.334044497035661858e-01 9.354249260085742423e-02 2.996471635651851151e-01 1.747873222113947578e-01 2.882242979081248158e-01 3.771762677749047887e-02 1.323773802641299291e-01 3.638732527585639143e-01 2.639723936215206956e-01 2.549657853422413467e-01 3.023348855605340613e-01 1.798483681831878900e-01 3.539803792945350192e-01 2.105893157157177897e-01 2.407555777801067276e-01 2.803189734779497067e-01 1.889179394451468985e-01 2.413933447079962546e-01 2.722804373640110367e-02 2.578055370686105907e-01 1.169112906994907719e-01 2.608151007689034073e-01 -4.948839575832999355e-02 8.233489645272738799e-02 2.493300573117236130e-01 2.791682435865869838e-01 8.142054244203884850e-02 2.162682627232269672e-01 -4.475936458393650619e-01 3.037405964367962397e-01 2.973730613171329251e-01 4.433388019143669756e-01 3.915779894587622656e-01 3.400077559755463885e-01 2.961201371097448298e-01 4.452540158168557527e-01 4.864470665601757782e-01 4.407609367287186330e-01 -1.206429879827156382e-01 9.412285030795310148e-02 -2.090714278617603061e-01 -8.667064739533898721e-02 2.520108603245237999e-01 -3.629047823520482607e-01 3.744379885472168268e-01 -2.062476280673022078e-01 4.392685905409244862e-01 4.372572903384757126e-01 2.326376176578514310e-01
-5.360769891713308699e-03 -4.824392027354150458e-02 -2.507769134168520986e-01 -1.703797917814908747e-01 1.000000000000000000e+00 -6.323154381316456463e-02 -4.112756097380890208e-02 1.061633987777643728e-01 -7.589587200917315146e-02 -2.810287534356515488e-02 -8.693793789274782691e-02 -2.261715799320570541e-01 7.009948900774456981e-02 -4.962619255530351103e-02 -9.764698604370659896e-02 2.778061065168051149e-03 -2.688366326354066360e-01 -3.116012137927169356e-01 -1.550818955154817935e-01 -2.709760904245527291e-01 -3.407446776910912911e-01 -3.342741741762003116e-01 -2.728703014449343489e-01 -3.156713972734331852e-01 -3.004078074216912086e-01 -3.858842270449738265e-01 -4.211975676624194476e-01 -3.686301332488040039e-01 -2.737355971249608166e-01 -3.225218109886502926e-01 -1.817307651632903143e-01 -2.144191856887190939e-01 -1.442996915269357805e-01 -1.372350997878231116e-01 -5.533974231681908912e-02 -3.017664820670523662e-01 9.439679354464149130e-02 -6.280261498162290068e-02 -7.053998064106735411e-02 -3.697088780043070178e-01 -2.106079281959410132e-01 -1.196450867272050439e-01 -2.230307660013386151e-01 -2.813454892400881757e-01 -6.638444860183057017e-02 -4.105922574366452360e-02 6.207727679259613524e-02 2.530878856329608073e-01 1.675609916422713397e-01 9.520216753976411261e-02 -4.724864490171757497e-02 -9.485391013515136194e-02 1.763896490841382059e-01 2.562177468967989924e-01 5.461217741400740955e-02 2.813802845093127947e-01 1.344186623616519527e-01 2.743152960798688755e-01 -1.960967623053407882e-01 -1.752691192012805280e-02 1.617856282273968105e-01 2.691513886415048407e-01 1.314139478617331047e-01 -4.173790962112217118e-02 1.046690715181732984e-01 -1.878216687629711071e-02 -2.787841700630648845e-01 -2.695200124005816544e-01 -2.112397236786470733e-01 -3.108304472686557740e-01 -3.179791347335085838e-01 -2.646965949812388197e-01 -2.956232243566390694e-01 -3.689797659789194051e-01 -4.393524126434807386e-01 -4.386395086104233343e-01 -3.335970830580671231e-01 -4.154049264473335668e-01 -3.154541867913460695e-01 -3.941676622650105988e-01 -3.250881840346890317e-01 -1.822178457771247706e-01 -2.373185844729536753e-01 -2.130906198178635080e-02 -2.150571034177515550e-01 -2.934583439920426251e-01 -1.749281911521247401e-01 -2.066541415229684320e-01 -1.246843263532914498e-01 -3.034521953241236525e-01 -3.372721424387960520e-01 -2.702464343541207681e-01 -2.784254268400794263e-01 -1.328675095344845902e-01 2.039413120497554077e-01 2.091918912369505196e-02 1.434810467509877174e-01 -2.012206364275396023e-02 -1.161990703519235474e-01 -1.199403014545963320e-01 9.620480622260182968e-02 -1.059728156852643433e-01 -1.270024223486434789e-01 -3.823078738263591819e-02 2.479002502122321372e-01 2.430991152142917833e-01 1.593005396242929694e-01 1.108625315407551076e-01 1.494267341637031329e-02 2.359382067109458414e-01 -1.042806531237192580e-01 1.531201735719020796e-01 5.934809668899725804e-02 -6.547981666188745255e-03 6.358824806124811768e-02
-6.051026412138021254e-02 -7.500649010151612395e-02 1.956583924213435299e-01 2.143907121466461230e-01 -6.323154381316456463e-02 1.000000000000000000e+00 2.521712419594523413e-01 -2.757047762344412845e-01 -2.118156285446207432e-01 -6.508261411760493664e-02 -5.996776449440041623e-02 1.979585069293453847e-01 -2.065267523829929230e-02 4.069532157536679406e-01 2.054277507704286854e-01 -1.643264195509055170e-01 1.213036194659732614e-01 1.188715491489635845e-01 6.643500961722288711e-02 1.240317173595681804e-01 1.499547317544710212e-01 1.374419944988612974e-01 3.572775775959786959e-02 6.577037003693464445e-02 1.203209361085581380e-01 1.814257950428135313e-01 3.004772427979893745e-01 2.418112058270508180e-01 6.958616517345683761e-02 1.843877820031728232e-01 6.584654939315016942e-02 3.092079499857333102e-01 6.631311347141463641e-02 2.173384308700431200e-01 4.536693213991732643e-02 2.582646092872499799e-01 1.388701336993571622e-01 1.912211186279257347e-01 2.219450440601104801e-01 2.332699680876180737e-01 3.313823042289408272e-01 2.167361634159279959e-01 2.647575392329388766e-01 2.119004916733010502e-01 2.630665961989595569e-01 7.696918173726799428e-02 -1.265177177138569475e-01 -2.571907192449646162e-01 -4.559407271380884474e-02 6.864972955185433268e-02 -3.028209611286058686e-03 1.423237892929631911e-02 -1.680296181198877858e-01 -1.854747069080458777e-01 2.038311513650814880e-02 -2.576581518350845590e-01 -1.066983428857663091e-01 -1.403476252371273214e-01 -2.568057769163691745e-02 4.338459232152754030e-02 -1.468703462925071423e-01 -1.714569218113243532e-01 -1.256359391668298575e-01 -1.209505190766188426e-01 -3.169319632625831606e-01 -1.850119468178662019e-01 5.525004188076535622e-02 9.225942167395348448e-02 3.480458784372862657e-02 7.087641711399755851e-02 1.139146265691353688e-01 3.738405080777745804e-02 4.655118861348146730e-02 1.653750009940916921e-01 2.764864462759970554e-01 3.212907384483675854e-01 1.958069167506368558e-01 3.427722939789708545e-01 1.057651234812521240e-01 2.410812035404658882e-01 1.908847335239589049e-01 2.674790582200549729e-02 1.885603855984832322e-01 1.865032130861717929e-01 6.823677354846090226e-02 2.034052080341549051e-01 3.245361584404383715e-01 2.876365183964506578e-01 1.128938366041133956e-01 3.042637381549221365e-01 3.236188934167735787e-01 2.517658497386052741e-01 3.455446303472822223e-01 -1.951651450227069318e-01 -1.806088288108236017e-01 5.892970292465808668e-02 -1.990228207018044926e-01 -1.611048868172167744e-03 1.386119733045091673e-01 1.951963548143121896e-01 -1.215760490293215923e-01 -2.213756962779386134e-02 1.756311017651199791e-01 -4.868612598245024292e-02 -2.749928501276535098e-01 -2.491413180426035323e-01 -1.702192668798268027e-01 -1.275617930129684385e-01 -1.725545755984433105e-01 -1.793077861666172446e-01 -9.275829131041532505e-02 -2.393027146891233692e-01 -1.214806034848064098e-01 -1.650054348358441780e-01 -3.022464744177345009e-01
-4.297969118834887858e-01 1.395045266963914621e-01 4.583794900348756030e-01 5.435663054827822860e-01 -4.112756097380890208e-02 2.521712419594523413e-01 1.000000000000000000e+00 -1.731769490489365182e-01 -3.637771667298052014e-01 -9.643762596281849064e-02 3.673132242919764368e-01 4.707302233014619142e-01 1.255743849384524657e-01 2.472106167700815482e-01 8.098002065335855315e-01 2.149787257881110025e-01 1.407315282908325471e-01 -4.349156607962484031e-03 2.854932181249550949e-01 3.041409812833125725e-01 2.506313219017922145e-01 6.825478160000293670e-02 -1.974784579966864517e-01 2.406678604579151268e-02 3.068606147812043550e-01 2.356767384917858865e-01 1.016343059573055485e-01 8.848740085212623840e-02 1.636590121502869977e-01 2.204974706842367793e-01 8.601041534857375992e-02 2.577236213075975724e-01 1.941511695459104125e-01 1.293828468927751552e-01 6.993012966026981303e-01 1.736803817402198802e-01 4.056167539278404677e-01 6.730271651222536899e-01 3.510451709750761484e-01 2.145398934037511807e-01 3.946702438991040451e-01 6.408789964378256432e-01 6.650782300975198735e-01 4.996576144515445517e-01 2.210678805774297095e-01 2.252176867688479231e-02 -5.860309086390534938e-01 -1.631242891803025563e-01 5.250358420799080550e-01 5.241376055856351579e-01 6.780351930658397031e-01 6.092358941584375964e-01 -4.555113159098567732e-01 -1.205180614650550874e-01 1.608841463791306214e-01 -4.465320500771996493e-02 3.289363611083729322e-01 -3.191903125065185254e-01 -1.641002282084230018e-02 6.935954818586502757e-01 -4.058421133693615457e-01 -8.120629451566174772e-02 5.536354590394788611e-01 4.099701470662479585e-01 -1.968401389928789713e-01 6.585209353274844302e-02 -1.264893417275825549e-01 -9.802276299613935096e-02 1.087759124664407218e-01 -3.648119191835802466e-02 1.229476227328261673e-01 -2.386785432146554531e-01 -9.619528983505254427e-02 2.518575293996541120e-01 1.453669805725001096e-01 7.829147579823238223e-02 8.691866389367379486e-02 1.390011536049897134e-01 3.109656175041329851e-01 1.084692118183912951e-01 1.801898065287109441e-01 4.683929646579060302e-01 -6.472993433775875438e-02 6.628983728277422216e-01 -8.464627910487172724e-02 3.512327831083185137e-01 4.495355935520617408e-01 5.296343647891941231e-01 9.220838756348320731e-02 1.401230887852467077e-01 3.653054744906203966e-01 4.205882066381222972e-01 2.235894160988080859e-01 1.389199948554829533e-01 -5.214244263537508584e-01 6.981794141509901630e-01 4.904607483847276406e-01 6.753892945883935850e-01 6.938658093136168548e-01 6.598471818080998696e-01 5.641038581547734854e-01 5.989764168403499678e-01 7.794486508348761333e-01 6.993253795140584872e-01 6.405276923361372284e-03 2.210600144924278754e-01 -1.835299981311268036e-01 1.204930847181088921e-01 1.707803404460751240e-01 -1.453433206525835963e-01 3.367216502148544233e-02 -3.111887352366202730e-01 5.857567250699057260e-01 3.955550855944087174e-01 9.792327920813885533e-02
2.474114547824113886e-01 2.058465671850013834e-01 -1.329273473839590047e-01 6.775196777488337596e-02 1.061633987777643728e-01 -2.757047762344412845e-01 -1.731769490489365182e-01 1.000000000000000000e+00 3.032376866054836695e-01 -6.897619878217498002e-02 2.842051712120237036e-02 -1.047076657429144159e-01 -1.325054430221043467e-01 -2.928019140680468979e-01 -1.585207439894335824e-01 6.856944093877856972e-01 -1.614799916428927007e-01 -3.724418851391456675e-01 3.998028431084129503e-02 -8.918095669572721762e-02 -3.819251430448676876e-01 -3.615628029084226869e-01 -2.624161749438488900e-01 -3.804886019697467647e-01 1.000017083844325777e-01 -1.644901247453277870e-01 -3.877539042289733229e-01 -4.615220084707025161e-02 7.174597780647096190e-02 -2.367250737647275116e-01 -3.202498367036301641e-01 -1.514722564632460799e-01 -3.735769773069175792e-01 2.600734678251092821e-02 -2.560673954197797419e-01 -5.567906857272101329e-01 -2.791293910198967554e-01 -4.421743742285783596e-01 -6.738550080099173778e-01 -4.771543283630799714e-01 -7.227620455722438830e-01 -5.805871849332351342e-01 -5.254990709011639893e-01 -4.635515451990004365e-01 -5.169852655569130429e-01 2.907492703723519797e-02 1.687431279279831275e-01 4.902652090086169201e-01 -3.774861503929254070e-02 -2.440271332383246172e-01 -1.705444225248813894e-01 -9.901613301086811814e-02 4.283158137640213359e-01 3.016457259191851481e-01 -3.130987193317552597e-01 4.693719314775985918e-01 1.416910099857644767e-01 1.419127249293697934e-01 5.676780005095061199e-01 -2.598249008969106752e-02 3.678000208849707131e-01 2.622591388229589815e-01 3.197897838392189107e-01 5.476494510170519803e-01 7.486950158481219253e-01 5.639886006586023459e-01 -2.701897584384296280e-01 -3.066828388657759641e-01 9.555814660816604189e-02 -3.751863225036266014e-01 -4.021072700228017771e-01 -3.118274685252322986e-01 -3.870340756790099368e-01 -1.496547943235974620e-01 -3.258969006350808106e-01 -3.410591581893846480e-01 2.493151538960345411e-03 -5.581679609286439581e-01 -3.662564537797000780e-02 -4.833420357443792836e-01 -2.218582072213343415e-01 -2.850655111364738259e-01 2.683060049425909366e-01 -4.053220713915018369e-01 -4.054089498651997636e-01 -5.413343765103875160e-01 -7.063361133794004987e-01 -6.284616854712713474e-01 -5.839513306747795562e-01 -7.088780505172825874e-01 -6.486148285737949326e-01 -5.983692535067913765e-01 -7.231059359844015377e-01 3.219661204614520655e-01 1.997726247763352003e-01 -3.030703712414674067e-01 4.211241428537040865e-01 -1.247120205888787303e-01 -3.787356147917311233e-01 -5.738399256083016597e-01 1.337629166843788409e-01 -3.951924585675048451e-02 -3.619972702496969119e-01 -5.986256567166732545e-02 3.598869816138808297e-01 5.114147129082577958e-01 3.190201421554769157e-01 -6.656564254646271661e-02 5.010768853214279117e-01 -1.420483341482334412e-02 6.314752778494712171e-01 4.864443389887544988e-01 3.601363134669887112e-01 5.556610903614855879e-01 6.699976392247496415e-01
3.659366362549074103e-01 -6.665730438419098514e-02 -3.011871590062006332e-01 -1.492163364109884427e-01 -7.589587200917315146e-02 -2.118156285446207432e-01 -3.637771667298052014e-01 3.032376866054836695e-01 1.000000000000000000e+00 -5.604307052643018455e-02 -2.264364896696516583e-01 -2.278162218894226321e-01 -6.209591347082283469e-02 -1.623601273666443467e-01 -3.692274405338272225e-01 1.411149522205534801e-01 -1.863382803956731559e-01 -2.402119665536376347e-01 -1.197772770063205566e-01 -2.296945458860510381e-01 -3.202360168333580615e-01 -1.693923858691720741e-01 -1.182557604917038319e-01 -2.311638966203105328e-01 -6.210944894579385755e-02 -1.577495023906439753e-01 -1.800146054475688651e-01 -1.534503884028452780e-01 -1.146038328557763691e-01 -1.526568098800147877e-01 -1.884786361871948479e-01 -1.829072806870057910e-01 -2.773300227332605172e-01 -1.429144877872906283e-01 -3.571017068454020449e-01 -2.491787019446861096e-01 -2.995614077949684817e-01 -4.010466079137417483e-01 -3.574122278797726704e-01 -1.500168519932110478e-01 -3.441433743154972413e-01 -4.286319382965551039e-01 -4.173035751068336907e-01 -2.867612714822300735e-01 -3.039859948378496601e-01 7.287859261727738791e-02 3.777083082032559602e-01 1.249359098022296694e-01 -2.719834844770204207e-01 -2.976003873358439855e-01 -3.695273677937177537e-01 -2.708022325268814035e-01 2.200258525203261650e-01 -6.760482334522360803e-02 -3.220668929298880490e-01 -3.231967118235511745e-03 -1.607965423232571023e-01 3.383728171289746012e-02 1.786462862972387211e-01 -3.432631877095241313e-01 1.226912705775809742e-01 -6.841142077832169932e-02 -1.706043830114677418e-01 3.744874167932773362e-02 1.963603335483548873e-01 1.150653121956744518e-01 -1.459164934818532322e-01 -1.389925216433036403e-01 -6.310447046194762877e-02 -2.248905371909072914e-01 -2.768040449335696929e-01 -1.100926908980200403e-01 -1.936659009913887231e-01 -1.346813359256430753e-01 -1.806140801462268464e-01 -1.765033801785213241e-01 -1.470085040668768217e-01 -2.424405068657710383e-01 -1.290604300942478078e-01 -1.733919619227720643e-01 -1.410512565741698643e-01 -2.974724843752422632e-01 -3.084798684016077167e-02 -3.510542460999813152e-01 -1.578108652126428146e-01 -3.063942350899575007e-01 -4.276193049027611770e-01 -3.778211192860006506e-01 -2.710550850382671406e-01 -2.418322533688138931e-01 -3.355881199673620974e-01 -3.308591409279758588e-01 -3.068969676408253577e-01 6.104671842518679531e-02 3.212873063631038195e-01 -4.311962431701162335e-01 -1.107244235054810483e-01 -3.645251546464540748e-01 -3.610497376168619876e-01 -4.398857475489396651e-01 -2.841981064185945538e-01 -2.793156587441334993e-01 -4.197826312648434977e-01 -3.260081977960368471e-01 -5.778823648873011865e-02 -1.616824665109362329e-04 1.330223458550081062e-01 -2.153748196443111274e-01 5.937917943326688486e-02 -1.199212822011605090e-01 1.916757207021514142e-01 1.222238658812669909e-01 -1.331443675980602259e-01 3.551029979870808095e-02 1.429555129954959980e-01
1.568088964563999280e-02 3.386197662776873479e-02 4.783091317843012058e-02 -1.628337004935880572e-01 -2.810287534356515488e-02 -6.508261411760493664e-02 -9.643762596281849064e-02 -6.897619878217498002e-02 -5.604307052643018455e-02 1.000000000000000000e+00 2.010511429974518316e-01 -1.167773432414637297e-01 -1.450107368441762579e-01 -8.535843267382550725e-02 -4.651550539869905160e-02 -7.528876900900535740e-02 1.207976151042580160e-01 9.764672800838763989e-02 9.656542694430948759e-02 8.810506704793762134e-02 7.225082422865009013e-02 1.510557306175288050e-01 1.242838636966946964e-01 8.347208552754235844e-02 1.962437994680141240e-02 -8.958317263035340400e-03 4.114715225890789446e-02 -5.498583674721850556e-02 3.443462837141280514e-02 6.643017328293092383e-02 2.245581360186170994e-01 4.212527005545271125e-02 1.892219282619296006e-01 4.110327113972116198e-02 -3.438749660818096049e-02 9.041111108978533428e-02 1.439326173571349177e-01 9.388996335544190497e-02 9.367455815031960897e-02 7.013056738138573332e-02 1.186139753500236177e-01 8.005880989991462013e-03 4.019377496888663220e-02 1.419273568758081319e-02 1.662907475247770717e-01 -1.322311969290526374e-03 7.015184605930926964e-02 4.672930618984012102e-02 3.440884180954417726e-02 7.143849947781459597e-02 -4.780843218500924197e-02 -6.275492492782035192e-02 2.220920143941905456e-02 4.381910517306641245e-02 1.491517347936391347e-01 -2.250441856097142382e-02 7.759392301750661636e-02 1.049479327303670939e-01 -1.346002240337588751e-01 -3.831672096895602508e-02 4.489879472571532693e-02 1.323884167968704569e-02 -9.607955556602551517e-02 -1.339733079851964381e-01 -4.268805714030224352e-02 1.130231490151571878e-03 1.230222721313404960e-01 1.486352714867511526e-01 9.269484195693040995e-02 1.054779705950561058e-01 7.911341782527202271e-02 1.297243930516285004e-01 9.560546951587908793e-02 5.524279093653367001e-02 6.158643509690869128e-02 8.760912831147498955e-03 -7.106450504099968979e-02 6.690451581392606317e-02 7.685022736299647675e-03 9.517776195853822063e-02 7.380877322322038081e-02 5.724580336077651765e-02 -1.756936996582009539e-02 3.495051329243429455e-02 1.563198009603013749e-01 7.211300136944315264e-02 1.171256498045898792e-01 8.309544087106465748e-02 8.640326681405188780e-02 9.060578135174945924e-02 8.536509801848064793e-02 3.007867051576951570e-02 1.165448063078352026e-01 -2.142010030192804254e-02 -3.075024480578280803e-02 -3.481719004028317743e-02 -9.418473458412615629e-02 -6.465611061366938195e-02 6.964902536116514276e-03 -1.249992851628965208e-02 -7.101897918712690716e-02 -6.136377612203811754e-02 -2.588915979171536180e-02 -7.275584752164085400e-02 -7.701596627711912446e-02 -6.061326753408642631e-02 -2.460706974124805477e-02 3.441647542075113031e-02 1.017936157955592891e-02 6.331590432437771143e-02 -1.308732550683627816e-01 -3.020995119777243609e-02 -1.430219638638297597e-01 -1.095723621226720457e-01 -1.284536624754176182e-01
-2.936529474375785820e-01 2.414140421737167030e-01 5.068960649300096044e-01 2.103216162920324428e-01 -8.693793789274782691e-02 -5.996776449440041623e-02 3.673132242919764368e-01 2.842051712120237036e-02 -2.264364896696516583e-01 2.010511429974518316e-01 1.000000000000000000e+00 2.306675445793348600e-01 -9.975348700511005307e-03 4.733907198928007792e-02 4.060281274181743449e-01 1.737285624383796412e-01 1.887572666833274571e-01 1.616142894016201759e-01 2.082966812243186305e-01 3.052154548637631137e-01 2.986201643240909975e-01 2.375264159756473870e-01 3.159622770800604025e-02 1.819341836126569245e-01 3.535034827737176810e-01 2.871149519411501094e-01 2.392156591571744373e-01 2.536647499289036434e-01 3.904614426762770263e-01 3.303731837169886498e-01 2.037737388491973611e-01 2.730150526216168494e-01 2.117792648391007004e-01 2.312075533593061782e-01 4.411799713300186832e-01 2.564199746401061297e-01 2.568181342596618788e-01 4.351507597690605911e-01 2.638513092391109316e-01 2.643132800171928976e-01 2.699454163550819019e-01 3.748871426354218883e-01 4.345395169400759761e-01 3.677366789436695704e-01 2.291758918973708925e-01 -4.596257555876553935e-02 -3.924896705225947025e-01 -1.980634913860843810e-02 3.116686649368142770e-01 3.015184183054532285e-01 4.551883284863494916e-01 3.650654726640288339e-01 -2.253399666682283364e-01 4.750759359342295735e-02 2.767175476908612652e-01 6.168084276884113620e-02 2.151893730881619116e-01 -1.171770275493284746e-01 7.726611440308878143e-02 4.454243273273673642e-01 -1.156790199829412225e-01 2.270736036868914801e-02 3.408118986480784818e-01 2.735963439890911619e-01 4.933301587164867080e-02 1.533740792231258199e-01 6.868597115926089458e-02 1.035241842469891149e-01 1.683724361210214293e-01 1.491442048132546605e-01 2.311487615066568635e-01 1.623246047283874579e-03 1.058908821691898622e-01 3.741425786133718567e-01 3.085164352013254341e-01 1.985034111182727989e-01 2.559450518333732383e-01 1.913459302221915403e-01 4.081933926462916751e-01 2.340578816191780098e-01 3.181235451376437373e-01 4.100047148722357759e-01 1.817073380626301471e-01 3.050778027834352146e-01 1.916605321887174598e-02 3.471818892509844212e-01 2.561107555188328333e-01 3.608176957349126246e-01 1.528836597045118151e-01 1.437802098941988460e-01 2.963147062528280751e-01 2.934951556322314969e-01 1.902819173567012467e-01 3.449745464877831957e-02 -4.237805209332942136e-01 3.343194258559775700e-01 2.685194465766054250e-01 3.381951060005952692e-01 3.591152977763868437e-01 3.520191851131607153e-01 3.202131959720394550e-01 3.769424027554802437e-01 4.299943716665226567e-01 4.443731611474985854e-01 2.749949417247250436e-03 9.011014372889815383e-02 -1.139087713128397045e-01 1.870475339928018288e-01 5.456350055756150480e-02 -7.435453877107837950e-02 2.365609504471976807e-02 -1.158572198251209273e-01 3.143028249444252409e-01 2.685270016963707818e-01 1.382309778700774039e-01
-2.580443646569667848e-01 1.501624837884640018e-01 3.323354809821834066e-01 6.140338956928362846e-01 -2.261715799320570541e-01 1.979585069293453847e-01 4.707302233014619142e-01 -1.047076657429144159e-01 -2.278162218894226321e-01 -1.167773432414637297e-01 2.306675445793348600e-01 1.000000000000000000e+00 -1.532833813959579884e-02 2.119262376813665083e-01 4.194384780691260417e-01 2.157952209892426976e-01 2.984135648220385129e-01 3.069888933810477893e-01 2.397582811545634351e-01 3.700446335248051555e-01 4.241584864188334136e-01 3.200599338159473839e-01 1.860583390891468458e-01 3.154089484207837635e-01 3.778969123384295359e-01 4.211720978555876793e-01 3.558308597167317289e-01 3.592513673124723694e-01 3.006759992338621790e-01 3.281801524956275418e-01 6.302863457727564400e-02 1.437840511147267519e-01 1.161678070162296822e-01 1.306581394494369178e-02 3.289753600130670419e-01 1.900835711987994558e-01 -1.108044263984393762e-01 2.042481777103651031e-01 7.713333096152882873e-02 3.573428124137323914e-01 2.212237125770223356e-01 3.494704976373767535e-01 4.295470770868463073e-01 4.134480447523900537e-01 -6.489154664498983371e-02 -1.463916418638990802e-01 -3.890556881337579043e-01 -3.934356972198609359e-01 -5.089611032282138903e-02 -2.986140946382102521e-02 3.353388906192979468e-01 3.554882399505654988e-01 -3.440188766325510961e-01 -3.170598479040527273e-01 -1.207915483378531885e-01 -2.618319233124252743e-01 -9.229671769196340358e-02 -4.858431847527814873e-01 3.747561278865529366e-01 3.000064743517215082e-01 -3.283395633085064991e-01 -3.076245169645261401e-01 1.517786999895983369e-01 3.441915947708897305e-01 -7.883751474933066439e-02 9.128111994609694468e-02 2.220851540828594206e-01 1.711635125088087905e-01 2.398239361160450223e-01 2.721736604831045958e-01 3.813622512423561761e-01 1.467210601425190386e-01 2.525863035893199382e-01 4.067348225444103460e-01 3.921976286006043089e-01 3.616156302501191133e-01 3.402546944191285339e-01 3.388590620981293267e-01 4.318946830375939294e-01 2.992399763529341450e-01 3.449061499560488464e-01 3.004790874267576628e-01 1.253477024645990590e-01 1.520675467797945324e-01 1.070009484323474619e-01 3.185210126281248222e-01 1.669736665295454558e-01 3.106655494298143361e-01 1.083490971194276259e-01 2.304500411613405741e-01 3.674610700832527388e-01 3.711079817708449746e-01 2.149762684100189059e-01 9.329931978387770442e-02 -3.904991534084626403e-01 2.419251891703950996e-01 1.171968633121792391e-01 3.406579719886847490e-01 3.237565559242792657e-01 3.725059296132404718e-01 1.670980611502631552e-01 3.737676031829847978e-01 4.514361569568983712e-01 3.702079706029651196e-01 -1.710233749040402651e-01 -1.003121934247353797e-01 -1.902942285449466531e-01 -1.332497108780644063e-02 1.197590754988234751e-01 -3.466948088017670071e-01 3.153834542716172917e-01 -2.033906343642586656e-01 2.861091602524604705e-01 2.843261233416325973e-01 1.398449241914801189e-01
-9.311477168183038278e-02 -8.043143603444753709e-02 -2.253727907471909236e-02 -3.123500135851882409e-02 7.009948900774456981e-02 -2.065267523829929230e-02 1.255743849384524657e-01 -1.325054430221043467e-01 -6.209591347082283469e-02 -1.450107368441762579e-01 -9.975348700511005307e-03 -1.532833813959579884e-02 1.000000000000000000e+00 1.644775543343642565e-01 3.754816109828400944e-02 -1.196051126252463542e-01 -1.156105783967393275e-01 -1.277275729821201466e-01 -8.234332208629026317e-02 -8.207976359211500983e-02 -9.475290043206700819e-02 -1.077966129986610566e-01 -1.722822375914539461e-01 -1.187683037166910732e-01 -1.631545711767684592e-01 -1.298872976019082026e-01 -7.331045744631790873e-02 -9.192853852277137194e-02 -1.729873947503584586e-01 -6.649794390148815182e-02 -4.462426074958179140e-02 6.442726253878670872e-02 -1.810303619182192236e-02 3.142512948279605617e-02 8.956872546185752626e-02 -1.564179396555512649e-02 1.497571370931722878e-01 1.125780456923609063e-01 7.822863508928630527e-02 2.055959541609377397e-02 8.539959645480507677e-02 1.073963635523840082e-01 8.221228514111646180e-02 5.148587424035638849e-02 3.790877150183904337e-02 1.491191017272768260e-01 -1.771171830979342832e-01 -5.350043343021274739e-02 1.425089484004906371e-01 1.732429198046215868e-01 7.822205917673592801e-02 8.807290900141255541e-02 -2.075890908206769470e-01 -1.161029462160906162e-01 -8.929657470955858212e-02 -1.444429309351450419e-01 1.010642424112224713e-01 -6.457644325554739995e-02 -2.142908331695811963e-01 1.111038885694908412e-01 -1.732899218562338473e-01 -8.980076123886765460e-02 -2.158226396089556881e-02 -7.165733664431424288e-02 -2.448023790810842371e-01 -1.975342754797256295e-01 -1.686976157788383501e-01 -1.053988081629427392e-01 -1.345248890966907473e-01 -1.445924236528656759e-01 -1.094727011238960934e-01 -1.700521060510964133e-01 -1.444202456918327604e-01 -9.204142017709164569e-02 -1.298005848153886976e-01 -6.988853616003011526e-02 -9.636404395852665727e-02 -5.108687945846808465e-02 -5.668249206609309726e-02 -3.480488185775076904e-02 -1.078096159063435533e-01 -6.604441833120762440e-02 -1.077491189207207822e-01 1.815565330818190992e-01 -1.097696562455694747e-01 -1.285887741729437560e-02 8.388114153903769576e-02 6.312815498926876989e-02 -1.019388636259698361e-01 2.947547604119487782e-02 3.793814263363266825e-02 2.868323564763114106e-02 2.467498957764605039e-02 -5.184329849905605636e-03 -9.231483738771931180e-02 1.109048090564333372e-01 3.180390117341708785e-03 1.107114548035651874e-01 1.819700352032700696e-01 1.164608245451433516e-01 -2.367081285709297413e-03 2.474941720874391030e-02 1.284177727174553307e-01 3.447092301187736768e-02 -1.727447433938957277e-01 -3.090569568488778923e-02 -2.640054249201510550e-01 -1.919388226698355848e-01 -6.124955806290965921e-02 -1.033418546121442627e-01 -2.336890181439876257e-01 -2.647869425415251277e-01 -3.219679429393559889e-02 -7.456657025107032988e-02 -1.785659491745461291e-01
