1.000000000000000000e+00 7.156529095958476250e-02 1.033841731309662615e-01 1.139072695652642575e-01 2.057904101623019705e-02 -1.496075773021102451e-01 -1.061606852044004595e-01 1.439218207009567985e-01 1.262796534734017886e-02 -1.483713042125369141e-01 5.229734328514388381e-02 -3.534231058981601812e-03 -2.768479688715800441e-02 8.012796371767463843e-02 6.412401600978119565e-02 2.663712175341364022e-02 1.313289893274588727e-01 2.424878239317164279e-03 2.596157161166869343e-01 -2.923278079671413621e-01 -6.600046625485013474e-02 1.528600503813834777e-01 -5.784878451967345736e-02 7.412157417888974587e-02 -1.954789039218998437e-01 -1.098649666971304451e-01 -7.938597853052846431e-02 -3.199231005630038815e-01 2.504625597656237948e-02 -1.586883145847158838e-01 8.143480116057028387e-03 -5.037293416797872236e-02 -7.426437725647025423e-02 1.148315628315859423e-03 -1.669872093037094371e-02 -2.630921400675578226e-01 -4.924428467158710465e-02 -5.686464117362924342e-02 1.256435470857970582e-01 1.212601410777336929e-02 5.509972674110470703e-02 -1.142284606079395637e-01 9.231505407196854973e-02 6.675233115656448168e-02 -5.158092094195985272e-02 3.043782113524248212e-01 1.438207512862348381e-01 1.859945409381902337e-01 -1.274227405980883354e-01 1.022874821239855847e-01 -1.675632753292622124e-01 -1.736452579994144929e-01 -1.709201370447924750e-01 -2.728165618322465989e-03 2.770236441402922425e-02 -2.920695640572636489e-02 3.185127904324672188e-01 2.738795589846140799e-01 -8.880613194597419824e-02 5.729228243233829010e-02 1.451226692396806184e-01 -9.027926879974569607e-02 6.084900501706794890e-02 -5.241005661451515925e-03 1.499788211119147119e-01 -4.528598807349989985e-02 -1.869633663832893089e-01 8.113938600525727463e-02 7.529097889629532414e-02 7.159472763213454993e-02 1.290409879125246628e-01 -1.436654125232715851e-01 1.724510760286447966e-02 -7.620804158084597268e-02 -2.641364038406753684e-02 3.168444591668692634e-01 -6.083509777458161183e-02 -1.936290370432716124e-01 2.611010865105765077e-01 -4.030867639407413605e-02 -1.345427942093610496e-01 8.072001757859519067e-02 -4.842666620111397979e-02 -3.620708323882800700e-02 1.042099625447202582e-01 5.624071146624739712e-04 -1.676884005403151967e-01 1.101368386193524174e-01 -8.765463864770076108e-03 1.326618391772843575e-01 -8.565526045705001978e-02 -1.449986191570594787e-02 -2.527467259949574621e-02 -3.933537251666825718e-02 3.368834943576232838e-02 2.625641864505836101e-02 1.087634652264067858e-01 2.821111668747394718e-01 3.128383945476051475e-02 1.523777635689480166e-02 1.306138202116725044e-01 2.346544630148048385e-02 1.945549651420723225e-01 4.881825147153717737e-02 6.239347033336249682e-02 -1.674183267155833488e-02 9.389065410843704107e-02 -8.359924543919132478e-02 -2.013172999127892937e-01 6.856377833299461856e-03 1.925300720558403150e-02 1.329567480828978687e-01 1.633123718880297170e-01 -1.335912987070795865e-01 -7.964594748057410301e-02
7.156529095958476250e-02 1.000000000000000000e+00 1.109527386501045487e-01 -4.441296112236583354e-02 -1.372490197467053641e-02 -9.549541741372745418e-02 6.308217801750000409e-02 -8.078370447197785742e-02 7.454686716831125659e-02 -1.351001743534435140e-01 5.505676111133482598e-02 4.334539160902690924e-02 -2.003231184182735214e-01 -1.017920954070861278e-01 1.269539219079197923e-01 -6.915210077254504983e-02 -2.452092993402935350e-01 -2.692159870786112186e-02 -1.767422498158603000e-02 -6.269337917510467428e-02 8.508807932890063985e-02 2.293255881773659244e-02 -5.321647871048314216e-02 1.400174213094775542e-02 -5.027155547332837204e-02 -1.049243654563560557e-01 -2.272586271087718296e-02 1.287936066596649942e-01 -8.311180754762832745e-02 3.893509523216564377e-02 2.419080865530508218e-02 -3.197024379019339918e-02 8.978775458282094168e-03 -9.437950176555828796e-02 1.604369978835899421e-02 8.450651621367574751e-02 -1.367232950331171426e-01 3.859972066159049475e-02 -1.275058612232833344e-01 -9.027984921409280827e-02 9.054805891048230138e-02 3.064788184708657284e-02 -4.052759330336891397e-02 5.410797913965496864e-02 -1.180050912536234481e-01 4.146247686542324333e-03 -1.366302556262350421e-01 1.466167076608466437e-02 9.190281877329693760e-02 7.898941723326559361e-02 -1.365061995102668513e-01 1.146058977548989298e-02 2.459224448082693651e-03 -2.645701007199776841e-02 -3.682409640441179632e-02 -1.213595427176265701e-01 -3.868126883433891522e-02 -8.103261163951257229e-02 2.321316607180744576e-02 -1.860639833263983203e-02 -1.160375470768525152e-01 3.861520983679119640e-02 -2.974926587884827583e-02 -6.543143417542375551e-02 1.427612094572488382e-04 -1.160577775911563331e-01 -2.690184238072387130e-02 1.595847240414363377e-01 -6.834255845723832823e-02 -6.462160108172244899e-02 -3.482679713531848520e-02 4.256958813773030481e-02 -9.676771331872584259e-02 9.695567634848481497e-02 3.026603534580165830e-02 8.043865785290747750e-02 2.067702062485062518e-03 -6.144251373409328337e-02 4.416279633155309470e-02 -9.266026426674553451e-03 5.555782847169014882e-02 -1.961746271784515772e-01 -1.543357025378426783e-01 3.503684969898720331e-02 -4.380746607650764374e-03 -3.083415923861215421e-02 2.410438044576449987e-02 -6.150941013381096972e-02 1.342580443487211700e-03 -2.553028647536416049e-02 -1.633404317692344759e-02 -3.321421619164063865e-02 6.193023770390155419e-02 -1.153150313359698198e-01 -1.345445004025605518e-01 3.415691310135469949e-02 4.485288764367221376e-02 1.357597386758142670e-02 1.554904575567486865e-03 -5.904611793985280188e-02 5.224816145781641715e-04 -1.562012071208334144e-02 3.866562818571245286e-02 1.749700257430734651e-01 -1.367399401945315097e-02 -6.452678471468800692e-02 2.572813633910162826e-03 3.308131947709595094e-02 -5.975046144371223833e-02 -4.460172858183446276e-02 5.881437063039578889e-02 1.022827977902029672e-01 8.807871483234261389e-02 7.601285391658435531e-02 -7.156725199060416653e-02
1.033841731309662615e-01 1.109527386501045487e-01 1.000000000000000000e+00 1.406094933789200641e-01 -2.858875019025406972e-01 -1.729328610706440950e-01 -1.589130751352648974e-01 2.516263927447975890e-01 -4.800352445184068347e-03 5.169245185428562178e-02 -3.897946203753679950e-02 6.992449830933311627e-02 6.745128664890661166e-03 1.545617600622363474e-01 1.740300426419277291e-01 -8.758090741755659991e-02 4.445138263220742986e-02 -5.897621088939351136e-03 2.175128666824622525e-01 -9.869883490233043177e-02 3.559556250942123162e-02 3.021126223699649449e-01 -1.376638356852869227e-01 1.051238089406394743e-03 -6.572779633577040259e-02 -7.028231861708778005e-02 -2.624767629905395139e-01 5.706734412199172130e-03 -7.776076341431180372e-02 -2.150900632900019094e-01 5.374806933275127346e-02 5.001329862613162341e-02 1.054917350783417113e-01 1.035826852773724244e-01 1.133613693393801525e-01 -2.612890287203102901e-01 1.002604606504774593e-01 6.999170934953044543e-02 2.272712244950028659e-01 -9.749278607760368531e-02 1.491016352697665248e-01 -1.537318288080308515e-01 -8.580640019030785770e-02 3.830569540054266919e-02 1.615034939155035876e-01 2.251641860123612671e-01 4.616707252996984923e-02 2.199011547894959631e-02 1.674345858918419860e-01 2.077931773902471357e-01 -1.978732287647569921e-01 3.156557089622220869e-02 -1.229904286271634728e-01 -1.173269924400613257e-01 -2.539213974368758064e-01 -2.151420655375982094e-01 1.607744193752900508e-01 -1.617719187918347235e-01 6.720258445330906660e-02 -2.123876159738419343e-03 1.012789325227559378e-01 -1.905318707306766224e-02 -5.152717906108311707e-02 -1.708801476059759045e-02 9.047447372587257008e-02 4.539842915189701983e-02 3.383492097026426226e-02 -2.354730391914307275e-02 -5.127465308243236985e-02 2.921559457954229014e-02 2.366444582186135945e-02 -8.290769867461660059e-02 -6.792482531532657852e-02 5.935320124864230246e-02 -9.406654907671445354e-02 1.383416093631250066e-01 -1.734391000201639110e-01 -1.548137867160350734e-01 7.639103870504225513e-02 -1.986753651541160737e-01 -3.988172620063833440e-01 1.606541176846144614e-01 -3.505426338786746948e-02 -1.457774664770437045e-01 -9.256102780306185718e-02 -1.872865847157170194e-01 -1.187386425283057656e-01 1.983039102884245619e-01 -8.221189424480879193e-02 2.101623654463924060e-02 -4.033430015010922715e-02 -1.643217528443550318e-02 -9.332991605823628967e-02 6.758916422905431043e-02 -8.893156227184766116e-02 1.905104207944439132e-01 -8.002714035687111260e-02 -1.899100859920626466e-02 -8.305384995297648842e-02 -6.550746437130261501e-02 1.268247156655999061e-03 1.305695019888208630e-01 1.838307410291955546e-01 2.308245546168236420e-02 7.291463405440301582e-02 7.173455740345272003e-02 -1.087652369790384627e-01 1.091408223822411538e-01 -1.784611094611557036e-01 1.068036362857505139e-01 -7.770501507726090828e-02 7.538055222765589758e-02 1.158082145690405018e-01 -3.212570900230563020e-02 -9.606635174712788161e-02
1.139072695652642575e-01 -4.441296112236583354e-02 1.406094933789200641e-01 1.000000000000000000e+00 1.475411446069431753e-01 -1.539343759446982519e-02 -6.789351973374455063e-02 5.590934227914037130e-02 1.015781622255552963e-01 9.922954509446031690e-02 4.896899566000571802e-02 -4.606288284138689015e-02 8.933081782307322749e-02 -6.150373549635333725e-02 -8.380524940296620040e-02 1.170376186301334415e-01 4.526276769383540122e-02 -4.250756183301144381e-02 2.200025939630622374e-01 -4.080147728269271391e-03 8.772410405015390600e-02 7.350582934063025486e-02 -7.564050359807194569e-03 1.651461723624439437e-01 -2.162134743341572463e-01 -4.515706151156165249e-02 -8.281245871908553269e-02 1.978034072430489426e-02 3.111635433967811087e-02 2.680141007282919180e-02 -1.830679982375531256e-01 -1.690112001631548511e-01 -5.669881605235272543e-02 5.261154398408750266e-02 4.456378160837966285e-02 6.668154695590881864e-02 -5.376932351146508637e-02 4.837296716391766699e-02 9.933241186552931035e-02 1.792466503142947643e-02 -5.952279581842900152e-02 8.856002005284467626e-02 7.966311371322649937e-02 -1.022742075702569742e-03 -1.064704454488372559e-01 1.503134328928617258e-01 6.413430850135988515e-02 1.048437716622825470e-03 -7.467058559555768416e-02 1.177053334166261594e-01 -8.378574063960302076e-02 1.798512866404550214e-01 -1.348676691170653252e-01 1.357249225561756034e-01 -1.281923582687649887e-01 4.326875567989017096e-02 9.346850042132195946e-02 5.809113931318249380e-02 -1.718451132391796490e-02 8.212415662766341107e-02 6.887965118537299480e-02 -5.953750090242372617e-02 7.902964847348674035e-03 -1.139869964284477011e-01 6.115211767259419451e-02 1.414234652933040737e-01 1.286114831508071085e-02 1.555850244409709253e-02 1.691078746414327039e-01 2.161488521252691655e-02 -9.951631660396030588e-02 -2.314925879891263638e-01 -6.547008533492341444e-03 -1.266996267348250993e-01 -4.583323197817545935e-02 4.249419793362407827e-02 -1.875396797552288664e-01 -1.295327594265119064e-01 -2.069051638261485901e-02 -4.204661793738534437e-02 -9.881257212174673898e-02 1.147324801677122030e-01 -7.521071421194472362e-02 -6.957917970646174122e-02 4.938660547338598328e-02 8.047366871363049665e-03 -7.179455361258692270e-02 -4.061840315598831685e-02 1.218475040890833194e-01 6.811661973248456237e-02 2.975279298072016146e-02 6.233425452623533869e-02 8.319150964787203062e-02 -1.144552759450884333e-01 -5.636599048244752413e-02 3.033494910570250780e-01 -5.356852159319157314e-02 4.281081057135027040e-02 7.889930168893878604e-02 8.253369648129577074e-02 1.257449339954726762e-02 1.452497663565244235e-02 -2.429158837190749376e-02 -9.828109389817780983e-02 1.526722972859665961e-01 1.432899095321818750e-01 -1.698705895283656245e-02 -1.315630687027417034e-01 8.285052609828248704e-02 -5.166850601451702940e-02 4.118310424739329151e-02 8.462707043526397632e-02 9.116893535206765931e-02 1.075102532695546877e-02 7.439722631475523262e-02
2.057904101623019705e-02 -1.372490197467053641e-02 -2.858875019025406972e-01 1.475411446069431753e-01 1.000000000000000000e+00 7.329606108929972996e-02 2.256247544109802119e-02 -2.351340239686211808e-01 4.061893291173745285e-02 -8.035955904626836122e-02 -6.189424527646038635e-03 6.828011450929557732e-03 -1.758017967322749245e-02 -1.733939724660911730e-01 1.775852683733658219e-02 1.970221970631114983e-01 -2.163757294443297095e-03 -2.960338100318316013e-01 -1.970743583332624504e-01 1.877005073508195010e-01 6.814993779023456599e-02 -1.400754707913398067e-01 6.359415139870755462e-02 2.876211669578842001e-01 9.866027552235701048e-03 7.160361511022035608e-02 2.287664231332052767e-01 -6.922282461399226206e-02 6.337647909860107120e-02 1.364322516674694452e-01 -1.801421665879902878e-01 -4.345426185527791196e-02 -1.682923106842835470e-01 1.833938016055164100e-01 -3.643235434664109929e-01 3.573788217804121370e-01 -8.999156517814578538e-02 2.241414213116334486e-01 -1.940819005145131559e-01 3.062057918967167613e-01 -1.704442353694405055e-01 3.634712460348457630e-02 -3.687009407154832191e-02 1.244579903622101968e-01 -2.464900287546464563e-01 -6.392969424940166123e-02 3.987007282997702406e-03 -5.697125864409986751e-02 -1.090183040055237168e-01 3.789491123945386286e-02 1.577597165351364850e-01 -1.797061530328545598e-01 8.803153235305302693e-02 1.681336736062665205e-01 1.150838758502683995e-01 1.891914307686462515e-01 -6.361014503406119125e-02 5.938671184388045338e-02 -1.144064250057186954e-01 -3.132068468491809587e-02 1.660065458236652247e-02 1.183430490499199350e-01 2.102101537308510501e-03 6.927129201678859649e-02 -1.320249987017538817e-01 1.820709199934054771e-03 2.516107938460762639e-01 3.611689049403782326e-02 1.413788704813234431e-01 1.002399524389116364e-01 -1.951767941055707889e-01 6.608243189926647776e-02 1.915031017607652375e-01 -2.605013041100706639e-01 1.480917510673409043e-01 -1.503079857910353534e-01 6.817249410606142368e-02 -1.169338144686947988e-02 -3.053256992767166000e-01 2.386755269634066590e-01 1.797093729158688591e-01 -1.439577124151108763e-04 -4.508736803592860998e-02 2.222394669046963422e-01 9.432239657066182961e-03 2.459746274962923418e-02 2.222932142743457573e-01 -1.681039845798423249e-01 2.133951955015885860e-01 -6.136125674918443962e-02 -3.477879684516444608e-02 1.569553885550087902e-01 1.725765349997510634e-01 -1.218521852244916909e-01 1.076616925214629247e-02 2.173558774315770825e-01 7.786737216421087127e-02 8.671923815151158510e-02 6.677930706531295946e-02 9.315250616890437263e-02 4.439423178606657222e-02 1.572344422031316802e-01 1.072573467262816077e-01 -7.122627278486742819e-02 1.370996549594318548e-01 1.865472786279765705e-01 -3.572152893112261890e-02 -1.458441886822577360e-01 1.059471936426135685e-01 -2.408791873684596185e-01 7.872141763481040055e-02 1.472722092317690738e-02 -1.453499667366142112e-01 5.361933816206151254e-02 2.243623491768112488e-01
-1.496075773021102451e-01 -9.549541741372745418e-02 -1.729328610706440950e-01 -1.539343759446982519e-02 7.329606108929972996e-02 1.000000000000000000e+00 6.565129760726169661e-02 -1.098760064411099524e-01 -7.368102914186540342e-02 -7.193265916672469951e-02 -2.668406604088519041e-02 -2.150227073842200798e-02 1.384767712599749567e-01 -7.749637820150566403e-02 -1.460621227146919054e-01 9.882157175369299731e-03 -2.720799892762363042e-03 8.725734619505368106e-02 -2.189869825769218681e-01 2.512468224733270805e-01 -9.415210084410723101e-02 -2.165309832022258019e-02 1.566424274172866227e-01 -1.541407885966810665e-01 1.262507770394791749e-02 3.476930270900905479e-02 -2.228041679146436707e-02 2.673336825280016038e-01 -9.858025073980404562e-02 5.215907129020268956e-02 1.619671153705810884e-02 -9.439318707207151882e-02 1.054926654421410072e-02 6.228356444907688638e-02 1.122638541592850259e-01 5.554111706806703908e-02 -6.586242924629732987e-03 2.399636896060252517e-02 -8.274035794156710255e-02 1.530034626320889712e-01 -1.016703958500138338e-01 1.743588691503198951e-01 7.395976903766832145e-02 -1.618494604281797145e-01 1.062777554608744790e-01 -1.943538097537040590e-04 -1.229240270897628551e-01 9.365041690429122545e-02 1.332383807884149514e-02 -2.573492313393771491e-02 3.560642594622200896e-01 1.200522082360212517e-01 9.260643558947703746e-02 1.402242686702587227e-01 -1.082790907783054563e-01 -1.051492535072796053e-01 -6.293657996491001938e-02 -1.069361298871618488e-01 -1.078769023048056219e-01 -8.128548093271185937e-02 -4.832581099618964843e-02 1.117597085259422890e-01 -1.062092250915433744e-01 1.362376974986144983e-02 -2.657130755134610167e-01 1.867686865251169392e-01 1.828336390723719618e-01 -1.041593130383805799e-01 5.951046852810446160e-03 -1.233193942118735176e-01 -5.467513362598678400e-02 1.427680891476321434e-01 -1.993352211530621809e-01 2.457474356513969158e-02 2.938762190278701100e-02 -1.267192295025423854e-01 1.214642689258745994e-01 1.761740684778768384e-01 -2.461269582851318902e-02 -2.661949427759721133e-03 7.120671301172341872e-02 -1.468168083599203644e-01 1.182182458882372472e-01 9.065094708524802647e-02 6.822353897803046241e-02 6.562766785935279790e-02 -5.577115423773886665e-02 -2.515426108996888371e-02 2.764401077242954405e-02 -1.498199306392983265e-01 9.134786127347141460e-02 7.060710017653233639e-02 4.259617629863340915e-02 -3.685746763800220455e-02 1.084907408127337158e-01 -7.102768639408645057e-02 -1.012929600720276768e-01 -3.155729846946758732e-02 -1.001390290129482302e-01 -1.683944372204980999e-01 -1.857926442793496613e-01 -1.242347255296686985e-02 -7.921401427211649526e-02 1.028740293387376964e-01 -3.285240191332172363e-03 -7.947185558202342348e-02 -1.998166601656365671e-01 -1.479032033870290863e-02 2.567778683031137210e-01 -9.198187544398850335e-02 -5.914283187492301586e-02 -2.226321043888971896e-01 -2.340104350135699951e-01 7.366461397184792537e-02 -1.122296760415004285e-02
-1.061606852044004595e-01 6.308217801750000409e-02 -1.589130751352648974e-01 -6.789351973374455063e-02 2.256247544109802119e-02 6.565129760726169661e-02 1.000000000000000000e+00 -1.723335853627589731e-01 -8.358409516703937947e-02 -1.236373481281864833e-01 -4.485323575027606174e-02 7.777578808346052863e-02 9.041264570983600923e-02 3.384615134620654053e-02 1.448338962029325772e-01 7.893247556356257355e-02 5.053006078481055499e-03 4.319064925936277888e-02 8.194182380005836852e-04 6.681570850006060547e-02 1.197343870176608566e-01 -3.081228059447052234e-02 1.131256647304311469e-01 -1.556795290815800835e-02 -6.429335531663454839e-02 6.599476056659588086e-02 -8.491828764842034027e-02 5.705490531256168091e-04 6.102863430054636384e-02 1.234677025645826848e-01 7.505809879658362216e-02 -1.330387962476654862e-01 -5.491778836989929385e-02 -1.557222066629972146e-01 4.728466462788322167e-02 1.440566488742094087e-01 1.446578502934946567e-02 4.555807290525474597e-03 -1.238246371422254133e-01 8.367192689032905417e-02 -1.066257028071795248e-03 1.333435308078383119e-01 1.061282636713099525e-01 -5.283419440300201469e-02 -2.325970607450288663e-01 -1.417473959204668815e-02 -2.588288545962135201e-01 1.367826723677842693e-01 9.245597444545063451e-03 8.959161037208918099e-02 1.818817825781249937e-03 1.109242060993148316e-01 8.837094850469072102e-03 5.158820863240552029e-02 7.945453549850184372e-02 6.542861267495256317e-02 1.132221533582027234e-01 -4.189498347946588042e-03 4.660065130007529782e-02 -1.146189793834154896e-02 -2.760551574806031083e-01 9.106705286424229481e-03 -1.009180311703930383e-01 -2.510315234674182494e-01 -9.098814271206201454e-02 5.204046254945367961e-02 8.878391117817682754e-02 -5.081572959013726937e-02 -4.849739116976446718e-02 -9.084470255359310825e-03 4.556999278937629017e-02 6.146030662251537185e-02 -1.280528314955142188e-01 -5.480080536771588136e-03 1.311181504549180088e-01 8.517620335395395537e-02 1.572325714749099879e-01 9.493114370588215389e-02 6.160605145348718031e-02 -5.773107894779488242e-02 8.842381124234684198e-02 -6.367509256323654332e-02 -1.532371075664340498e-02 -1.271322477078968283e-01 5.937901818218274674e-02 1.599467931125838072e-01 5.118887740014402277e-02 8.302950319821664205e-02 -6.310690711240361794e-02 -1.341886251744901504e-01 6.540465308245524412e-02 -7.762057204129052534e-02 -3.394141708090771259e-02 1.252657224992849705e-01 -9.868853960143128545e-02 -1.080437872630802404e-01 9.168918937789286017e-02 -1.809229778411587941e-01 1.450649123249613814e-01 -3.321514860042017875e-02 -1.935590223836613361e-02 -2.571805833292746882e-02 -7.763398557260078880e-02 -3.757846366759069051e-02 -4.871429881946996721e-02 -9.457517331352810475e-02 -4.403820775875770879e-03 -7.077059944197525154e-02 1.687708948287973409e-01 -8.455890811769914417e-02 -3.849672413426104278e-02 -5.383708245367682839e-03 -1.651998773313529956e-01 1.075427473556590935e-01 1.698601281117745332e-02
1.439218207009567985e-01 -8.078370447197785742e-02 2.516263927447975890e-01 5.590934227914037130e-02 -2.351340239686211808e-01 -1.098760064411099524e-01 -1.723335853627589731e-01 1.000000000000000000e+00 1.041288633948756343e-01 8.321541491556280756e-02 -1.286326896465884162e-01 -2.208055902711961865e-02 -1.428931586108274192e-02 1.401608011194808434e-01 1.007171638712178463e-01 -1.132059555872612366e-01 1.803751973341640724e-01 1.644807463890564925e-01 3.361745868348345323e-01 -1.421602744668351015e-01 -2.750876833640101757e-02 4.943785963802062589e-01 -3.181930211768675409e-01 3.326784640134097110e-02 9.525260953086922555e-03 -3.329443125624643729e-01 -1.544589165953168530e-01 -9.357296259284474116e-02 -1.898937035629857106e-01 -2.755060134142096606e-01 8.287516380283885264e-02 1.377715782290979060e-02 1.089861322461445486e-01 -9.837894851878949132e-02 6.348798607219999224e-02 -3.817135451539052093e-01 -3.088966847639794053e-02 -1.793289629511930494e-01 4.646231745100555255e-01 -1.778797793611059108e-01 5.638238012849419029e-02 -1.622505273141242044e-01 -2.376704920877224445e-02 4.895527776429489664e-02 2.206454620550011847e-01 2.578138196521743697e-01 1.861407635340768252e-01 1.724773759456456335e-02 -1.887814745805911978e-02 3.622186393814497835e-02 -2.357107242613299125e-01 1.094445681155483546e-02 -2.909837378265788810e-01 -4.058677694290017679e-01 -2.142503221716549056e-01 -3.127948016884059546e-01 2.203005079622733509e-01 6.807034170320562516e-02 1.717547715922414786e-01 -3.697068207419746538e-02 2.272916840207533373e-01 -2.425313400321132407e-01 2.609061502927449427e-01 5.364283457030478985e-02 4.423756931432163975e-01 -1.351321736133783702e-01 -5.500644268937512210e-02 -5.352265908023552329e-03 1.015663965528894042e-01 2.537594518421991130e-01 2.449097946376446039e-02 -6.287112097459901516e-02 3.621154644307174146e-03 2.522604782142805549e-02 -3.594527498988820402e-01 6.402836739999946680e-02 -2.537486569572579009e-01 -2.764349742395774689e-01 1.813953108911699752e-01 -1.795548338969047142e-01 -4.549627057506462346e-01 1.913928000807684771e-01 2.950566549305110899e-03 -3.109227193925570565e-01 -1.907286970947188742e-01 -3.529118897231025009e-01 -2.732022917192808431e-01 2.689484252901307437e-01 -1.391956627089426801e-01 2.895233334248724713e-02 -1.889767930636293281e-01 2.932627849340183057e-02 -2.509919032241134107e-01 -1.051374655471078862e-01 -1.047285126702830194e-01 1.058186535462718320e-01 2.505339904908318593e-01 -8.793296417936141349e-03 -1.567173753419246751e-01 3.264922432610831843e-02 3.503830709340884919e-01 -9.651759226923938007e-02 7.468446932441175079e-02 -1.430141653972922533e-01 2.371780700395517971e-01 1.896264829218351211e-01 1.686353536045089585e-01 6.886351036153552652e-02 -1.611279718686197404e-01 6.554720760999779849e-02 -5.143366497816426186e-02 8.544236739159544528e-03 2.418692508433373245e-01 -6.269153339612765219e-02 -1.852547933803939395e-01
1.262796534734017886e-02 7.454686716831125659e-02 -4.800352445184068347e-03 1.015781622255552963e-01 4.061893291173745285e-02 -7.368102914186540342e-02 -8.358409516703937947e-02 1.041288633948756343e-01 1.000000000000000000e+00 6.447976309549305340e-02 8.940722924230147528e-02 -1.937180539434690540e-01 1.478145850387492521e-02 8.902698601475551865e-02 3.332047602192900193e-02 1.399050458271460795e-01 -1.131848488290241456e-02 1.057108612468763836e-01 6.609912405586067241e-02 -2.371177508397568634e-01 1.561267560304178126e-01 2.830030202771051662e-01 -1.273742192576437782e-01 -2.703505732745637227e-02 4.174539838463836583e-02 -2.566144421699564360e-01 -1.786914920799318740e-01 6.630380807270636057e-02 -1.975460164590136791e-01 -8.717086773581163295e-02 4.306176744186267918e-02 -1.619804515110920620e-02 1.123357599456472067e-01 8.689940457008936414e-02 1.572659450887470001e-01 -2.032497106007101206e-01 1.958447594009595227e-01 -1.675897240066563654e-01 2.149504154689369229e-01 -2.003412170960458538e-01 8.566719453075145874e-02 -1.016087493988842710e-01 9.718653392565357318e-02 -7.706519192931579609e-02 9.018633248296809013e-02 -6.991219125995798422e-02 -7.310314820357380339e-02 8.151059907220963019e-02 -5.430373113724581979e-02 -5.456104486485500310e-02 -7.868468200968910253e-02 -3.247411758770014228e-02 -4.243083847032524253e-02 -1.878350709102025728e-01 -1.489426319244328001e-01 -2.679562877885796612e-01 1.788177172669281612e-01 1.211188861906704606e-01 1.281132803215825344e-01 7.809579365333325918e-02 1.049384730938661553e-01 -1.621037288579332547e-01 -1.472143064221252858e-02 -1.128590000206814402e-02 3.336577092526908650e-02 -2.075094503314830335e-02 -2.025528146972022103e-01 5.691248044401736594e-02 -1.114197610854229942e-01 -7.088345358623268470e-03 1.312373430061543611e-01 4.746382906682520999e-04 -1.483843993244245152e-01 5.838750088748643347e-02 -2.341775359923092548e-01 1.311485938050984679e-01 1.695430820865800881e-02 -1.609843231560233734e-01 1.165166661231581413e-01 -2.227948518081204476e-01 -9.671428865399875341e-02 1.983709232342004136e-02 -6.100397753328518080e-02 -2.263832479358829364e-01 -5.545522652231646421e-02 -1.998204122963536389e-01 -5.887786541792362077e-02 1.491069016626024035e-01 -8.125446261829676053e-02 4.648969815901908553e-02 2.758055882765282352e-01 2.979518709436541554e-02 -1.207727950207568429e-01 5.261096971787138088e-02 -1.574974184589832404e-01 4.653214962288262924e-02 -1.980223218738565993e-01 5.342176856844281507e-02 2.462641395614751164e-02 7.055636308478185903e-02 -9.124479320671173566e-02 -2.185739989598705357e-01 -9.506207328000667450e-03 -2.632059975809979482e-02 1.621851849416833247e-01 8.595703272083944635e-02 3.555813329449057647e-02 7.309442820319399237e-02 8.869314000383603236e-02 1.798975706833916000e-01 -1.680260797534832429e-01 9.289871928377189253e-03 -4.511662603087495142e-04 5.419937859639554351e-02 -1.239136689423254861e-01
-1.483713042125369141e-01 -1.351001743534435140e-01 5.169245185428562178e-02 9.922954509446031690e-02 -8.035955904626836122e-02 -7.193265916672469951e-02 -1.236373481281864833e-01 8.321541491556280756e-02 6.447976309549305340e-02 1.000000000000000000e+00 -1.459482744422413159e-01 -3.278904736110827556e-01 -6.804398436411425444e-02 1.057540146551123605e-01 -1.436862724160273830e-01 -3.028738534277609917e-02 4.124752304859007762e-02 1.478110984673451922e-01 9.463438433524293952e-03 1.110810957479273497e-01 1.214283046235177521e-01 -9.746958114537258595e-04 -5.200884475160506230e-04 -2.026712115037044570e-01 -1.417499351280373798e-01 1.225791572422877812e-01 -1.018731028908853864e-01 8.359168768827328344e-02 -8.845795626568164760e-02 -3.330043387476682576e-02 7.774318358831916118e-03 1.063527086886272427e-01 -6.692399835020813870e-02 -1.090447613790894860e-01 -7.862080007691533631e-03 -8.893658055065435664e-02 1.005950136673542106e-01 5.701329312663581256e-02 2.605186243786655059e-02 -1.810376557179119994e-01 -2.945772073450984851e-02 -1.069016415460578712e-01 -2.452656326576928628e-02 -1.844273986661924547e-01 9.025362852351122289e-02 -3.472303477415827899e-02 2.045311968093321275e-01 1.219424646847305088e-01 -1.589502059835291303e-01 3.706315569200106103e-02 -3.014556752948697668e-02 2.587659210000992430e-02 -7.343127714346606161e-02 1.879347530373647393e-02 1.210501454027523432e-01 2.436766291747483049e-02 -4.141445357731703830e-02 1.930496629448543496e-03 1.615214913033602984e-01 5.166772008264026300e-02 6.125968115558156485e-02 1.526686897519714814e-02 -7.608211561735911399e-02 3.626983193733009092e-03 -1.876591116984198046e-02 9.202850389840085132e-02 -1.218843953590982437e-01 -1.264788462938122859e-01 -1.293050762387503994e-01 -9.313860793316487349e-03 1.557882639611724851e-01 9.393452588916538851e-03 -6.408015180772710928e-02 1.352704466343901957e-01 -1.156699174307672245e-01 -7.751311882512665341e-02 7.814832282143098496e-02 1.316083710166613685e-01 8.396286172522494928e-02 -1.701509105469080352e-01 -1.036969356845342943e-01 2.575401173169699839e-02 1.181219064961374493e-01 -1.792140686580739328e-01 5.029971160915973523e-03 -8.108152704141170786e-02 -1.418523262893161274e-01 1.104673024080974342e-01 -1.541909402762860204e-01 -6.642531956438324503e-02 1.454365336807029174e-01 -6.036957169982257870e-02 3.156212184325551950e-02 1.847858715090296838e-02 7.834378905236806870e-03 -1.412064674357338123e-01 -1.436410898900155886e-01 1.109091452904019809e-01 3.643447779023412103e-02 7.212484362053409037e-02 1.305094038164007070e-02 -2.322739689779771896e-02 1.461313134358926263e-02 -1.108403991245332232e-01 -5.845222196698034861e-02 -1.075395446037654967e-01 -6.070317252583466716e-02 1.660981560605039875e-01 1.145201026912704562e-01 2.188482643247048609e-01 6.884743716735797214e-02 -1.817708771484291899e-02 -5.327661156410169047e-02 -2.833157833341615195e-01 7.402016561432757380e-02
5.229734328514388381e-02 5.505676111133482598e-02 -3.897946203753679950e-02 4.896899566000571802e-02 -6.189424527646038635e-03 -2.668406604088519041e-02 -4.485323575027606174e-02 -1.286326896465884162e-01 8.940722924230147528e-02 -1.459482744422413159e-01 1.000000000000000000e+00 1.330044179388296388e-01 -3.283075291689437764e-02 -2.104915027963241148e-01 5.939854197774378092e-02 -6.677218031392825881e-02 1.167358976109127838e-01 -1.042167748608418820e-01 -1.015628574969789366e-01 2.962399570553787831e-02 -1.313742231034080443e-01 -1.129642947175404505e-01 -5.058518203196744716e-03 2.546499980097980537e-02 1.355428807738232218e-02 1.031976707951648940e-02 2.282811018775073031e-02 6.795298918225545215e-02 -2.061574850210901380e-02 2.135322465062072239e-01 -1.289888952729805471e-01 -7.385822540067034370e-02 -4.639119212017399872e-03 6.399682904554000740e-02 1.768178857378432597e-02 1.610463306762401348e-01 -6.598768214545672195e-02 6.453396052264737115e-02 2.146010217440983206e-02 1.682900246462781801e-01 1.187467417597176389e-01 -6.648172011705202888e-02 -6.823169097294135010e-02 -9.774595611530363659e-02 -1.032685339095394811e-01 -1.366259520684132839e-02 6.688139571319602628e-02 -5.913270365988175514e-02 2.315513786269499802e-02 -1.918351066687752973e-02 3.040612252319243106e-02 -1.557716236288550216e-01 2.773194753652234376e-02 8.220693143855754836e-02 1.867544345526027383e-02 1.672853477150340260e-02 -5.313597267239138222e-02 4.727075362696551465e-03 -5.357463605068273071e-02 9.434073892042287024e-02 -1.093086218890556710e-01 -1.484498515227871199e-02 -7.425356919428448277e-02 -9.408085331176616051e-02 -1.562771371580769508e-01 -1.023719017465807707e-01 -6.935844830210097234e-02 1.409905156769327046e-02 -3.172249860909399227e-02 -1.308613519664601488e-01 -1.471566392906665799e-01 -3.607457620983858110e-02 7.463036558324941984e-03 -1.121483763025688252e-01 1.308417608147158517e-01 6.542758597384219776e-02 1.242072628444388926e-01 1.308638746227229754e-01 -1.087727643412326750e-01 3.270661529906936094e-02 1.082645800535300407e-01 -5.507037579418552417e-03 -5.083861778960201833e-02 1.661227276403060837e-01 1.383401651622222506e-01 2.831554255245121166e-01 8.910910348408129789e-02 -6.647924050529785411e-02 7.389914132038361005e-02 7.490383964670439820e-02 -2.606582614172495843e-02 8.646615423527242647e-03 1.339045611462891250e-01 -1.042561710181580115e-01 -9.548703197381087915e-02 8.319908137661502501e-02 -1.057317089889136946e-01 4.571073359998686220e-02 -6.921636491005042288e-03 1.148047284844748717e-01 -5.725968951698943293e-02 -1.691743734850734704e-01 -1.637370028004242473e-01 7.384207056611061248e-02 -5.735949176822281725e-02 -2.094716675335767803e-02 4.097232903549051508e-02 2.788839466688768087e-02 9.037597377589602632e-02 -7.868565489198088569e-02 -2.555172698855437408e-02 -7.486458591134778628e-02 -1.503002794709821198e-02 2.032476278339108433e-01 1.487745074119976307e-01
-3.534231058981601812e-03 4.334539160902690924e-02 6.992449830933311627e-02 -4.606288284138689015e-02 6.828011450929557732e-03 -2.150227073842200798e-02 7.777578808346052863e-02 -2.208055902711961865e-02 -1.937180539434690540e-01 -3.278904736110827556e-01 1.330044179388296388e-01 1.000000000000000000e+00 1.086769708456935407e-01 -2.460300964023058035e-01 7.549725419885507105e-02 1.129366015735835255e-01 -5.271432641695933397e-02 -1.929322675504895335e-01 -9.430470569481837206e-02 7.741601201323837500e-02 1.376495680850880511e-02 -8.228828511505995036e-02 3.153995345677761131e-02 1.952245620453833819e-01 1.135475213925182941e-01 -7.010108513457000146e-02 1.714527711889586026e-01 -1.409775179876019968e-01 2.621224967189569183e-02 1.158519901005902186e-01 -7.963346068764683150e-02 9.045658918161424145e-02 -6.301116860699554345e-02 1.370928792162316723e-01 -8.172537511288244239e-02 2.179252437329274039e-01 -1.517025133765718403e-01 -4.476104450471732332e-02 3.167950810583380038e-03 3.699460965074192198e-01 -1.995036588789109167e-02 1.525538516590109472e-01 -6.391369675613182977e-02 2.427163970878504495e-01 -1.444814520140652592e-01 -9.773987116707630318e-02 -9.223642481717878039e-02 -2.507842247742589348e-01 8.271629205865584089e-02 2.888355441575922097e-02 1.311973969082628477e-01 -3.484061717530576724e-02 1.137102869408670169e-01 -9.923161235820017055e-05 -9.727894876876747032e-02 7.454184122647124211e-02 -7.475623673235128053e-02 -1.506713243177888184e-01 -1.624772962862804093e-01 -1.512888456322124091e-02 -1.809011773784519050e-01 1.445282850123957678e-02 1.456020754765685044e-01 -1.144701486955012337e-01 -1.230166856377293803e-02 -1.885531445256145508e-02 2.974135190913396176e-01 7.604748949939937885e-02 1.700518296137080165e-01 4.679340293319016186e-02 -2.357022897815156948e-01 -3.762423884048674005e-02 1.284041532756728388e-01 -1.119534210673084479e-01 2.243007314936113772e-01 -1.345254498369274077e-01 -9.537325403663035606e-02 1.968159256890979550e-02 -8.182767302373461504e-02 3.126943785566604905e-01 1.138701308751539770e-01 8.568494731479936455e-02 -1.469117530341295386e-01 1.971416733262160714e-01 -8.447301456486741578e-02 7.168209016416143831e-02 2.308406791665760793e-01 -9.161420006118910220e-02 4.577781327794060162e-02 1.426784348163728511e-01 -2.460531989267890629e-01 1.399024181085377870e-02 3.751985058561859571e-02 -2.095663929849372886e-01 -2.543413370229351544e-01 5.188055799425280584e-02 1.173689698682284371e-01 -2.536162564372003783e-02 -4.143721743807363828e-02 1.305589765239821391e-02 5.504329670625311005e-02 7.044810990320177213e-02 -1.583275864183737031e-02 1.060148023955833664e-02 1.719962047458505061e-01 1.444291207621070661e-01 1.822938282869588852e-02 -4.458945348255693997e-02 -4.010408312983317070e-02 -2.528092515201657009e-01 6.700979315757071841e-02 7.902794553017312984e-02 1.497491866533319227e-01 1.007258093950867683e-01 7.292331965266013460e-02
-2.768479688715800441e-02 -2.003231184182735214e-01 6.745128664890661166e-03 8.933081782307322749e-02 -1.758017967322749245e-02 1.384767712599749567e-01 9.041264570983600923e-02 -1.428931586108274192e-02 1.478145850387492521e-02 -6.804398436411425444e-02 -3.283075291689437764e-02 1.086769708456935407e-01 1.000000000000000000e+00 -1.401729239569274033e-01 -3.231909401997232201e-02 -7.371791991007669957e-03 -5.676557037424138918e-02 -2.376561552496037413e-02 -5.485100904878904143e-02 -7.930602342658478118e-03 -5.349180131527828119e-02 -1.171148043569936598e-01 3.148194053332757647e-02 -1.374799204247549589e-02 1.012267302585350137e-01 -4.756925658653519268e-02 -1.044932088086166916e-01 3.276185230030595474e-02 6.009215538113881622e-02 4.461572843356224893e-02 -4.265279011860810369e-03 -1.954828786183574960e-02 -9.432220325296575975e-03 7.616053443945855483e-02 -4.660374884045566379e-02 9.031450549975994502e-02 -5.852492938410363416e-02 -1.646404946392840962e-01 3.504175773590224863e-02 6.476025625386751250e-02 -1.096373879038313737e-01 -2.656484574693204759e-02 -1.548510879666500639e-01 -3.285693716505853207e-02 -2.225364694734988449e-02 4.252600743398403382e-02 -6.864987269215169774e-02 4.022504772039856014e-02 -7.249055886504733592e-02 -1.239425833490532571e-02 1.408808625602517295e-02 -2.340039358348793355e-02 -4.398110337488146671e-02 8.218998855555638416e-02 9.649999792009286703e-02 7.084507149746590432e-03 5.589133327012111435e-03 -2.291883252623095127e-02 1.421456738748545431e-02 -2.306849624183177072e-02 -1.181582586624619902e-01 -4.899999098920791024e-02 3.880553713525700804e-02 -1.332939722468673774e-02 2.503769084010369975e-02 3.372257099696980565e-02 -1.106451482350194193e-01 1.901920312254751777e-01 -3.567326681679863776e-02 -5.196229957767362767e-02 -8.193559182733982371e-02 -1.271530199692672558e-01 -8.351741525686370848e-02 2.451837437618087367e-02 8.220581938114295689e-03 8.690458660641080246e-02 8.959071077034544417e-02 -1.277401562613642017e-01 5.808624656815632864e-02 -3.412567843961871600e-02 5.869979662089221985e-03 6.009791690810637865e-04 3.538335357553976102e-02 -6.945028416391541004e-02 -9.625375890988052685e-02 1.059198812820886376e-02 7.707476566024637488e-02 -1.022899237535216249e-01 -2.804191353742170253e-02 5.160746998409754737e-04 1.109768703336328349e-01 -1.834314113495999488e-02 6.047620127974310048e-03 -2.149093108846628682e-03 -8.627467885914695545e-02 -7.950076223521940905e-03 -7.223764084369722893e-02 -3.900056678061669668e-02 8.708033857381178647e-03 1.662570079286963820e-01 -9.295271415550362959e-02 1.735091934364768884e-01 2.664229353848771367e-02 5.671753755485304388e-02 1.677854777052497151e-02 1.793767126800065170e-02 -5.888899221366249853e-02 2.480061470283082686e-02 4.314069765845392201e-02 1.679411195180337962e-02 1.183137241774620714e-02 -1.706312290108584206e-01 -1.018529588413845804e-01 5.076577026075008992e-02 -4.396086542694858240e-02
