1.000000000000000000e+00 1.750938429024717358e-01 8.278959862053786312e-02 3.917564010998544205e-02 8.151211489713715286e-02 -1.008458512318475553e-01 -2.189422624736418743e-02 8.430918061799308472e-02 1.946052220304955727e-02 1.409011145762628925e-01 3.803895485756437090e-03 2.457090156654097649e-02 -3.974433323622169473e-02 3.003676884221652757e-02 3.401806328164892063e-02 -1.560258217095056021e-01 -1.774508518904997084e-02 1.071626743499086605e-02 1.633677749839658189e-01 -1.010841702107096729e-01 -1.878587878629281102e-02 -4.053578917686270072e-02 -8.465779358636839336e-02 -8.832338285383822818e-02 8.139441063493646489e-02 1.545704213797118726e-02 2.051616653000061866e-02 -8.122128383283228059e-02 -4.233573666822189330e-02 -3.004574821588031422e-02 1.446366940420194813e-01 -1.651207594674272000e-02 -2.858094247268534727e-02 -6.523025186408648590e-02 -5.659109553425833300e-02 -1.053631108533629179e-01 -5.192429011309781378e-02 5.437120435489217751e-02 1.231862279076669821e-02 8.962734602909493142e-02 -6.341470989263303659e-02 -3.687821644461326820e-02 3.013651848936295743e-02 -8.796243997502885270e-02 -9.614088232823024549e-02 -5.365943794801495553e-02 -2.233407437028488238e-03 3.633821083326686102e-02 -1.173158741105600478e-01 -1.087357132245662288e-03 5.917074337574899923e-02 7.166644578708841924e-03 8.714220011939416421e-02 -8.439607196477347251e-02 -4.833845419831505480e-02 -4.158817939968815353e-02 -2.332743926294876535e-02 1.358308345847100973e-01 7.923852521082445921e-02 -2.844167092050261386e-03 -3.622869291828546140e-02 4.207927239662793278e-02 -8.506560923364940910e-05 -4.322687101830872264e-03 -1.479452154705498124e-01 7.253337854262881246e-02 -1.248713954929715937e-02 1.297360191214804170e-01 -9.136449042582564517e-02 -8.292753087056140004e-02 -5.463227462900254600e-02 -1.048004796792518928e-01 1.676983516133922700e-02 1.816666548888043742e-01 -6.019365740025627715e-02 3.536442717035262473e-02 6.593617797902652511e-02 6.625229658583381420e-02 7.240169758280269596e-02 -5.858343110131489229e-02 3.654798682753103434e-02 -1.464100185085976391e-01 -1.093204586264587413e-01 1.385809718005248381e-01 -8.852809756614801739e-02 4.765918976848412814e-02 1.784075295871686076e-03 2.147641958499402204e-02 6.653659746543734432e-02 -2.422242985892257908e-02 -2.325410671573932900e-02 1.057466042448172161e-01 -5.951470226633060997e-04 6.688275324525426446e-02 1.084071509328066590e-01 9.789053057456671703e-02 -6.725811261706858557e-02 -3.321870551272407962e-02 -2.369425367590982309e-02 7.796632898733875036e-03 -1.469808922492136516e-01 -2.259134542727716036e-02 5.201192183172355377e-02 -5.584791009936519723e-02 -1.344301716961320003e-01 8.929168917382337978e-03 1.290750172776868598e-01 1.459401034038831685e-04 9.297092775176708790e-02 4.243740675277527657e-02 -2.577781510488970085e-01 4.770471656070912961e-03 -1.311423695585251514e-01 5.487104909575550582e-02 -3.511547902251631326e-02
1.750938429024717358e-01 1.000000000000000000e+00 1.183264419336160639e-01 -7.709990755843941501e-02 -4.026569526791833054e-02 4.125698233060126618e-02 2.086475164594312967e-02 -8.432760239799795554e-02 -1.434933306468474945e-01 -1.713648533089353818e-02 1.002884067303812382e-01 5.372209673636862970e-02 5.508750574865403302e-03 8.569484626314247122e-02 5.872262172468728503e-02 -1.311057507741791028e-01 1.105891800794777113e-01 1.101574208671491778e-01 2.389530064705018553e-01 -1.590280633371658481e-01 -1.799719938045767909e-01 -7.390105006591646264e-02 -2.416977912488513930e-02 7.476462922099431918e-02 2.163843499306140339e-01 4.453731409387438889e-02 -5.266274285087145339e-03 -8.896944461761710499e-02 3.197507111174240774e-02 -2.973224595030626513e-02 4.066963355816277659e-02 4.720898780338941836e-02 -2.736260222834007577e-02 -8.940793630898248578e-02 -1.219392232196066326e-03 -8.025091515631728456e-02 4.526011543746350646e-02 2.209236551726145859e-02 -4.147606837178287320e-02 1.854884235663543934e-02 4.858090670578654041e-02 -1.377146066576092620e-01 -2.917105511129174447e-02 -1.062204132689244379e-01 -4.758462299284037245e-02 -1.176635166882947087e-01 -4.262595876171491188e-02 -2.209008774775157377e-02 4.522976948635593769e-02 -3.901644926350873732e-02 1.473269985349825728e-01 -6.098943592326960816e-03 -1.003796991024231422e-01 -1.950440479132451582e-02 4.715237916262423473e-02 8.379459061744719273e-02 -1.016347540309429087e-01 -1.149560795138770825e-01 4.352162730950414476e-02 9.293785610289775900e-02 9.151399808902137278e-03 -8.466815029285235106e-02 5.944912877571900678e-02 8.815259615499540860e-03 -1.738073954789566902e-02 -1.064712922215982072e-01 1.014981833593017052e-01 8.737013610727790980e-02 -8.988688837890458638e-02 -4.709443905301691907e-03 1.147025327140535067e-01 -1.751453197086346239e-02 -3.456403939482736998e-02 2.058945515540554216e-01 3.986577333801486628e-02 -1.078135287566940048e-01 1.447134145022862806e-01 -2.375236351092810394e-02 -8.693377894970115427e-02 -1.112838970434228969e-01 -1.039455383794078147e-01 1.562310480730439710e-01 -1.139730895008170090e-02 1.437428535866903390e-01 1.575770936475227313e-01 3.632293992269191273e-03 -1.530626117820483786e-02 -7.315254431706666449e-02 -7.256740313829415645e-02 -2.585883789863881177e-02 -9.507470687893349037e-02 -4.838354335552770796e-04 9.409772367285978382e-04 5.460286746483727915e-02 1.669392576431701636e-01 -3.683815765064334113e-02 5.267659588570802742e-02 -5.058982966847776208e-02 -1.896246228737499817e-01 -1.278885601940472627e-01 4.984492860023285316e-02 -3.971270273224682124e-02 -7.462885002200995987e-02 2.492778542642194173e-01 7.169051960537291268e-02 1.693874819340496496e-01 1.180308245350965429e-01 1.159701302882431839e-01 1.004216570977475437e-01 2.208294232853327821e-02 -8.179459906174589567e-02 -2.039455202468773432e-03 6.907452602177940881e-02 7.133466550545440599e-02 1.378880023617670147e-01
8.278959862053786312e-02 1.183264419336160639e-01 1.000000000000000000e+00 -2.916467165698491404e-02 7.411228877143677743e-03 -7.133948990811642132e-02 -1.432690998989197100e-02 2.128613017052379680e-02 1.067349472580046872e-02 -8.732191594243650379e-02 -5.637703028266043137e-02 2.517854816119348416e-02 -2.747702541828058852e-03 5.699576867519394463e-03 -2.918884791659536251e-02 -2.180686879758177710e-01 2.081917940689699265e-01 5.663816702199547803e-02 -2.037880644659754159e-01 -2.197125337690085667e-01 -2.817752503280980259e-01 1.046525085216851170e-01 2.174303640758042944e-01 5.678734967679528733e-02 -1.719276194850342387e-01 -2.784206305406037793e-02 -1.473411541516733703e-01 -3.485357156030080561e-01 1.587034426617993377e-01 -6.877349042038538585e-02 1.397763614750722749e-01 2.884872529275007147e-01 -3.554056546846799947e-01 -3.139704322135502546e-01 -1.612247623575083499e-01 -6.336818670693157574e-02 -1.326881187802869122e-01 6.984244106168387145e-02 -1.977572914075295396e-01 3.360767191101785012e-02 -1.753002159031728791e-01 -8.684081262051084049e-02 -2.217894439656376282e-01 3.276171992755518014e-02 1.329206550401167419e-01 7.824131524326467454e-03 1.219195762625782664e-01 -3.718315698283066600e-02 8.179628089080825601e-03 -2.148441051264843651e-02 -1.498600314261066269e-01 -1.368894131471388304e-02 1.693095723959135990e-01 4.903421036479645168e-02 -1.590751356803754880e-05 1.043969479436863967e-01 -7.820038016684885407e-02 -1.150641380945723602e-01 2.657190920848562232e-01 6.405475635494073394e-02 4.405944336429665209e-02 -8.023637049871235050e-02 -1.084931993197130462e-01 -2.502692022469639732e-01 4.730595838200351774e-03 5.001841160092207472e-02 1.983692094200060485e-01 1.203658818422007198e-01 -9.177923430571413577e-02 -5.913949257463364112e-02 -8.228326553982684421e-02 -1.532784246275547269e-01 -1.139631430467248768e-01 2.384960315794578192e-02 -3.055968209108302774e-02 1.179202837332924830e-01 -9.354314454208440682e-03 -1.009685407288399700e-01 1.937744954725347662e-02 -2.061775330505027093e-01 9.806038279194269694e-03 -7.248077872614874795e-03 1.898951855468080097e-01 8.099946903188567915e-02 6.857664963756407439e-02 3.086291535910491365e-02 1.891770686122792866e-01 -4.319604304088934393e-02 2.699077936346716555e-01 1.673906609184935279e-01 -9.220538511217639399e-02 3.264477994164290825e-02 1.174425822762606014e-01 -8.621015924803028529e-02 1.550688288356509570e-01 -1.825023401742657120e-02 5.795336039359360279e-03 3.190046605880714897e-02 5.612004046999824469e-02 -1.124220515121030217e-01 6.622512368984101450e-02 -1.346687822933218259e-01 -1.665823308843835393e-01 -1.340050865437211747e-02 6.245661478802979694e-04 8.325629273711983303e-02 9.283565167748614178e-02 7.246733841288366396e-02 -8.742041822085956648e-02 -1.330804941933220187e-01 -1.783927591452157471e-02 7.284644131163103831e-02 2.266252434126821841e-02 1.372832842787210204e-02 5.570574095651089491e-02
3.917564010998544205e-02 -7.709990755843941501e-02 -2.916467165698491404e-02 1.000000000000000000e+00 -1.263495674245779243e-01 1.633430955717536659e-01 1.706982357717630808e-02 -2.146624496365029128e-03 -6.173893521588491758e-03 -1.074294949051622233e-01 1.020185628222398527e-01 -5.967669776999794118e-02 1.446327614829265307e-01 -4.308541960617568063e-03 -7.831818423096155446e-02 -1.085980483866868379e-01 -1.352107393451939810e-01 7.846593122107519205e-03 -1.076194509163163893e-01 -4.851034896833047311e-02 -8.796697908256458087e-02 5.701458646998781160e-02 -1.110147957490708742e-01 1.025881766150902041e-01 1.724748516044422725e-02 -1.947008035151147343e-01 -7.261901744060664243e-02 -6.656696643250997747e-02 -7.417583218737233697e-02 5.749023139913765623e-02 6.054160319315726735e-02 -4.959489638093281944e-02 -7.844119802692954557e-02 1.186197386080854871e-01 -9.435526017619733086e-02 1.352998441668296636e-01 6.305210790832874168e-02 -3.881656131309537544e-02 8.770153107467877629e-02 -2.347282080534552132e-02 -4.125372557653900207e-02 -4.496151645975880046e-02 2.892036668581774925e-02 1.238942174946699032e-01 -1.552242868576222679e-01 4.192898979873226767e-02 -2.034235271030956221e-02 4.784486852614142777e-02 -1.588988632158065684e-01 5.734368706927055886e-02 3.909667457504895430e-03 -4.704440858525194675e-04 1.480375232809305330e-01 -1.125474773930711936e-01 -2.420079712212686029e-02 1.931410856290426137e-02 -5.289642875030001884e-02 1.427675392952592326e-01 4.593659094631050155e-02 2.634527021637671912e-02 1.205378985043349671e-01 1.850330544197034688e-01 -2.410196821998314143e-01 9.484153298169469004e-02 -1.342721291257927127e-03 -1.358710439046481241e-02 -1.232026860083950681e-01 3.370007082561754519e-02 9.518709239103512187e-02 -6.959453806721331570e-02 -4.335114797047765617e-02 1.373453870766243312e-01 -3.460906160094844725e-02 -4.676231178355311907e-02 4.053349312338352592e-03 1.050414616166444326e-01 3.392612051038330218e-02 4.518501878527884236e-02 1.377229951384628115e-01 -1.692406704813962381e-01 1.810153826813668543e-01 -6.637632982670847726e-02 -4.886108713078023136e-02 1.975268137854828410e-02 1.032190849952805828e-01 1.029960851650510711e-01 2.465531065435933034e-02 4.269730000907388801e-02 6.722310030778937129e-02 1.827960686419661251e-01 1.135928381358905087e-01 -1.268715697566884792e-01 2.890341613128226753e-02 3.062712435896607355e-01 -5.523686243340321725e-03 1.955667983410644961e-01 -6.779582076228461707e-02 9.059852312658273066e-02 -4.260223752155931076e-02 1.658491608171226428e-01 -6.271905971287396186e-02 6.541231900466226712e-02 -2.267077294341029656e-02 1.156912225502255065e-03 1.742700140389938021e-02 8.019928967614492477e-02 -1.421093246245796193e-01 -6.671537053326020983e-02 2.693131157076303697e-02 1.500154988331962036e-01 1.015804668821856382e-01 3.417381352633180186e-02 -2.931669217647815337e-02 -1.842248114119271751e-01 1.424550057761155286e-01
8.151211489713715286e-02 -4.026569526791833054e-02 7.411228877143677743e-03 -1.263495674245779243e-01 1.000000000000000000e+00 -1.123758022439080295e-01 -4.155586985386694465e-02 -7.830319582462870465e-02 -6.169787569864281646e-02 9.887356323480833709e-02 -7.640048002135221838e-02 -6.682023384403699973e-02 -4.983744440439148715e-02 -9.859066807325117532e-02 -9.458999942995437171e-02 3.883761306542310963e-03 -1.447283432398503711e-01 -1.009113286761461198e-01 3.388854987967825777e-02 1.070043224489790751e-01 1.049353863826767430e-01 8.012748222274326815e-02 1.746357447104461003e-01 -8.339362807420667989e-02 6.321869408010047375e-02 -8.505365874260446130e-03 -9.018523568340494623e-02 -2.257754518890042056e-02 1.227350194169151559e-01 3.760062638261767870e-02 -2.377401870772022363e-01 -2.331685115469965888e-02 1.432000592932731742e-01 1.507578367012833431e-01 1.826059594623695437e-01 1.727990892142354171e-02 2.368591044546514146e-02 -8.985999317222871652e-02 1.273572756807485606e-01 1.012515031750350208e-01 -2.159819581324354948e-02 2.078205233799276519e-01 2.209632844245375538e-01 7.936739826943704779e-02 -1.573827725300944169e-01 -6.667562769587566385e-02 -1.223763831350147824e-01 -9.105551176898096788e-03 -8.157454022162653751e-02 3.714089056892969781e-02 -1.805587346113806183e-02 9.246569434148700986e-03 8.351095048307143054e-02 -1.962945879511057978e-01 -1.506569551353132731e-02 1.333863080558901071e-01 1.688281701285843095e-01 -1.634202398390286470e-01 2.264341478139178174e-02 2.010095202118968374e-02 -1.249440395226461414e-01 5.701965872092170512e-02 -8.527567504706555848e-03 -2.131862284203324409e-01 2.031289828894948246e-01 1.574548051915686531e-01 -5.516038204049286686e-02 -9.679229322712859518e-02 -2.269180266168297211e-01 6.667729840441716238e-02 2.410326499998524663e-01 -1.678838316505213146e-01 5.507988666233890052e-02 4.976503924666023787e-02 2.688536229518400170e-02 -6.772306300371616627e-02 -6.143305377776475673e-02 5.189533794352766544e-02 1.395210884121729777e-01 4.234397232011119505e-02 -1.501855452327195417e-01 6.781298474435680686e-03 -7.192812620341443308e-02 -3.088039172126704965e-02 -7.089084240873939902e-02 2.609671098119384705e-02 -7.532317322543735649e-02 -6.786055191439009648e-02 -8.813391010880805565e-02 4.135229425524902802e-02 -2.345688410205800517e-02 -1.626800809420930402e-02 1.266147245427567611e-02 3.806483269258741087e-02 -1.059884260781314147e-01 -6.750060680096141297e-02 1.500481857199668367e-01 1.040002549203320470e-01 3.186673107893527729e-02 -2.035821661309802563e-02 -1.578268566067211054e-01 5.847993577836843593e-02 3.907710048919312180e-03 -5.862474933071738260e-03 -2.898249545060716664e-02 -4.679935376087765442e-02 -3.675789232364489595e-02 1.103896363071184689e-01 -6.328408453379873178e-02 9.195725329542822624e-02 1.561146518090364976e-01 -7.924658473737805284e-03 -4.249907040000645841e-02 -4.590216735057851827e-02 1.731694034133368920e-01
-1.008458512318475553e-01 4.125698233060126618e-02 -7.133948990811642132e-02 1.633430955717536659e-01 -1.123758022439080295e-01 1.000000000000000000e+00 1.293992994955828061e-04 4.549018157961066261e-02 3.582239792147782348e-02 -2.706694202308377456e-03 2.047095071776185767e-03 -1.487458476102981875e-01 7.647459497407828322e-02 2.068736947158334588e-02 -9.390543208502903638e-02 -4.806754542633822486e-02 -6.748899119364838717e-02 1.330770986131967759e-01 5.592687621043575252e-02 3.944467169893049047e-02 3.940023653319327940e-02 1.485737071217993199e-01 3.429110799534833276e-02 2.175031777693638146e-02 -3.857144220237315041e-02 -3.098910908837456193e-02 -1.832620911614063208e-01 -8.549962962753260287e-02 -2.354246481812210731e-02 7.043491679831688501e-02 -1.558886606475620162e-01 -1.034283802261003749e-01 1.310638017678361286e-02 1.465079826991574630e-01 -5.122783147026122030e-02 8.608576824991776011e-02 6.833211777987822921e-02 -1.553547861915468564e-01 6.799730058654507303e-02 -4.669041606275264877e-02 1.347219441803294664e-02 -1.176554055063693122e-01 -1.268043769284388500e-01 1.527459687336014116e-01 -2.630252793472432835e-02 8.365592585552258931e-02 1.859273119042610320e-02 -6.662456447148941419e-02 -1.046612832633341122e-01 -2.827623679462317186e-01 -1.974893277922102133e-02 -6.535189313976957903e-02 4.034468928484686440e-02 1.998288570646449772e-03 -1.012311617771113614e-01 9.806171310006511765e-02 1.147958278867055731e-01 -5.732849797272685649e-02 -1.732867252203010126e-03 -2.446896305139326447e-02 3.609126577684891590e-02 1.842062601926990062e-02 -5.230390140664586268e-02 -5.596004054218450124e-02 1.006237052179346780e-01 7.003196886363730056e-02 -9.636711302692321790e-02 6.427261200349708437e-02 -2.648470798383641481e-02 3.278611683712947394e-02 -2.166964632566558205e-02 -1.222047239875774932e-01 -1.129050190802825815e-02 1.210668558107005563e-02 1.039972024446329801e-01 9.948370452336202999e-03 1.013365430562816333e-01 4.431092193443621902e-02 8.485422734067510353e-02 -1.018024365093245405e-02 2.847049890622322874e-02 -2.125747760761430294e-03 -3.310494177389369796e-02 1.981827749465877309e-01 8.536917270982771755e-02 -8.832760514083391745e-02 1.137917347792101463e-02 -2.938889567598377758e-02 -6.212413168052578760e-03 5.627476210066731377e-02 2.038553229166959191e-01 -8.313055355283130443e-02 1.673749359226632538e-01 1.895067744719697578e-01 -9.406419595934503719e-02 2.118691720654824473e-01 -4.197871262096652262e-02 1.423239610446386423e-02 -1.128003537074528106e-01 2.501569498612060335e-02 -8.341993119689176950e-02 9.923057901474771625e-02 1.820592104074726658e-02 2.103316340129281897e-02 2.634598195015996347e-01 1.024621792472412973e-01 2.700008688317865474e-02 -1.776284299058616400e-01 -1.439551849527740887e-02 2.364860103070963449e-01 4.958092365642937684e-03 -9.609489032454181234e-02 -1.548405758001899502e-01 1.391546531394650607e-02 1.172027717312101591e-01
-2.189422624736418743e-02 2.086475164594312967e-02 -1.432690998989197100e-02 1.706982357717630808e-02 -4.155586985386694465e-02 1.293992994955828061e-04 1.000000000000000000e+00 1.477433163373578495e-01 -3.517905979994347815e-02 8.287874735733573306e-02 2.883027493488813861e-02 2.385507257508003021e-02 -7.746869652848845100e-02 1.764554646142183769e-01 1.092181159316443773e-02 -1.350326385418420538e-01 1.081460977283370123e-01 1.362891622049413609e-01 -1.656559935386254720e-02 -4.533096139690705184e-02 -3.008521952418950068e-02 8.624536173104790926e-02 -3.753329708282393800e-03 7.152571941426909274e-02 -4.621888237802811161e-02 2.496163614904906292e-01 2.243783339332225055e-02 5.312989378495842213e-02 1.147731189352526604e-01 -1.297750089945992891e-01 -1.366687122936069698e-01 8.577117521386470878e-02 -2.322433716583615360e-01 -4.894017560781457193e-02 -5.978131287012140860e-02 -2.516737444443550333e-03 5.514361475567144955e-02 7.037623345575751144e-02 -6.646061211286058423e-02 -1.065330187385629505e-02 2.356128953532856275e-03 7.910676379700620764e-02 -1.084212534042564846e-01 3.281230527106426820e-02 1.155451075952723151e-02 8.307052741884130009e-02 -6.531405994056371789e-02 2.445841972520007568e-02 3.265029018833977975e-02 -1.328323624982975792e-02 1.939878207627206141e-01 -1.108005525081919435e-01 2.102685178672394559e-02 2.416629131856850785e-02 -3.261252781634381426e-02 -4.634031778522312156e-02 -2.113526963655816895e-02 -2.010954813970321567e-02 2.911151081683281076e-03 -5.551528912288182516e-02 -1.075784822691518983e-01 1.230282815469051771e-01 -7.445631621157716706e-02 -4.919590796488232387e-02 -1.471960537227830906e-02 -5.731854113674222234e-02 -4.000764690023769776e-02 1.852797333653517786e-02 -5.843586489628615349e-02 1.039077436086079387e-01 -8.672482505649486972e-02 7.467819790909098476e-02 -1.637642273329368292e-01 3.439012692989639602e-02 3.324320716899094308e-02 9.797006512298750414e-02 6.932028074641763404e-02 -1.004281683502268319e-01 -1.165953654980231152e-01 -2.572919528762062508e-02 1.195647051269231459e-01 3.618865847163371674e-02 4.364147507223573030e-02 -3.049058360556219927e-02 2.096120273252655986e-01 1.571178348465264996e-01 1.092159514253913666e-01 -2.419902339200541430e-02 -1.083486404384369217e-01 1.169095703115996948e-01 -6.734230931953046062e-02 -1.998027817776719395e-01 -1.332038409237155663e-01 8.668258838794591636e-02 9.561807524713118733e-02 -1.021228803293938309e-01 -7.400221802805116711e-02 2.447140487706552653e-02 -1.371342613332147409e-01 -1.235382762366812326e-01 5.719032024228975358e-03 3.412049097874969572e-02 -1.592456186265431804e-03 -8.920280930072445325e-02 -8.361535822301759124e-02 -7.163506429703378475e-02 6.167873599808258722e-02 2.256264506803210002e-02 -3.845092295534921489e-02 -2.036027302049836160e-02 -4.817998659829484526e-02 2.295427577899172497e-02 -6.801605454064006684e-02 1.615991924604048835e-01 2.908441509668547101e-02
8.430918061799308472e-02 -8.432760239799795554e-02 2.128613017052379680e-02 -2.146624496365029128e-03 -7.830319582462870465e-02 4.549018157961066261e-02 1.477433163373578495e-01 1.000000000000000000e+00 -6.726297455429106759e-03 2.381594530740286930e-01 -1.628170415428875509e-03 -9.783889025786174365e-02 -1.429163244398949095e-01 3.380503282460193409e-02 1.078125191921008585e-01 -4.621009864817635093e-02 9.440363007980911991e-02 1.455860175457973638e-01 -5.497849686994583235e-02 -6.373968064723109506e-02 -3.035140768400804157e-02 -5.085431278275056449e-02 1.524909485947603116e-01 -7.147541209785195082e-02 2.666027482721377781e-02 2.703964717125767470e-02 -1.862865314639778822e-02 -7.484701414971559053e-02 1.594399790433625175e-01 2.974350596577140030e-02 3.165729204180531275e-02 4.262653720697883591e-02 -9.780815906628821665e-02 -9.824324414876142719e-02 3.136510376281072959e-02 9.617370341239772635e-02 8.896825002883683442e-02 3.990814701543163485e-03 -3.705554781783491902e-02 -4.365010489990078096e-02 -9.521186665712978725e-02 -1.587675419667082255e-01 -1.676367825875000606e-01 6.471593328302827075e-02 6.207774051116072417e-03 3.295152416064769420e-03 1.653139123170555558e-01 -2.124278377524439418e-02 1.138600613174857723e-01 -2.241585462633936543e-01 -4.993316382526041125e-02 -1.100228428068086989e-01 1.116155860514569664e-01 2.075266131572345019e-01 -5.427658363687285631e-02 1.200194992486235679e-01 2.584303060647384718e-03 -8.131305240757103620e-03 1.233184466555812681e-01 -3.543359031245690155e-02 2.494550994502701610e-02 7.540765140340197417e-03 -7.397765922566970458e-03 -9.825183277482447963e-03 -2.328232368250112150e-01 -2.746721015869409144e-02 4.969636658634671994e-02 1.093912976991275043e-02 -4.212285254632431100e-03 -4.501827748369738313e-02 -6.442493868398185483e-03 5.850573521995974108e-02 -1.027266747072002190e-01 1.317717906479520251e-01 1.672666872950137607e-01 1.481025428443328018e-01 1.083500026921494636e-01 -3.531199619307184151e-02 1.326624300888879782e-01 -2.504695318629628353e-01 1.650106171796185276e-03 -5.680947892503357410e-02 -1.415814011204557243e-01 -1.235072993417531267e-01 1.715754723304238061e-01 1.237745320123635195e-01 1.065734241212659694e-01 -1.431523200961068443e-01 7.034024725298020086e-02 1.862297216905945130e-01 1.639430112091093683e-01 -1.506702035889883051e-01 3.545391590477488253e-02 -1.338851759272453867e-02 8.348175217692517872e-03 -7.507135012249109562e-02 -4.069343600694343144e-02 -7.787053073494147604e-02 4.975829226087048057e-02 -1.785893753632583070e-01 -2.878151767235692660e-02 -1.035005158125409074e-02 -1.684841353667873576e-01 -8.275024563482875906e-02 5.522407146974289693e-02 8.175597904738311772e-02 8.372473014951201109e-02 6.916611154921324667e-02 -5.652125287033581830e-02 3.213975606404033403e-02 -1.787033548974173089e-02 6.468790056648664362e-03 -1.479498901989183268e-01 1.208864332634109334e-01 2.989374220234767426e-02
1.946052220304955727e-02 -1.434933306468474945e-01 1.067349472580046872e-02 -6.173893521588491758e-03 -6.169787569864281646e-02 3.582239792147782348e-02 -3.517905979994347815e-02 -6.726297455429106759e-03 1.000000000000000000e+00 3.895215003380113339e-02 7.172442267401135663e-02 2.110043821028231154e-02 -4.380744166006011325e-02 4.071953280523969189e-03 1.992598703836392648e-01 2.086144599645917488e-02 1.112043568464661791e-01 7.246659068881004112e-03 -1.635793496284357763e-03 -1.609295342976196919e-02 3.503667890539242935e-02 1.177961250171300350e-01 2.365770435300316738e-03 3.031116891445012618e-02 7.773881108905797421e-02 7.634857089564263399e-02 1.892057417077883802e-02 -8.842292961593832545e-02 2.475064631826313574e-02 3.796959919023293328e-02 1.545514358395967854e-02 -9.097419988530867918e-02 3.227271418725226326e-02 -9.898526791665206159e-02 -6.341045561496812602e-03 -9.101963226896396530e-02 1.048046398796421280e-01 4.231952501517777243e-02 1.994787632980544734e-01 8.418310283832723673e-02 -2.678828000535933909e-02 1.763060200872217376e-01 7.190896609651473148e-02 1.710501341072793724e-01 -5.300025011437740213e-02 -2.062790808545439045e-02 -1.700699971019311030e-01 1.548788520129344148e-01 -1.545365771414934086e-01 1.028450300177210092e-01 -1.237018545009956408e-02 1.757063577236367968e-01 -2.594770071399152833e-01 1.609139261572058999e-01 3.004799674693083358e-02 -8.828052310580436490e-02 1.746601899077509790e-01 6.226424207594374177e-02 2.331697586528009430e-02 3.551671796719801932e-02 -2.398407876620781698e-01 1.468014978693418515e-01 9.651212787744122001e-02 2.080217560893661277e-01 -1.841282634928791129e-01 1.368113148380115940e-01 -1.012617672065625612e-01 6.841154018937947896e-03 8.474360392569228739e-02 -3.636005749230922235e-02 -1.276732691752844595e-01 -7.066853368077902209e-02 2.220752580235897319e-02 -4.138797496991920843e-02 -3.999168664585697752e-02 -2.964344648900929871e-02 -6.780503905071436077e-02 -2.701643876851151857e-02 -4.131589333895384179e-03 1.386915030181083003e-02 1.818820723572550091e-01 -6.175338855999933790e-02 1.035409877096961501e-01 -4.136092977097315104e-02 -1.960755276351567114e-02 5.527726648467101017e-02 -9.845633700724723807e-04 -2.959324785806455305e-02 1.968587312721494231e-01 -7.819370166487506213e-02 -4.645710962588498610e-02 7.105031591302317373e-02 4.933217031107962891e-02 1.045668542523574491e-03 -3.735310288068437873e-02 -5.658594549755399661e-02 5.974748404328455997e-02 -4.163398228045178673e-02 -1.487442480423239177e-01 4.289582078427771339e-02 -1.724531526255326797e-02 -2.611058854912531521e-02 -8.981330008732231474e-02 -2.682646528063352756e-02 7.647350312392069138e-02 -3.787924021181561518e-02 6.419188899208931598e-02 9.037028713219336790e-03 8.012051290672662918e-02 1.788408310473952809e-02 2.808986320271365106e-02 1.730213302579245230e-02 -5.894792559614688704e-02 6.220732655575458847e-02 -6.563048091668180484e-02
1.409011145762628925e-01 -1.713648533089353818e-02 -8.732191594243650379e-02 -1.074294949051622233e-01 9.887356323480833709e-02 -2.706694202308377456e-03 8.287874735733573306e-02 2.381594530740286930e-01 3.895215003380113339e-02 1.000000000000000000e+00 -1.042402974023638601e-01 -1.503968855220375322e-01 9.147961555723252425e-02 -1.157736184979338279e-01 -3.102433546883669874e-02 1.392731448857328358e-01 9.762168604351431633e-02 3.896875074610835904e-02 1.186743953572630128e-01 -3.930670611550110549e-02 1.762870756616085471e-02 2.382142542281024886e-02 1.138429800376281886e-01 -9.414279706609099407e-02 9.792052142299227657e-02 1.628828376306301340e-01 -2.325371233081547674e-03 -5.621789166841552332e-02 2.589503802122586351e-01 -3.430579630368241900e-02 1.332571205448916940e-01 1.059704268886452055e-01 -7.083864233102454486e-03 1.064295104492160304e-01 8.557732563604396325e-02 1.812698117481518698e-02 1.577454819259938024e-01 -1.060406578166460528e-01 1.630835018765748046e-01 5.918646316508405919e-02 -1.421635517729947784e-01 7.674244933951421613e-03 -5.494764352137604391e-02 2.909807511129428731e-02 -8.150843626451984014e-02 2.091504705524424024e-01 -8.171929362685551035e-02 8.800841354282902540e-02 6.142981601684170678e-02 -1.460884851076651725e-01 2.730494515489257923e-01 -4.145395309053277744e-02 -1.081971558433657450e-02 1.222629604640883966e-02 8.798441002131984767e-02 2.040211806911446935e-01 1.532011361019514351e-01 7.439692851670953733e-02 -8.110897213228489278e-02 -1.399244397109488669e-01 -3.534882348505957728e-02 1.000511412889723978e-01 -5.176788162800075727e-02 8.833783737222193622e-02 -4.717043151995894967e-02 5.027429874856354647e-02 4.963357517530832264e-02 -1.762997924611487688e-01 -9.059413127988295844e-02 1.922246152004618014e-01 1.342413137984911908e-01 -6.109580420521452948e-02 -1.448079218406695123e-01 -2.195358966724368643e-02 -2.921215046434562021e-02 -5.463814274078554467e-02 1.682931380073828531e-01 -1.494932614660086367e-01 8.151361641636625799e-02 -1.278250240010768424e-02 4.277553348130564976e-04 -2.900111113401135712e-02 8.572269553006037213e-03 -9.870458547647194270e-02 1.182159638788118916e-02 -1.762431421493469014e-02 5.480981512777035464e-02 -2.248409578895707028e-01 -1.410903096162443304e-01 1.671874333275231647e-02 1.361776443765315703e-01 -6.668977345174424698e-02 4.259665858605755917e-02 -1.618732578574691439e-02 -7.952142734712613903e-02 -2.539124963174483988e-03 7.435090142385793188e-02 -1.348310059975779129e-01 -4.106474824656890232e-02 -1.439644808549937482e-01 -1.420333372727310139e-01 -4.379784681757576022e-03 -9.578187823592188010e-02 4.272153157511333205e-02 4.131213621418731996e-02 -2.151718101353949919e-02 1.928341138992650527e-01 2.178729802807171101e-01 -4.854436565699810774e-02 1.740338805024363722e-01 -9.433310865358990327e-02 6.595699603517730936e-02 -8.630217746689332337e-02 1.208180028182359034e-01 5.681549992095563661e-02
3.803895485756437090e-03 1.002884067303812382e-01 -5.637703028266043137e-02 1.020185628222398527e-01 -7.640048002135221838e-02 2.047095071776185767e-03 2.883027493488813861e-02 -1.628170415428875509e-03 7.172442267401135663e-02 -1.042402974023638601e-01 1.000000000000000000e+00 -2.352927419829132713e-02 1.009476160750666929e-01 -1.958268131968569220e-02 8.933278129354321750e-02 4.418486957825700813e-03 -5.978964101082630267e-02 -3.017900128866706777e-01 -6.908614029038576132e-02 9.784770168969468551e-02 2.568665481315872690e-01 2.819983245498979690e-02 -1.984443728240716243e-01 -1.150232206039113018e-02 2.229031897011985938e-02 -2.329663681793696650e-01 1.622696468955831320e-02 -4.116978977115206412e-02 -8.499958518533319574e-02 2.204492222767501231e-01 -2.277769294712455872e-01 -3.060153757215057224e-01 9.921022475565483001e-02 2.915300959203382947e-01 7.615971937139555392e-02 2.948194488329726748e-01 3.010714896675567576e-01 -3.129009054173342852e-02 2.964964417371780403e-01 2.156235849103863358e-02 1.982421530135295984e-01 -2.800191192306041368e-03 1.351129365497564794e-01 -6.759304877221215813e-02 -1.538109053886302091e-01 -1.943778568381036636e-03 -5.491211624265476821e-02 1.638096344293665102e-02 -1.536790530743550598e-01 1.623764658091786384e-02 1.376290790247540752e-01 -6.204070758864745766e-02 -8.762231492099060992e-02 8.383986230306753051e-02 -8.058406781821651765e-02 -1.494473536410637349e-01 -2.514665632435037282e-02 6.463819067591120016e-02 3.711335149511645060e-02 -9.544390534477113774e-02 8.120614783275456605e-03 7.165766356147057654e-03 8.237843641896318292e-02 1.647128576581804449e-01 -1.002156347373517331e-02 3.889907584084886100e-02 -6.952443822676727947e-02 9.399647883567988083e-02 1.928507968153889141e-01 -5.919106098894513085e-02 1.593534642697994885e-01 4.446426278972790032e-03 2.395891363593590229e-01 -2.006109931810287628e-01 -2.736559711893555291e-01 1.773898517386205131e-01 -2.300646646791281724e-01 -9.956246424231363079e-02 -2.775578620262308602e-02 9.474643901880085151e-02 7.359779310288809551e-02 -3.314010565120910079e-01 -1.529973158087232464e-02 -2.477035292106688838e-02 -4.074729159122877920e-02 8.681272427590940380e-03 -1.414780581573814588e-01 -2.100517161177353209e-01 1.614686050641930826e-01 2.470295147058664334e-02 1.219268013027622610e-01 1.977012413486658460e-01 -2.326323085429034543e-01 1.602534442117728788e-02 -1.637939535077575504e-01 2.027186507073838739e-01 -2.129867924949535862e-01 2.710412840425180034e-02 -2.171742545339941377e-01 9.161592511727684185e-02 -1.312962218944543347e-01 7.270592549864510201e-02 8.400446898319877120e-02 -5.644374271197903636e-02 2.935924632654119404e-01 -9.160285107952343894e-03 6.170272802688751834e-02 -8.442818116200735690e-02 2.471456294106991192e-01 5.307166362734115628e-02 -5.874165104251279079e-02 -1.589821459474850471e-02 -2.343021723821379076e-01 -2.123134853871505232e-03 1.738894019750293063e-01
2.457090156654097649e-02 5.372209673636862970e-02 2.517854816119348416e-02 -5.967669776999794118e-02 -6.682023384403699973e-02 -1.487458476102981875e-01 2.385507257508003021e-02 -9.783889025786174365e-02 2.110043821028231154e-02 -1.503968855220375322e-01 -2.352927419829132713e-02 1.000000000000000000e+00 -6.262095912587190005e-02 9.530435989881989867e-02 -4.614478979731101438e-02 -4.080353759982068007e-02 1.554823875755928786e-01 1.860386206297341086e-03 2.683462136301133921e-02 -2.421147194559823967e-01 -1.394640620913265017e-01 7.749241334122568270e-02 2.193721227908299737e-02 1.172966659609739892e-01 -1.436413764405765070e-01 1.424743868559923965e-01 1.933397474391166104e-01 -1.526538058268187559e-01 -1.294444060082279024e-01 -1.122157270541745411e-01 2.725891511192961303e-02 7.966315491586231645e-02 -2.019073818031392187e-01 -1.600565458140935371e-01 -1.086420580725554613e-01 -1.126308634945894921e-01 -7.387768443296476029e-02 1.259017134531986160e-01 -2.195846056098460786e-01 6.511210427260891512e-03 1.617805036053560422e-02 -4.162425205646735210e-02 -6.031668537480205927e-02 -2.782748052743569053e-02 4.700144600273441220e-02 -2.737782977648338043e-02 7.304129194589462082e-02 -4.812125777002456729e-03 4.170409010776111869e-02 -2.140358912041960202e-02 6.475572518000591304e-02 4.026109822696662122e-02 -1.646150378475046139e-01 7.091901990940069865e-03 2.957138202999738327e-02 -1.508084126567660610e-01 -2.610608061956773973e-01 1.409192392009413486e-01 1.698388955959015956e-01 9.501806882927864946e-04 -8.093028769120420851e-02 -1.481193887810870573e-02 7.426045398388016194e-02 -5.951960740351158741e-02 -1.835645462846221751e-02 -3.398805870896543652e-02 1.753626489014424583e-01 1.930928283070131313e-01 2.126319363541694790e-02 2.607294922776224114e-02 -5.235855918827117018e-03 3.656313577591099873e-02 -1.611705200010744299e-01 1.450425852414976569e-01 3.484683881664835895e-03 2.611961299704275152e-01 -3.947898910551829454e-02 4.220411033340615292e-02 5.676861453504258165e-02 -1.136288443533189224e-01 2.192924279313334182e-02 1.921950872745975536e-01 1.883616905633983540e-02 1.980722421683435083e-02 -8.254858459787979552e-02 -9.775902663619079336e-02 -3.759577179351897280e-02 5.489290470523035433e-04 2.401526074797297877e-02 3.758063775176534449e-02 -1.055633897037535907e-01 8.734074597637282722e-02 2.370789613194166853e-02 -1.430265698474775526e-01 2.548678051128084807e-03 1.579893656659829004e-01 2.777731153327141211e-02 -3.187263281764176476e-02 3.666426890029541447e-02 1.100439565445727047e-01 1.203192308420035911e-01 1.658947944492032006e-02 1.474953283376598534e-01 -6.690468537017753292e-02 -4.565795748971693963e-02 -2.248019139382562842e-02 -1.338112184314619590e-01 1.660397144810007303e-02 -8.349889611734917505e-02 -2.666228614364306027e-01 4.258613099633491716e-02 5.227741996794639176e-03 -3.887084044889383555e-02 7.526453170486599453e-02 -3.693605226171663841e-02
-3.974433323622169473e-02 5.508750574865403302e-03 -2.747702541828058852e-03 1.446327614829265307e-01 -4.983744440439148715e-02 7.647459497407828322e-02 -7.746869652848845100e-02 -1.429163244398949095e-01 -4.380744166006011325e-02 9.147961555723252425e-02 1.009476160750666929e-01 -6.262095912587190005e-02 1.000000000000000000e+00 -2.432386488894280330e-01 -5.784624206153202164e-02 4.948103490160483259e-02 -2.487106696132851055e-02 2.719123039776615014e-02 1.589223375788148540e-01 3.181415989810400941e-02 1.277065893745660541e-01 -1.543841209127014280e-01 -6.121329224425022669e-02 -4.784960916805217762e-02 2.337726210610660549e-01 -1.495602552042985534e-01 -5.357570245320852258e-04 -2.970729124829781312e-02 -6.134245129049421125e-02 2.141959789236418388e-01 2.490222090549542439e-02 -7.308110246021916334e-02 8.494795474673159930e-02 5.491619987976960326e-02 -1.516249416243651282e-01 1.607677876890790669e-01 1.280392816597080430e-01 -7.369955477696542301e-02 -4.445687771904432116e-03 -1.258541618487277469e-01 -9.797731042232389956e-03 1.388242925132879280e-01 1.086811320365022038e-01 -1.028737633071260399e-01 -1.647973237172146721e-01 -8.043966402908812874e-02 -3.476619849711447968e-02 1.360561303145032819e-01 9.211545344412304381e-02 1.962455611055677618e-01 4.489681129230449486e-02 3.367573071800319257e-02 6.799804004762773080e-02 -9.827292891397984564e-02 -1.420732036262069842e-01 -9.121555638240913533e-02 9.950163117076012143e-02 -5.457958570906768642e-02 -1.545151645159034137e-01 -9.148312246378849377e-02 7.029218006179388523e-02 1.642974727223826537e-01 2.609691752128438791e-02 7.920781778971411335e-02 2.542159647588426719e-02 5.540363836961224170e-02 -1.826144191605099110e-01 5.081419361786145006e-02 2.580480297529408329e-02 -1.013201923418617922e-01 -9.631689764840653187e-03 4.122077908093545878e-02 9.245016665294086833e-02 -5.684364328532981459e-02 -4.336440922094446371e-02 -6.193826101227570963e-02 1.451920011477061782e-02 3.812518097892687169e-02 4.411683713381690970e-03 -6.099626678733940932e-02 7.949001206508800321e-02 -1.562182661667625705e-01 -5.400817229761556426e-02 -5.402960608502006823e-02 -1.416172367061570812e-02 -4.695711871392548031e-02 1.052106389253869810e-02 9.318184133114677803e-02 -7.979333497308960244e-02 1.499766904093387081e-02 -1.510207507761545873e-02 -1.064783707072600033e-01 1.780502264897281667e-02 -2.615512695932856180e-02 1.103707492194139356e-01 1.196755325662927222e-01 8.178607636453257002e-02 -4.759278875823613753e-02 -4.888916494357054693e-02 2.410548980041778977e-01 -2.050996907720231688e-01 3.190870236168018986e-02 -3.332935600015349276e-02 -2.985373465917384034e-02 1.266607567201830098e-01 -1.876898353340059750e-02 -1.431742090699968939e-01 -8.944881214247295265e-02 1.450121358101918723e-01 1.559132146747610193e-01 3.732604435319689194e-03 -4.420080031381746002e-03 -1.131259986512733740e-01 -1.763033016612314818e-01 -4.610853201567932311e-03
