1.000000000000000000e+00 8.116888590555940142e-03 -5.149564348027791533e-02 4.454217107361864436e-02 5.426411461215139426e-02 2.646268551553514897e-02 4.462560922482221998e-02 8.021118298206933797e-03 5.413024447991054283e-02 7.061620394029761993e-02 -1.062866847526826170e-01 1.250394950661307680e-01 1.226127737031512156e-02 4.145611320458251516e-03 -3.626186928792999448e-02 -1.906936806737370427e-01 -1.856958719944115099e-01 9.844179619177662044e-02 -1.668433233965778140e-01 1.146937491237097345e-01 -1.340962086744185155e-01 3.649385958800857588e-02 9.978288201436229243e-02 -2.713961841599958971e-02 1.283985752059037810e-01 2.063569191439628414e-01 -4.875228692939068825e-02 -9.220296059376136000e-02 -9.573219983828299209e-03 -8.906633612764243424e-02 -8.123626278702175685e-02 -6.998385088699652853e-03 -1.065844369041665796e-01 -1.064111085620608049e-01 1.279914115684097076e-01 -2.197596084562328245e-01 -2.681003216280857804e-01 -2.141066993718160894e-01 6.745510155585522638e-02 -6.546967980517676144e-02 -7.453171413995479666e-02 -2.214666584378639780e-02 1.431548391019407951e-01 8.920573939689029064e-02 3.486543281259596450e-02 -9.037305903024414611e-02 1.107397269454164501e-01 -6.169074151369954156e-02 -2.260394251239638552e-01 -2.369411859629190075e-04 -2.188269674410194821e-01 1.140740292961902602e-01 -2.312938326345435336e-01 1.911535052011684860e-02 -6.099434715649297567e-02 1.694531226308574612e-01 2.262273745960764748e-01 2.547273589589368337e-01 -6.578809117022511865e-02 1.743294537591792426e-01 -1.852494961322091391e-02 1.830662629459069435e-01 -6.014070324261428652e-02 1.126189504040288336e-03 4.889711722244093756e-02 8.088560378846766652e-02 -2.198990299881148358e-02 -1.577690835785000301e-01 -2.476160698808969607e-01 2.016563273527949285e-01 1.367384458615710785e-01 -7.360880716368223275e-02 2.794110749439108199e-01 1.161806799983659128e-02 -1.144497524656158949e-01 -1.094586399988487814e-02 -1.658801129480508563e-01 -2.949381425314430774e-02 5.731936154979813680e-02 8.972857359553788881e-02 -6.677207187953951295e-02 2.290348324028632695e-03 1.588043818645375749e-01 8.312087441931931275e-02 1.248025611945313695e-01 -1.560935120991057135e-01 1.399438614176466977e-01 -3.022178795724754161e-02 -3.171652208932345535e-02 -4.790563426824593490e-02 -3.173791703132981534e-01 1.702541690497867410e-01 1.041260095748633430e-01 -6.875464380336060444e-02 1.513824278360861864e-01 -3.865618768854157949e-02 7.459998005546736310e-02 5.556921772944741628e-02 1.738659313895632164e-01 1.574664310393925903e-01 6.643931877787515039e-02 1.249640223150786794e-01 6.317270262988555762e-02 -4.047046341054482549e-02 1.749721202467110770e-01 -9.890836285216088666e-03 6.414250275848190630e-02 -5.317927529906139872e-02 -1.988874998640590697e-01 -2.062781219357951931e-02 -2.597778052333336585e-01 -1.274098973564763981e-01 -2.033413153418486274e-01 -1.133457854465785147e-01 -5.919241900069041606e-02
8.116888590555940142e-03 1.000000000000000000e+00 -1.017908162521739823e-01 -2.904505443467677098e-02 -1.187184968279409447e-01 2.593480885867560648e-01 1.919197052217951338e-01 1.891692926943410250e-02 -8.354302295818177848e-02 -3.002934448908608014e-02 1.614546086882943932e-02 -3.576543928374135983e-02 -8.837546857640135589e-02 -3.766022074599942315e-02 6.445538147243690986e-03 3.896768561057174785e-02 -1.346171038064967740e-01 1.556785993839150395e-01 1.614898065434514640e-01 -3.145998049427539689e-02 -5.358245664465556557e-02 -5.773319079391935581e-03 -9.854857271888387005e-02 1.769163759505057790e-02 -1.507421213020592732e-01 1.284996799374339693e-01 1.003319294306453807e-01 -2.733712771692017873e-02 8.672219226947462667e-02 4.583596446768458538e-02 -1.156355996963009530e-01 1.228034467039977456e-01 -3.414613721100055038e-02 -1.423728803496897011e-01 4.808902953509707617e-02 -1.293835922684238166e-02 5.983983478243892415e-03 -1.491804573029033819e-02 -8.942048252365395258e-03 -4.940495711732024314e-02 -1.112417032153365237e-01 -1.185897453003321445e-01 5.757077995406102017e-02 -1.137410520946708498e-01 -4.078520970567724169e-02 -1.266301345946044266e-01 -2.248590280029052202e-01 3.320890220908109813e-02 -4.443660410798666582e-02 -1.049655481116172281e-02 -1.333650376774030422e-01 -1.075360768568168895e-01 -1.498112575011399383e-01 1.129505366857877641e-01 3.521025959220679818e-02 1.555076554506353292e-01 -9.209298087672566913e-02 5.918873465752914897e-02 1.643878169782346799e-01 -6.044685687189367204e-03 1.049501406615145488e-01 6.853317582144324849e-02 -6.519320627231758869e-02 3.509402714245859339e-02 -7.868337388967466817e-02 2.001851223791220324e-01 -8.654621303865588089e-02 -9.267927769376638203e-02 -1.230025824012456470e-01 2.229934086229837520e-01 1.658892956185181039e-02 -4.595853851197497647e-02 4.184127188896695493e-02 -7.565304712427214917e-02 -9.422302127905500535e-02 -1.806637090067083617e-01 1.393300879030535955e-01 1.432599962263560395e-04 1.520014382292206589e-01 6.759610901143107975e-02 1.007019406362937575e-01 -1.002587680372860890e-01 2.061792075354066944e-01 6.784440109617821679e-02 2.010923985665878100e-01 -1.686260428039425274e-01 -1.708110863821230008e-02 1.153846486999436129e-02 4.258631673669473205e-02 -2.070137499344519572e-02 -1.666861565880195239e-01 -3.225734990583886685e-02 -6.554340395883749559e-02 -1.667223399166950504e-01 1.749185798942266834e-01 1.858925209152494443e-02 1.332978910682939000e-01 1.734066231560720261e-01 2.222377187589375316e-02 -1.136914500957785790e-01 1.207878050390131103e-01 -1.904549411658679192e-02 -1.483765002293331581e-01 1.666873122340227845e-02 3.778578343933104104e-03 2.113563197537417504e-01 5.718456007242272987e-02 -1.432352729805752845e-01 -6.970471294624976111e-02 -2.221763683665127498e-02 3.575204908998803194e-02 1.641496317218333612e-01 -1.939197583411589668e-02 -9.879275437864272480e-02 9.130873440767768578e-02
-5.149564348027791533e-02 -1.017908162521739823e-01 1.000000000000000000e+00 1.409027061076299492e-01 -1.710014681476693804e-02 -2.250804288636340800e-01 2.531202198745333698e-01 -1.059683120266553952e-01 8.235982365561435314e-02 -4.388338504073296953e-02 1.730081279233519065e-01 3.859732157979664513e-02 1.174333634169010404e-01 1.238452362979682447e-01 9.379892357015819082e-02 6.159243757245578405e-02 9.223033212380081503e-02 1.054707606112390977e-01 -3.417392320985957604e-02 3.826084531591999582e-03 -2.179094126072863846e-01 -1.537151116228361314e-01 3.043840087540044745e-02 -1.852043435603880073e-01 -1.064837236047335434e-01 -3.145899398336765573e-01 -2.481985989646002533e-01 2.783018078415392532e-02 -5.985342106696550646e-02 -2.742307110946045623e-01 1.165196855500769957e-01 -2.527143129247766407e-01 2.642418005713937923e-01 2.032818541187347006e-01 1.990111596183544510e-02 -7.809480925188398703e-02 -7.769114004395538675e-02 2.478792142402298226e-01 -2.136312560930537022e-02 -3.515046048028230841e-01 -1.655627644762246165e-01 1.683685564375181076e-01 -5.061570207928633991e-02 1.042547377425542474e-02 1.478472405258923206e-01 8.925358876403542696e-02 -9.279104250303260581e-02 9.565206975249357368e-02 1.831505853837714637e-01 4.890658845570155372e-02 1.261299488845493699e-01 2.478792883930872881e-01 1.722511236647732979e-01 -9.992726202515082867e-02 1.122765302705963919e-01 2.494236237926076780e-02 -1.593941240417194594e-02 -2.474314545378864527e-01 -1.475755011670091266e-01 -3.352215222922976245e-01 4.040217693929034487e-02 -2.469352595260833894e-01 -1.496926460861108810e-01 -9.208124672222103846e-02 -1.045202551554650361e-01 -5.741959576894446055e-02 -1.033267837041680626e-02 1.519169569648878837e-01 2.412730938267519942e-01 -8.627573881431757630e-02 -1.571253581913748670e-02 -1.766051328141446941e-01 -9.817209597215798000e-02 2.289582235891970408e-01 1.241773133528153022e-01 -9.400328388798964707e-02 2.317051830349182162e-01 2.060882890636038800e-01 -7.953886972344101358e-02 1.227377021820018066e-01 -2.118234579251574157e-01 1.714492962187741665e-01 -1.379068461742996854e-01 2.300754416084755880e-02 -3.300465111310857402e-01 6.410363878268075799e-02 -2.504577224536914670e-01 -6.609463927179051734e-02 -1.094956086794888206e-01 -8.157460627077661730e-02 9.373694162842266531e-02 2.387690234423433810e-01 1.219507304849010848e-01 8.904066175594885224e-02 2.833147175675661267e-02 1.511386673145120874e-01 3.735713826069525815e-04 -2.575952725010586045e-02 1.125409529537975406e-02 1.548251353781077144e-01 -2.834972332824871044e-01 6.752737731925818887e-02 1.145369563695061293e-01 4.214894991813955029e-03 -7.523239782919442092e-03 -2.797451325813223866e-01 -1.317918095725079952e-01 -2.197950731707443150e-02 1.862045204723263570e-01 -2.892049279410944737e-02 -1.186217970945650096e-01 -1.951549760038985004e-01 1.302277302280206196e-03 -1.417567060829210135e-01 -1.952753062946941398e-01
4.454217107361864436e-02 -2.904505443467677098e-02 1.409027061076299492e-01 1.000000000000000000e+00 1.780590583599057919e-01 5.687380394062804823e-02 5.428188452341846382e-02 9.807928516300021271e-02 1.368737776108581439e-01 -4.429673648777392170e-02 -9.013923198772105794e-02 -5.780579878210116707e-02 -1.046760815695259722e-01 9.438899186231786143e-02 -1.206960439965355653e-01 -5.444485353059402843e-02 -5.532543758306592875e-03 1.590079904942237610e-01 -1.552314745564171428e-01 -1.011764447952704093e-01 -2.369531630693074986e-01 -3.562602149430669357e-02 1.677201762291511133e-01 -1.513114002681796577e-01 9.065076584997279474e-02 -1.368999492721217209e-03 2.387632948258507515e-03 1.567839036585716994e-01 -2.177441608238019424e-02 -7.975597869595918779e-03 8.751246609166354884e-02 8.722767513925708260e-02 -8.796982662911442818e-02 -3.675719556115101400e-02 -2.321601526172702157e-02 -1.344922535962359555e-01 -1.774157759558102343e-01 7.031903652854419595e-02 -2.111884909607719962e-01 -3.446604480748511889e-01 -7.956516487930223591e-02 4.116870497579678406e-02 -8.160655409854292164e-02 -1.146924966728497981e-02 8.929505885151341193e-02 -1.327442348015132056e-01 -4.766672159411943638e-02 -2.722433925831240220e-01 1.359856718325849756e-01 8.878148678504305114e-02 5.983452980548210204e-02 1.857975305559579904e-01 -1.184828303063619331e-01 7.048887499637158938e-02 -5.181066597852185956e-02 1.376446691436043479e-01 -3.326559037159085297e-02 4.819434182236519149e-02 -1.311123228782868633e-01 4.168012219725884121e-02 -8.471868956754317892e-02 -8.421519878843064522e-02 -9.824590550647302467e-02 -1.686522237572057048e-01 -6.662587323156059227e-02 -1.645758740286849264e-01 1.819382084237265371e-02 -1.140011608272927246e-01 1.942408048274062715e-01 -9.725369420290745637e-02 1.634335473097580094e-01 -8.397650081562766516e-03 4.091374835260107312e-02 5.621345424253907513e-02 -1.044519123397927712e-01 -9.419114278657880757e-02 7.001545808504102721e-03 8.183174712130636408e-02 -1.203740795399464714e-01 1.305891886300658833e-01 -3.593086541824266900e-01 5.860356067098311528e-02 -4.223057342016507676e-02 4.600228550011504353e-02 -5.446985420553196976e-03 9.599208408116119418e-02 8.095004676838367386e-02 -2.650369608868925753e-02 -1.017940422921990301e-01 -2.073337043468058694e-01 -5.248309861828949485e-02 1.217001253914154202e-01 1.310100594327393286e-01 -2.323819623166757664e-02 2.381117366988249814e-02 3.134074759538273136e-02 4.648400350241389811e-02 -1.448287763990747934e-01 1.273831582168324095e-01 -1.256724488509533277e-01 -1.563810377276420721e-02 1.335630124603237323e-01 8.445529665108150730e-02 -2.565841007926806250e-01 1.899447666533699286e-01 -8.164390515175913576e-02 -6.643903154005567635e-02 -1.410406130977909581e-02 5.721416167851588880e-02 -9.591693084780671119e-02 -1.757515953612123483e-01 -4.347852348373688891e-02 -1.679286540909434577e-01 -9.030802455656246341e-02 -1.981346669813776051e-01
5.426411461215139426e-02 -1.187184968279409447e-01 -1.710014681476693804e-02 1.780590583599057919e-01 1.000000000000000000e+00 -3.948848318451092521e-02 -4.836491850687881650e-02 2.029432426061079930e-03 1.351056978640264861e-01 4.211185326212327218e-02 7.777145783912196852e-02 -6.277519663261636740e-02 4.411058719948811324e-02 -1.004490510440474299e-01 -7.894220029971950325e-02 -2.915152303679291457e-02 -1.406943689097056860e-01 -1.060013189899189530e-02 6.708476508254981874e-02 3.015345861901643290e-02 2.689533696878463470e-02 4.536072503452058535e-02 7.877455721006107470e-02 4.584947620652742029e-02 8.247888923561551289e-02 6.898691887053084830e-03 -1.317503089262828282e-03 2.655399299259275300e-02 -1.825722317513220894e-01 1.901546211859627897e-02 -4.063983152009340710e-02 -5.645184637609115819e-02 6.635072619492886348e-03 5.955471786987026617e-02 1.525865503198616246e-01 -1.826658682908783859e-01 -2.021030559834307294e-01 -7.269201055940446854e-02 1.110002983297746493e-01 2.521834478195777648e-02 6.467072884264922494e-02 -9.205441995817032971e-03 -2.096478938527908051e-02 5.515661013361616155e-02 3.557394029671269095e-03 1.131766506865607841e-01 1.054914401974284613e-02 -1.370958568692278445e-01 1.917400036680913245e-01 -5.877388457928897636e-02 -7.075950410249224470e-03 9.456520575624233205e-02 -9.102135152661171291e-02 1.791680250732738747e-02 -3.623090352396764191e-02 8.076859429974717064e-02 1.949649218003987883e-01 -1.876752445004649036e-02 -1.149172165939267021e-01 -5.585190791438805757e-02 -3.671497407248993511e-02 3.543863371638147214e-02 -1.334294071518542235e-01 2.871190713351452761e-02 -1.190788582285750852e-01 -6.083226659119446260e-03 1.610792753153145532e-02 1.215084383274409735e-02 4.649097244523672096e-02 6.010868322232299638e-02 4.498933321626746168e-02 2.533106792054751200e-01 5.568776275576182294e-02 -1.900650830862881946e-01 -1.211187443001679812e-02 -1.972189276852655271e-02 -1.121396840066755662e-01 -2.351513657688860115e-01 -3.780222775061136548e-02 1.356710914518654554e-01 -7.672097931178860353e-02 7.226970904654335393e-02 -1.804733958049859963e-02 8.915687680236560053e-03 7.337136732724613974e-02 -1.379178281866462186e-01 1.450039721765652989e-01 1.148952203775899239e-01 1.460570334870789633e-01 -6.119602059522880749e-02 1.343398953437707072e-02 1.351233635139726177e-02 -4.413307182480964708e-02 9.450212406673341725e-02 -7.374245333751296150e-02 -1.045637482701619742e-01 7.100181317010637039e-02 1.531232932809834801e-01 -4.813294322661302443e-02 1.132938470763430183e-01 1.596755330475412571e-01 -1.533603147498266775e-02 2.057494625918886433e-01 -1.251140053578883027e-01 5.141979562509151752e-02 3.637604351462628977e-02 -1.380882081781796833e-01 4.640561643352555769e-03 1.614371920589659781e-01 7.398274472404000289e-03 -5.338957891278955925e-02 -5.545532349788446363e-02 1.541560015498546696e-02 5.754888732744611879e-02 -1.732676443869369740e-02
2.646268551553514897e-02 2.593480885867560648e-01 -2.250804288636340800e-01 5.687380394062804823e-02 -3.948848318451092521e-02 1.000000000000000000e+00 2.878244961056934670e-02 1.462219392245008853e-01 -3.063694442919015146e-02 7.735356970435718071e-02 -7.332902828323289990e-02 2.640693475390208482e-03 -2.156673634633333170e-01 4.053526123032861334e-02 -1.472160512998900439e-01 -1.225993428623602527e-01 -1.146326631590700862e-01 -5.412739476230667146e-02 8.074942919886633763e-02 -1.162058951251713351e-01 -1.234395099161096354e-01 -3.568814938716944468e-02 -2.824837097438647748e-01 -4.985307158752964179e-02 -1.880937752477300773e-01 1.913811453786394279e-01 -4.672599911853467930e-02 5.286076527266825482e-03 -1.394853264914055341e-02 4.382743510493868760e-02 -1.717879560892539570e-01 2.525198746227112767e-02 -7.347805579183511182e-02 -2.819011875801353817e-01 9.793553766649566727e-02 -4.498009358134434643e-02 -1.661758843007223041e-02 -1.967282674209425986e-01 -1.060011072219885914e-01 9.072814219489630516e-02 1.586997930453116767e-01 1.237757669224888273e-02 -1.952192030336426590e-02 -1.820543475703566283e-02 1.328469129452950481e-01 -9.237589127748227838e-03 1.132413386467529121e-01 -1.011029017876970484e-02 2.402332874304092050e-02 9.957197098697662119e-02 -1.772651446316259594e-01 -6.907849047372252582e-02 -1.322866914131039795e-01 1.359304726459726886e-01 -6.973530031325479717e-02 4.115600007675489919e-02 6.605103008209714521e-02 -3.319276586325010242e-02 1.136178164695949011e-01 7.322324712888030052e-02 6.927306331471708850e-03 1.602080247184708289e-02 1.293088128193967679e-01 5.537376668854904899e-02 -1.293132741084183079e-01 5.361608266877167239e-02 -1.061339624485637539e-01 -2.273827767974392067e-01 -8.060291421405324508e-02 1.315381973223136713e-01 1.324816178084070595e-01 1.039454198249349232e-01 -5.321394878475513984e-02 3.629454699087726610e-02 -2.352385378672948446e-01 7.034050031733751762e-02 -1.164750723471064814e-01 1.184438797330349541e-01 -7.114351510097746689e-02 -5.976047889245278411e-02 9.126093481014059539e-02 -1.608751608965316438e-01 2.344710727856317081e-02 2.440612855170239126e-02 1.180026251266787368e-01 -8.787429582385568316e-02 1.310749208013485025e-02 2.589080241300077689e-02 4.572953205744254707e-02 8.165695398500226465e-02 -9.478052223979549495e-02 -2.381405262745546134e-02 -1.347970388174414558e-02 -4.694054973726500407e-02 7.961436760163402571e-02 -8.198413480268867959e-02 -1.170698841920172345e-02 -2.300142531446855432e-02 6.631113066497265271e-03 9.388726995541776810e-02 3.505781749741395531e-02 -1.074284374476499292e-02 -7.115312848807295310e-02 1.047891394651076641e-01 -1.209372681318952591e-01 2.816998122193554166e-01 -1.007290613205574087e-02 -6.694919449368788578e-02 -1.570829603850631279e-02 -6.852979726637462368e-03 1.201918948113710611e-01 -5.293341121497984608e-02 -2.403058479287858429e-01 -2.857289510066796448e-02 8.291172802554545862e-02
4.462560922482221998e-02 1.919197052217951338e-01 2.531202198745333698e-01 5.428188452341846382e-02 -4.836491850687881650e-02 2.878244961056934670e-02 1.000000000000000000e+00 -6.486249874078826860e-02 1.034034711921258537e-01 -1.937140636261201233e-03 1.691889484217956041e-01 -4.828355673573703905e-02 8.524882894685364976e-02 6.920515119983894348e-02 9.306035955465126464e-02 -2.023750477791987773e-02 3.537645439468206036e-03 9.920209408253924388e-02 -1.225397887668610852e-01 -9.034000416801125921e-02 -1.297072549299455035e-01 -1.010101280403993551e-01 -5.484022860622440182e-02 -6.818094807271449231e-02 -7.422196359061192239e-02 -1.178084975685221442e-01 -5.500697291932771932e-02 -1.096447267997145703e-01 4.244375210596161574e-02 -3.298011855538307557e-02 -1.046076206912808504e-01 -8.942149020810521987e-02 9.245276689449088980e-02 1.095655056605340794e-01 -2.943751109248238934e-02 -2.703731620429090238e-02 1.037510213157101686e-02 2.703059367583096270e-02 -1.822329552294011945e-01 -6.218385068171435742e-02 -1.043020635002134128e-01 -4.822769301125025970e-02 1.425014588553631389e-01 1.203055756473549349e-02 -4.114698609657665290e-02 -7.140072951835788051e-02 2.039858425156576040e-03 7.292757923846117374e-02 6.324338516021434098e-02 1.053275809981172283e-02 1.261016718836081851e-01 -2.945659445055088740e-02 2.662713462288336663e-02 -8.444054333452141736e-02 4.976254457154018207e-02 1.432089815259916799e-01 -6.019440674691162174e-02 -5.409997173116257857e-02 -1.643524129021916788e-02 1.675105220691121277e-03 -7.913834569991821943e-02 -5.441568272965859911e-03 1.226840972207862979e-01 7.846582109071446876e-02 -9.317273402200232368e-02 5.909027643452777201e-02 -9.820668985451487532e-02 3.865694551994024175e-02 -2.091392233965843478e-02 -7.598632694637023899e-02 -5.567721254713373785e-02 -1.104823336196808503e-02 -1.520544545294087724e-01 2.237273564601923587e-02 -1.077215189469874490e-01 -1.666971030230161299e-01 1.398939104575333547e-01 6.317901056159579143e-02 5.708507890676400159e-02 -1.969465325599070032e-02 1.607877451022482777e-03 -1.300236892178075476e-01 1.983810775283376474e-02 -1.444142694251642767e-01 -5.418453906456979080e-02 1.406822020758024261e-01 4.159801517449458579e-03 -5.416090215040591377e-02 -9.632157252285596105e-02 3.700343095082259809e-02 -1.255600934158187902e-02 1.180796300948536159e-02 -8.131372495031354009e-03 1.282623607590965917e-03 1.574289954408363834e-01 1.475198942865639795e-01 2.073661384441639541e-02 1.024878725410053176e-01 1.675712539384422439e-01 2.192055444316295121e-01 -1.708064804657727365e-02 7.981211230699704340e-02 -7.260986782920525462e-02 1.349885976034106150e-01 1.021080177610709898e-02 1.479949566287100220e-02 9.106050180443388264e-02 8.187510960780561287e-02 2.468649089308533606e-01 -4.356164494497503231e-02 -2.579835816130944016e-03 -2.633357246819826095e-02 -1.540215305207168293e-03 -3.122546570818953704e-01 1.472925091620088354e-02
8.021118298206933797e-03 1.891692926943410250e-02 -1.059683120266553952e-01 9.807928516300021271e-02 2.029432426061079930e-03 1.462219392245008853e-01 -6.486249874078826860e-02 1.000000000000000000e+00 6.991806289468975588e-02 -8.577785311181231054e-02 -1.638575030582905268e-01 -1.798491862890790605e-01 9.866445216531240237e-02 5.687492994565036125e-02 -4.046466571489940739e-02 9.309703462841394106e-02 1.835545277589558516e-02 -1.297926305415452244e-02 -9.855510305601986043e-02 1.313533139871263800e-01 -3.522545672132648686e-02 1.777420586712556427e-01 4.104709396412050543e-02 1.057258963540155285e-02 1.711665676939390923e-01 -1.110844686930973456e-02 6.017038760622519557e-03 1.104100475988989763e-02 1.796254136776793131e-01 -7.297098819596879206e-03 8.878672583361715831e-02 8.918683952818184935e-02 -7.025608585068365526e-04 6.194249044811985655e-02 -9.413073830134595366e-02 -1.519272943854607372e-01 -5.823851291772608359e-03 -1.681334194818981664e-01 -3.831966464644594866e-02 2.744329903129986981e-02 1.372154973502247022e-01 2.277602009750120948e-02 -1.391430444877317096e-01 -4.332740144815962202e-02 -1.512595072408785607e-03 6.806759256299931005e-02 1.926955816321127557e-01 -1.765224184775891492e-01 6.992319876749883423e-02 -8.434948950693368702e-04 -1.922566550879664105e-01 1.157027040540749563e-01 -1.226538627656332259e-01 3.697053875370829856e-01 -8.256594707848095849e-02 8.164825099288793020e-03 4.509086376171525523e-02 -8.346964152531291536e-02 -1.306848721759817367e-01 -1.314543633497833319e-01 -1.052022049181943614e-01 -1.394126062845794101e-01 -9.699849648650346601e-02 4.136837156731682646e-02 -3.699679791661330402e-02 5.830644425986730717e-02 6.959138232267388091e-02 -1.512036967788042419e-01 -1.216470695354362475e-01 3.941365788696141875e-02 6.444698238021576153e-02 1.187613696555846338e-01 1.582700286955335545e-01 1.045058676948150134e-01 2.388268183085417995e-02 2.883069951668086606e-02 6.150442499966149446e-02 4.159417005985587001e-02 -1.591793342514936233e-02 1.959760061394051900e-01 -1.423405983770274219e-01 8.989901415325962653e-02 -1.700142289963151587e-01 8.344504845782818592e-02 6.630672959775710251e-02 8.854445535156915681e-02 -1.233715703602929203e-01 -1.293000798130147788e-01 -1.442758799477769811e-02 -5.968486111460840488e-02 2.001458048989235294e-02 5.117790530585875769e-02 2.509294505754224303e-01 -2.609936277776626207e-02 -6.461923816772964513e-02 -9.882151894008403548e-02 -4.819099780949490097e-02 -3.149720803411616421e-01 3.710466052834510836e-02 -1.024590581898268682e-01 -1.293385035080366618e-01 -1.384709125299784516e-01 8.846965825751000601e-03 -3.653833407297318175e-02 2.966328398214878453e-02 -1.668816508037476443e-01 -1.746439604318198238e-02 -6.407454450716780492e-02 -1.313718915393600507e-02 -7.428692491912465817e-04 -1.630295680906022338e-01 -4.301058855555391081e-02 -1.784581950497487191e-01 -3.153010669807976979e-02 -2.227373731573893956e-01
5.413024447991054283e-02 -8.354302295818177848e-02 8.235982365561435314e-02 1.368737776108581439e-01 1.351056978640264861e-01 -3.063694442919015146e-02 1.034034711921258537e-01 6.991806289468975588e-02 1.000000000000000000e+00 -5.218236592933939849e-02 -1.389680007490642910e-01 -4.413378521466899962e-04 -4.786236561112421073e-02 3.047304175336031790e-02 -2.029626176801161419e-01 3.321102134983452275e-02 -2.729656739753899899e-02 -8.692232435745077257e-02 3.300907282735998736e-03 1.076346127375764072e-01 -1.083036477218953103e-01 -3.249795624608309286e-04 2.734441997089052598e-02 6.148766722354692682e-02 2.403819984781639663e-02 -1.127760885024610971e-01 -1.355145755591045664e-01 1.056930625805061197e-01 1.218567594809016191e-01 -3.856961654676683421e-02 -8.484243326561219378e-02 -5.426796230115180086e-02 -1.717068426551884158e-02 5.321253714332661172e-02 1.123567053310219055e-02 1.491983214922169287e-01 -2.580280760956078084e-02 2.973247061454523457e-02 -8.594404517981464944e-03 2.716454561581606395e-03 1.049879974140729838e-01 -2.670897155354413910e-02 -4.425657055765111481e-02 5.753315274045305711e-02 -7.177835860733999818e-02 -2.595706051013618385e-02 2.002294145597215136e-01 -1.722357010548889247e-02 1.149326422788811974e-01 -3.566138582924186645e-02 -6.603152260154535047e-02 -8.521064918488369111e-02 -5.003051211631606016e-02 1.160970044540617363e-01 -1.093256187225720433e-01 -1.172968578997821559e-01 4.178259007456338464e-02 5.332401058576389033e-03 9.296786417309682929e-03 -1.048547608633957906e-01 -7.879672159873460369e-02 -7.008639104885379389e-02 -1.832625705237646979e-02 -4.825600751449158482e-02 -7.586050122876297243e-03 -7.254193632272239178e-02 1.920962002869092133e-01 1.229450120876368797e-02 -4.913168108194134603e-02 1.950977041739476031e-02 -3.679591628408761510e-04 1.571780067778678069e-01 8.385016775648816700e-02 -1.214536583810500447e-01 -2.695172355248013144e-02 -1.605378802306701713e-01 -4.927484448502993802e-02 -2.829154159819032704e-02 -1.346259950069307338e-03 1.471991003644124683e-02 2.192703683848568758e-02 -6.897721261164893591e-02 -1.510600043625134337e-01 5.558540315105541668e-02 -1.113022090122550989e-01 -5.734571752539433659e-02 -6.881384908492095553e-02 -5.168385346114663659e-02 1.780020269381790421e-01 -3.835734060269896384e-02 -2.174714306592751695e-02 2.195341873096554215e-03 -8.017520723386165060e-02 2.114119163052245384e-02 2.028063178956098223e-01 9.705960425276864700e-02 -1.115635825196028066e-02 -1.484507791303833202e-01 -1.272649553564176306e-01 6.647003518059821890e-03 -1.104042713978392876e-01 6.006183056951092808e-02 1.317366785612192615e-01 3.983916638075286898e-02 -2.255588149074059731e-02 2.920237458824193402e-02 5.619162242651886546e-02 -1.404797389833289511e-03 1.206530298675154572e-01 -1.817802184036785467e-03 -1.404461706605062421e-01 1.203680857477464929e-02 -1.130537645358665848e-02 4.023032310517656029e-02 -1.130827989854560761e-01
7.061620394029761993e-02 -3.002934448908608014e-02 -4.388338504073296953e-02 -4.429673648777392170e-02 4.211185326212327218e-02 7.735356970435718071e-02 -1.937140636261201233e-03 -8.577785311181231054e-02 -5.218236592933939849e-02 1.000000000000000000e+00 -1.731830858076483307e-02 1.114731851259528755e-01 -2.906636918610261411e-02 -1.265191124556441955e-02 7.029688563201105800e-02 1.100026616113904260e-01 -8.448818647402110693e-02 -2.476753890666406194e-02 7.386921035168529659e-02 5.263251859026456128e-04 -2.724805560407845065e-02 3.036284871462729268e-02 -1.022506991530312825e-01 -2.904287430369151615e-02 1.103869254234918738e-02 1.482403779078550199e-01 -8.045487039297516407e-02 2.299394263646199060e-02 9.451225557046964709e-02 -4.722430656901331625e-02 2.009885024818136023e-01 -6.477995394185644129e-02 -4.021879377264099553e-02 3.315289017117287185e-02 -1.761259034337323698e-02 -1.571666171147712843e-01 7.674770877545966652e-02 -1.773366498243571232e-01 8.635183135519547415e-02 -1.159174225834089071e-02 7.611919899395187816e-02 2.402322249033712193e-02 4.755980366261362141e-02 7.884966682750788394e-03 -6.180184075035128483e-02 1.091423678613996119e-02 9.871626002656045187e-03 -7.558663251940510308e-02 -5.961105640151536517e-02 -5.020638160838127029e-02 1.563124386261434684e-01 -1.035740776421025106e-01 -9.957888815019198814e-02 -1.645408994184087703e-01 -1.302624145796489885e-01 3.053546801128645752e-02 2.158738422541299495e-01 -4.058669958343071038e-02 -9.574414383726694011e-02 1.645956603333851853e-01 1.529646863519911783e-02 7.820043432002506123e-02 8.641316462698602971e-03 -8.555542514684201516e-02 -2.866324165304390270e-02 8.680518089320106434e-02 6.010386048146050889e-03 -8.463147215724067807e-02 -4.608394183246361520e-02 8.250933824179211649e-04 -3.936837828543566370e-02 6.502261198707881551e-02 7.486145693118115285e-02 -3.546808883522257344e-02 2.914956810808678675e-02 1.431903619534780903e-01 7.528449181487373298e-02 5.416758724896730826e-02 -1.223277388685607425e-01 -1.171129793849369494e-02 -8.547490047439366967e-02 -5.029766654202206914e-03 4.224192920528839490e-02 5.532505808800182272e-03 -3.158395565134500260e-02 -4.624275353447390019e-02 -6.228482191497585613e-02 3.209361872723886632e-03 -8.631727422216900480e-02 5.626749553190204395e-02 -1.124944931770966161e-01 -5.820967711580997406e-02 -9.099571016204907603e-02 1.666095382863879218e-02 -2.304144080076286558e-02 1.120558945920684668e-01 5.727411812807128161e-02 9.428861399538786270e-02 3.323905021571971902e-02 1.407788199927832440e-01 -6.027517334152367873e-02 3.691067451160704588e-02 2.053130837658141694e-01 6.534333835636889354e-02 -6.914230307060678649e-02 3.659080096135585488e-03 4.695883336267801800e-02 1.943414444248207917e-02 -9.157027659303127592e-03 1.725215115656752451e-01 5.460352206661462510e-02 -2.094643721943206371e-03 -2.951945805183455590e-02 -3.478073151915615779e-02 1.180129964610784343e-01
-1.062866847526826170e-01 1.614546086882943932e-02 1.730081279233519065e-01 -9.013923198772105794e-02 7.777145783912196852e-02 -7.332902828323289990e-02 1.691889484217956041e-01 -1.638575030582905268e-01 -1.389680007490642910e-01 -1.731830858076483307e-02 1.000000000000000000e+00 -7.126531365401968243e-02 8.176975707318431819e-02 7.736453748413535392e-02 1.564553449389359530e-02 1.543994505563656416e-01 1.365819394991444613e-01 4.501314730052697471e-02 -1.001130712939723721e-01 -2.311217861726933831e-01 9.853181719442696829e-02 5.137890444487767938e-02 -2.630678250443552746e-01 1.983529658478232760e-01 1.710398120265065394e-02 -2.030229664512983589e-02 1.466263284315146853e-01 -3.148190580278618089e-01 -7.751124277764651072e-02 -1.034067592841827199e-01 -9.267963386138290682e-02 4.392382094436837053e-02 8.341077999699671175e-02 4.413336461973145497e-02 2.774489021334493669e-02 1.290493700834771940e-01 1.592410037551990620e-01 2.193920432319963754e-01 7.879231039939182599e-03 4.167103106927051714e-02 -2.732468356057428660e-01 -8.996782313252728314e-02 2.171458636900077954e-01 1.022723080811020341e-01 -1.124663531000889283e-01 1.572852001867821037e-01 -1.609395831198678906e-01 2.125621875322432630e-01 -4.705739665796762616e-02 -4.447361565002912187e-02 1.136704705963124812e-01 -5.295320917836450134e-03 1.506164575718795841e-02 -5.582950265635755298e-03 1.309349476874659413e-01 1.601069877812959577e-02 1.883613004460877108e-02 -1.740802931178088431e-01 3.525185828945164718e-02 6.554380805641864260e-02 1.857634156063663056e-01 1.433863719348299828e-02 1.081262460130852088e-01 7.032740434003287300e-03 -1.913560843391027833e-01 2.452253280317998052e-01 1.123505225223834503e-01 1.878390386751371266e-01 -4.765688971843157727e-03 -6.137185658206504441e-02 -5.656280217596918597e-02 3.906630053305612527e-02 -1.546614424765385132e-01 -7.219538381248738479e-02 1.435832117499682425e-01 -8.457033355426600563e-02 3.086075806082016482e-01 -1.705494183522712204e-01 1.169812449325684373e-01 -1.701975313658600775e-01 2.402987935667896535e-01 -4.203569356887053993e-02 1.327066336963862170e-01 -2.111714207989983660e-01 -3.324532569351580646e-02 -1.626327083000534413e-01 -8.909233895777626810e-02 1.243034776691101934e-01 -3.364286176981127752e-01 2.090425203592412851e-01 1.984548858793933890e-01 -3.243669323808491545e-02 -8.289531329311071450e-02 1.911677132854069927e-01 -4.347328082084126605e-02 7.780857576850708224e-02 1.777316463564236060e-01 1.494087680872707991e-01 -9.919842778225938795e-02 1.886873670997454566e-01 5.207121405818422588e-02 -1.856182979231840420e-03 -1.831730053787513912e-01 -1.568986722336491446e-01 -1.671937252233699489e-01 -7.137466744873036117e-02 1.231978298432222785e-01 7.593850406450386448e-02 3.259075033129197468e-02 2.133346424775708072e-01 3.239284772262635004e-02 3.224716515698516223e-02 1.629972243781335484e-01 -9.452034878449483424e-02 3.448259263477255754e-01
1.250394950661307680e-01 -3.576543928374135983e-02 3.859732157979664513e-02 -5.780579878210116707e-02 -6.277519663261636740e-02 2.640693475390208482e-03 -4.828355673573703905e-02 -1.798491862890790605e-01 -4.413378521466899962e-04 1.114731851259528755e-01 -7.126531365401968243e-02 1.000000000000000000e+00 4.601104968015123919e-02 3.417046840100076283e-02 -1.479383071247900860e-01 -6.686759803684175218e-02 -1.236186362867309624e-01 1.614139548701157834e-01 9.236359388164786205e-05 2.205815184052552502e-01 -7.083130826307786065e-02 -1.681495433464379879e-02 3.105402036764610182e-03 6.679319416505929974e-02 -8.959069964876145709e-02 5.788068807426222789e-02 1.488106379278149836e-02 -8.159123227603207185e-02 2.274426133591821858e-02 -4.926112322010254424e-02 -1.476065931795091102e-01 -2.769709503246825522e-02 -5.197660482339196142e-02 -4.766104327217822456e-02 1.014922915500804379e-02 7.317305480384556429e-03 -3.699607805186955894e-02 -8.163555274397575612e-02 1.688178361776219161e-01 -1.043374603157722624e-01 5.879738369972874190e-03 -8.155612429557707044e-02 -9.093610057305248628e-02 8.594293415590739671e-02 -4.877188509582616738e-03 -7.677713094081048406e-02 -1.540870561196566457e-01 6.734641925404306765e-04 -2.503749618592340798e-01 -6.370437385861509039e-02 1.940650707002821232e-02 7.382317411412795544e-03 6.028669474943403050e-02 -6.581137091086097790e-02 1.324646960792844608e-01 1.497695992618100214e-01 1.175910343801667562e-01 6.548733094425294998e-02 -3.172480588216269187e-02 9.703603564456310393e-02 9.239521653354723640e-02 2.597537517264952855e-02 -6.244257022096855181e-03 -4.833214910155492205e-02 -4.611938974143690168e-02 1.084874352777318030e-01 -6.962636414782752414e-02 -1.202398098879114002e-01 2.015073693528123336e-02 1.130441371506119286e-01 1.626658519365802719e-02 1.064449177066879339e-02 1.396017465916607643e-02 1.265413514762429026e-01 -1.571732519713435472e-01 -5.912492949049816954e-02 8.745715469460543789e-02 1.569914013314254453e-01 4.800055376441066113e-02 7.194818103706676626e-02 -5.671418108524882776e-03 -4.643746522069192723e-02 1.342790185501289979e-01 -2.494991557496145998e-02 1.922541887101707758e-01 -1.331855109613240273e-01 4.581314495089532264e-03 4.620211014664667160e-02 1.712968464627423817e-02 5.310490443753439205e-02 -1.882940004717284510e-01 -8.641815133590597525e-03 -1.557783954010379668e-01 -5.705850729590645348e-02 9.673853591649800299e-02 1.198313174698644734e-01 1.299986733492212720e-01 3.219394803995297843e-03 1.830507586866859659e-01 4.394216220406791523e-02 7.967933216446923539e-02 9.271745571000196418e-02 2.539811405394084773e-02 5.659425103189748979e-02 -5.574033281644435317e-02 1.815421764097853441e-01 9.917123980476105771e-02 -1.367704138403157688e-01 4.079458867817547379e-02 -1.628231299341793004e-01 4.647445257973690375e-02 -1.569053979347607725e-03 -1.403666098281780919e-02 -4.575816842602536266e-02 1.640766240252622965e-01
1.226127737031512156e-02 -8.837546857640135589e-02 1.174333634169010404e-01 -1.046760815695259722e-01 4.411058719948811324e-02 -2.156673634633333170e-01 8.524882894685364976e-02 9.866445216531240237e-02 -4.786236561112421073e-02 -2.906636918610261411e-02 8.176975707318431819e-02 4.601104968015123919e-02 1.000000000000000000e+00 1.818355996753670267e-01 1.801479576908905089e-01 1.393776156491451368e-01 1.228222091709481878e-01 -3.778432681409747695e-02 5.194040394046312709e-02 -3.159464278321841291e-02 -1.462336243131774627e-01 9.177108367792448373e-02 9.508707401248618629e-02 -9.595895199924277252e-02 -6.138870075444097935e-02 -2.157002965387031512e-01 -3.589944229125050651e-02 -6.646268244973656258e-02 -3.519202085300867644e-01 -1.254778648080128178e-01 1.827287636337502352e-01 -9.143018379309089672e-02 1.503403298803095700e-01 9.631858895690356692e-02 -5.640096880387041739e-02 6.260031721120884463e-02 8.818008810967609482e-03 -4.341667386060214795e-02 1.169538090373585942e-01 -8.436850002662744930e-02 1.030786660053097797e-01 1.412027171017375682e-01 7.241861816662265028e-02 1.236929035888414685e-01 -1.582385771669099495e-02 8.657613770262038988e-02 -5.600097994999338885e-02 1.275317076912064751e-01 -1.335261456582052982e-02 -1.414536568178977882e-01 1.805258314198205372e-01 8.487312867012132556e-02 1.505054583357233466e-01 -1.852592482646254606e-05 7.149510143295859099e-02 -3.587438864147395740e-02 8.379207997098554739e-02 -1.736964584677909706e-01 -4.772646120640009620e-02 7.446008400554679496e-02 -3.570192222694004713e-02 -1.820996430430861512e-01 2.993328294963199117e-04 1.302932143738939341e-01 8.970543865154702312e-02 -4.788734116977899635e-02 -1.091678386234986309e-01 1.187820045572537814e-01 -6.725693200262741756e-02 -8.543466010729607952e-04 -1.163186686459719565e-01 -3.030533319311612059e-02 5.500683856316900683e-02 -2.516759671742266335e-02 5.657017259798478859e-02 4.330266005176426625e-02 1.224259417082896734e-01 -1.419321434304835622e-02 -1.334924752829070582e-01 -5.180030446686690465e-02 -5.468404815063890312e-02 1.510759262103481826e-01 -5.566037419880189019e-02 -1.426673107771234995e-02 -3.261139529159889916e-02 1.576290448843218894e-01 -8.329890428142543157e-02 -3.865050033787822276e-02 7.831345134967496180e-02 -6.577373937685584981e-02 1.100303867819226455e-01 1.654352647110898800e-02 1.964625080045101779e-01 2.300495497851088034e-01 -3.533344269560623196e-02 -1.914782988440079659e-01 -6.862588550652314046e-02 -1.303363982753388828e-02 2.139301168459412927e-01 4.651206177286151822e-02 2.789799577523668916e-02 -1.156136396553278933e-01 1.289846156783846787e-01 4.690191597545097929e-02 -7.147957348785861920e-02 -9.872197798433571259e-02 -1.390151464192330433e-01 6.604544749231119893e-02 1.206481751921656687e-01 9.364827605623682327e-02 -4.660831787460874981e-02 -1.028817935983120969e-02 1.522440344986677185e-01 2.819574652231277598e-04 -3.526255487337124489e-02
