1.000000000000000000e+00 -1.473251531244729740e-01 -2.558161233285860536e-01 -5.375836202016972404e-02 -1.114403713942574287e-01 -1.534089074830493615e-01 -9.640538578993737562e-02 3.394047504389832021e-02 2.650175161645615396e-01 -5.701312091655499209e-02 -1.813364274070091431e-01 2.015516090769027546e-02 -9.301436467787324580e-02 -1.040378785069412115e-01 -4.908631164200955889e-03 -6.930795598317145145e-02 -1.690099323225760231e-01 -2.045016350054419396e-01 -1.917189906237513619e-01 -2.801781911518358981e-01 -2.456132221019486916e-01 3.398547422173511107e-02 -1.131108533089287688e-01 -1.514195198323143587e-01 -1.225772157325247663e-01 -2.899307931547068576e-02 9.599638374148654341e-02 8.173786494266553626e-02 1.495765366850520528e-01 6.943891995390137628e-02 6.271169452249741871e-02 1.608990540406728120e-01 -2.912668961356915456e-02 2.107167015651809916e-01 -1.412837037702004417e-01 1.358662667504923205e-01 -9.023282977455470604e-04 2.929564312999696080e-02 -1.141291933311968237e-01 8.289376801976026943e-02 -7.511797531392261362e-02 -2.026188325651800681e-01 -2.054844514864324345e-01 -1.820899219851615236e-01 -2.973013670720033377e-02 1.138886623726991093e-01 2.527597845081743788e-01 -6.363749950296536916e-03 -1.465425288144438509e-01 -1.893810179534969607e-01 -3.146302039737772227e-01 -3.095691776643296755e-01 6.264646158397327302e-02 -8.109152848845510575e-02 -1.124197013522816313e-01 -2.407187022969336232e-01 -1.939487002660275627e-01 -1.722407730021754124e-01 3.134334657629674753e-02 -2.253041798150653141e-01 -1.980376702616279683e-01 -2.817015070624017126e-01 -2.279575608994779401e-01 -1.317505393040844797e-01 -1.846000363164441160e-01 -1.284754933900111862e-01 -2.000002894086811978e-01 5.024204716820782068e-02 -2.445301137479270193e-01 -2.692704219271058741e-01 -1.569221467721865770e-01 -1.182286807773530873e-01 -1.522587847309033182e-01 -1.120828400043926837e-01 8.485043980576220668e-02 1.217339968717036786e-01 1.453811615808035806e-01 1.779313402685765710e-02 1.265366081946630028e-01 1.284722583090252279e-01 7.488185748196396485e-02 -8.101010766022856413e-02 1.877388893495648969e-01 2.240674543598277987e-02 -2.063319428866862079e-02 7.185623574220548204e-02 -6.171341299190197249e-02 7.923079512387314061e-02 -7.551806817993533816e-02 -9.858987000656949801e-03 2.763696357775450793e-02 -1.794406258061452819e-01 -3.685296661432809623e-02 1.555635589291311516e-01 2.622852138802360122e-01 -2.627691422553764533e-01 -1.487182384610442609e-01 -1.194063438388482112e-01 -9.915423029147740763e-02 -2.219396328826175324e-01 -2.827140601751948479e-01 -1.998421295864494240e-01 -2.404634653157148028e-01 -2.452285733196878648e-01 -1.653082863879639930e-01 -8.906959362801478153e-02 1.738245472265960434e-02 -8.692842101340365890e-02 -1.579581543105477992e-01 -1.401662458246812071e-01 7.772142240895901777e-02 -9.492160438488760066e-02 -1.034969708665195720e-01 -1.892981477744446195e-01 -4.208256517118687950e-02
-1.473251531244729740e-01 1.000000000000000000e+00 2.053862252820053413e-01 -1.352387779844657356e-01 1.537987626360851623e-01 -4.968052809350247817e-02 1.937020296648323675e-02 -5.117078408348521568e-02 -2.763612039862426983e-01 2.423523363324035784e-01 1.220274857561233495e-01 -1.635064960274055720e-02 -1.376445972877897994e-01 -5.685441277178993752e-02 2.772306283057753701e-02 1.403837092151627441e-01 2.252394176591527575e-01 1.278221161458916177e-01 2.332734884993526159e-01 1.804711201207692683e-01 4.666554762827250513e-02 1.078586983806506111e-01 1.957638925366550764e-01 2.094475904418892365e-02 -2.019058351543320529e-01 -1.446954968387007545e-01 -2.645003207320555938e-01 -1.796540965751965424e-01 -2.200913894394436465e-01 -2.852925092402022744e-01 2.347008047219593940e-01 -1.367774469544458527e-01 1.167051827294879607e-01 -1.082265697727140957e-01 2.753085448285006939e-02 -2.019786685654947622e-01 -6.188924588955590361e-02 -8.200599837643281209e-02 -6.722650196350825336e-02 -1.699263576397537223e-01 -1.300174923368961344e-01 -6.369578476214463048e-02 -1.015553115016826213e-01 -4.221092432325890959e-02 -1.844988958385245514e-01 -1.028443398163050582e-01 -3.359132757754289267e-02 5.309046794313717482e-02 1.230694982703180312e-01 7.421245431385870006e-02 6.319143209214937718e-02 -1.237461475947341204e-02 -7.124361541513637985e-02 -6.693659355521749954e-02 4.737002173921012194e-02 5.262235531721486115e-02 -8.792127764680167379e-02 -5.028254288776244640e-02 -1.598645478015709998e-01 -1.480373362134016629e-02 -1.432156500361866647e-01 1.862956060686437113e-02 -6.967273967912925026e-02 -3.570050763416527523e-02 -4.827827352116822318e-02 1.628494577568666279e-01 2.174766803252047298e-01 2.049584353728756414e-01 2.467137258371219222e-01 1.159877255919799649e-01 2.905841642514681716e-02 2.181692262429971441e-01 8.816035546561570846e-02 -1.515249454095992931e-01 -1.983805475059317314e-01 -2.434895770497753908e-01 -1.495667497323912298e-01 -2.796278785970522374e-01 -1.982504805063171061e-01 -2.233528316920525836e-01 -2.753007280707892024e-01 1.340260897794544048e-01 -1.324137950178601308e-01 8.103650370820622562e-02 9.216107268439156786e-02 -1.491523337267160187e-01 1.292871626994842801e-02 -8.430717634244279390e-02 1.327295671868173599e-01 -1.208576074498280556e-01 -1.839883301681864980e-01 -1.230514353597428889e-01 -1.776985577112552561e-01 -1.304612090035352223e-01 -3.003537947042811060e-02 1.085663173815023530e-01 7.825716476587399328e-02 5.756686942820830183e-02 1.311485001191816102e-01 -1.493749684861224621e-02 9.285400355595030408e-02 -3.577693404084970191e-02 3.673806253840590421e-03 6.427499334484719495e-02 -9.173076636302473011e-03 6.749416202825099520e-02 -2.766710370327657431e-02 -8.994979532820290835e-02 -3.012050036969751016e-02 -3.030030392386998811e-02 -1.804577249986289711e-01 -8.523652324950446724e-02 1.711006125474182765e-02 4.918931627613725571e-02 -9.276173401060601453e-02
-2.558161233285860536e-01 2.053862252820053413e-01 1.000000000000000000e+00 7.173389235570802602e-02 1.286779237132169851e-01 3.174017551688985694e-01 1.951647785993131379e-01 -2.500430734907943542e-01 -3.120580810811762751e-01 4.543499524605056905e-01 7.092434054982716951e-01 1.107239557021229004e-01 5.560607221632225816e-02 3.536441025357793810e-01 1.386690592612745410e-01 1.646912883719839349e-01 1.540772779443894125e-01 1.746767999047981745e-01 1.708566797247437208e-01 2.635593489620042251e-01 8.322814384321658432e-02 -4.186701202918259590e-02 1.333456967024533590e-01 -4.619922233547813645e-02 -2.742657185609114617e-02 -1.552849004750937179e-01 -4.613805936117974515e-01 -3.502182111797028652e-01 -5.265076618381024920e-01 -4.522362792209380089e-01 8.217647899707571091e-02 -4.193916964744768827e-01 -4.768856953903159723e-02 -4.221350820825583439e-01 7.485739164413113267e-02 -4.230933033161680679e-01 -1.469280660463363752e-01 -2.228649993194370404e-01 1.202724003390602675e-01 -1.961453077751156016e-01 -4.584986261831387050e-02 1.771408756205798407e-01 6.965026264437693994e-03 1.214806113223740880e-01 -2.744025555433223240e-01 -1.929934297246652941e-01 -2.838497459799734224e-01 7.898882599358778012e-02 2.569475187534814853e-01 2.972907023503439938e-01 3.495543900184204245e-01 2.636853397238972940e-01 -7.642587071304869639e-02 -2.663240042735126253e-02 1.475370941350856169e-01 3.243545217651054857e-01 3.945420007194693629e-02 7.142167378480068773e-02 -2.586564378151800514e-01 1.830868043518334431e-01 -5.450949668217547339e-03 3.311873142923135727e-01 1.207672258034366425e-01 7.834364861144066383e-02 6.305062058143036385e-02 1.519937012732177350e-01 2.519566360653653359e-01 4.777466572152148927e-02 2.868632166444692322e-01 1.761544078912910538e-01 -1.822768327862251542e-02 1.840983182329138657e-01 8.001597000026974826e-02 2.949439207565469206e-02 -3.678898042677015701e-01 -4.411216340012182879e-01 -4.118875563832533615e-01 -4.141354391041093264e-01 -4.378192292403642605e-01 -4.731927105028375657e-01 -4.444941363359385944e-01 4.255883016029506777e-02 -4.497368870447314149e-01 -1.252116849538945365e-01 -1.044509042182687752e-01 -3.110066944707058356e-01 -1.489565037157114871e-02 -2.475309960839960910e-01 1.575658409332363064e-01 -7.223786849535215882e-02 -1.888299493140783436e-01 -6.151829111824836001e-03 -2.296046404705329169e-01 -3.379919489896341389e-01 -2.705671606546330432e-01 4.106409555148766155e-01 1.153080090752019865e-01 1.497436747866668083e-01 1.520473628977257741e-01 2.315413562532077085e-01 3.663977764192573039e-01 2.235394903248946741e-01 2.162932365534322443e-01 1.665018532118556216e-01 9.832497301105606879e-02 1.206530268520976251e-01 -1.433579954097780607e-01 -2.088562191203403515e-02 1.111848073848864110e-01 3.623166878752347164e-02 -3.454295312586698197e-01 8.349158460892760342e-03 -1.895913660483666482e-02 9.100386108233569915e-02 -1.389553796717069578e-01
-5.375836202016972404e-02 -1.352387779844657356e-01 7.173389235570802602e-02 1.000000000000000000e+00 -1.105253291522893394e-01 -9.905641354358346237e-03 2.020617981748741299e-01 -1.050575766798748228e-02 -6.216754646533968059e-02 -6.358382704682909170e-02 8.193579336836884219e-03 1.301082342489864319e-01 1.257314457860976217e-02 -1.115007348919580532e-02 1.099973620539380498e-01 -3.488206106107304139e-03 -9.122809361361494673e-02 -2.182641711810188664e-02 -2.066312880040493682e-01 -3.651684442319767104e-02 2.511770882051504727e-02 -2.473794137553672612e-01 -4.292885461182992918e-04 2.477431315563917436e-02 -1.450253401518881713e-01 2.296628819964206120e-02 -7.102693012950593923e-03 -2.496431686199292524e-02 1.875900687445814299e-02 3.255863821494152117e-03 -1.628078972894869414e-01 2.269813382147137237e-02 7.065620317845471010e-02 3.634988773181828392e-02 7.774028205154626114e-02 5.610609492648521712e-02 -4.155610091873565559e-02 6.408042094973706582e-02 -8.991114877461493793e-03 8.527073688463974012e-04 -3.642890962526657006e-02 8.554565390449062057e-02 1.956584106839352397e-02 5.950717347287629543e-03 -5.582142379744958055e-02 1.570860218451744228e-01 -2.058877496435550236e-02 -2.843798797305500253e-02 1.402731575340806190e-02 -4.706842935830522767e-02 -6.879201575499921395e-02 -1.493924194497147917e-01 -2.830645121730488434e-01 -2.853567340764670002e-01 -2.374407954783915309e-01 -1.882081167186623327e-01 -8.160252422356702173e-02 -1.920831820802932077e-01 8.127778048024092428e-02 9.430839868020278460e-02 -1.875824371716053596e-01 -1.846968860003943280e-01 -1.375898781325819720e-01 -7.207291747780257551e-02 -2.239343901898190048e-01 -1.812898946474808190e-02 -5.942570691262349936e-02 -2.128418420340913719e-01 -1.571308469782904116e-01 2.014406736261131411e-02 2.354704900578421384e-02 -8.231652162625941252e-03 7.464040689829999631e-02 -1.317586860771257640e-01 -3.600933650970093713e-02 -6.003392385436156359e-02 -5.752640855167714257e-02 -7.657535583107506760e-02 -2.128679665770500176e-02 5.001394232858360350e-03 1.530965495042166044e-02 -2.482520137330739840e-01 -5.837375531462772604e-02 2.369444590557047339e-03 5.072342397114751322e-02 9.661349967579507814e-02 -7.731969661880283562e-02 6.796334865470562980e-02 -2.582069530091691822e-01 -3.741876580507096095e-02 -5.964708622322489190e-02 -1.554565481881171191e-02 1.024660401509141366e-02 8.254976293407954857e-02 -6.460376439186002462e-02 -5.073168439342939234e-02 -9.431850556819307285e-02 -3.448267302351978175e-02 1.278473680851203997e-02 6.457338266147093220e-02 -1.422575458278581562e-01 -4.340241492471454132e-02 5.887205095373242159e-02 -4.843055965653794703e-02 -2.253924251563483028e-01 -9.466327829643296499e-02 -2.002797650093003923e-01 -2.609775941867172322e-01 -7.276533481242319912e-02 -2.751453874347035700e-01 4.168704136835077456e-02 -2.441295303368205272e-01 -9.563863831889757305e-02 -1.030184520910753382e-01 -2.075890384314032222e-01
-1.114403713942574287e-01 1.537987626360851623e-01 1.286779237132169851e-01 -1.105253291522893394e-01 1.000000000000000000e+00 2.839577627549542127e-01 1.622198192535191097e-01 -2.828824507327811766e-01 -3.128046499748652898e-01 1.407218464003594793e-01 1.835132281551438149e-01 -2.057581039312486038e-01 -2.583134690765858527e-02 9.132920797822878523e-02 1.637836675342172268e-02 -5.299499386828106229e-02 -5.749493893426495944e-02 -6.368382359516572278e-02 1.003576685513826450e-01 -1.593388081162646491e-02 -1.381337969671881383e-01 1.062551435892500687e-02 -9.412997807045440923e-02 -2.177931222097955200e-01 -2.134930969938493399e-03 -2.457483041313182626e-01 -3.262637604553458304e-01 -1.791745727458581017e-01 -4.306787371916135365e-01 -3.560835455059101484e-01 1.173145707969949249e-02 -3.068713142736788080e-01 -1.904746712128560782e-01 -3.562508914641639435e-01 -1.886111553912615257e-01 -3.500545376310785772e-01 -1.038633909178783288e-01 -2.650835998555335915e-01 3.385144662755083800e-02 -2.615311781611355246e-01 -1.948919444213233765e-01 -1.167622133823459085e-01 -1.889266802253715127e-01 -1.797999495122024061e-01 -1.229156530712379874e-01 -1.871486353030678562e-01 -2.430379595566816986e-01 7.899024872513035755e-02 1.190290499456463369e-01 6.332324370858044560e-02 2.940731407894337651e-02 1.101004224365086659e-01 1.749181507352367548e-01 2.263937869626078681e-01 1.233877271735253772e-01 2.910769168340459068e-01 -2.354440900274191451e-01 2.108368552488161241e-01 -3.212986040359875894e-01 -1.133479722328117473e-01 5.452813053821582018e-02 2.598176731690362562e-01 3.050248156323221230e-02 -1.558010135797974760e-01 5.937268275471933865e-02 -9.201683194962647153e-03 4.744052029125599146e-02 3.228309575038493251e-02 1.097134612072079574e-01 -9.085791599589103373e-02 -1.839237205622343274e-01 -3.826993305474633844e-02 -1.492870888218106595e-01 5.685256873788287202e-02 -3.606139706228029818e-01 -2.821754819585995944e-01 -1.897486540717010783e-01 -2.947855479073078766e-01 -3.646812149533653069e-01 -3.615051874876731852e-01 -3.512582479321972317e-01 4.997922089364520253e-03 -3.056245674981979410e-01 -8.329393003403232076e-02 -1.799661038084792719e-01 -3.147359157170607213e-01 2.748678710629063032e-03 -2.801270035763205324e-01 1.765268581741248621e-01 -1.582185117693675758e-01 -2.563918861808911487e-01 -1.986188881609256274e-01 -2.642721449986430438e-01 -2.222344200734790443e-01 -9.644842349319447672e-02 2.860802379860051814e-01 1.618945694423023773e-01 3.282509766859040973e-02 7.351490594840696946e-02 -1.140873101350275143e-01 2.130847098305052034e-01 5.854941836372751229e-03 -8.969386833382218815e-02 -7.848859697202956176e-02 1.625115114686323803e-01 1.032335587050672299e-01 6.400482901778860312e-02 2.244073933174741964e-01 -3.632786217746706431e-02 2.599912672666929714e-01 -3.503838833658387553e-01 8.365456514485744566e-02 -5.232916340887017181e-02 -1.572037350870644501e-01 -7.718014131806964773e-02
-1.534089074830493615e-01 -4.968052809350247817e-02 3.174017551688985694e-01 -9.905641354358346237e-03 2.839577627549542127e-01 1.000000000000000000e+00 2.756694694124905975e-01 -3.149314166131053638e-01 -3.145513086354275734e-01 2.561744083072970413e-01 4.775007207061491288e-01 -8.597460474810769693e-02 7.883663816449419659e-02 5.628604064356517167e-01 1.928086669191969305e-01 -1.331563464051375902e-03 5.938015540868609582e-02 1.351297248238338411e-01 1.256657453085655018e-01 1.944939929170706183e-01 6.359597831563686132e-02 -5.364238082281531754e-03 1.908374700281838948e-02 -7.580146699634975060e-02 1.859434275831141348e-01 1.218921651748283881e-02 -3.597243234934432987e-02 -2.800984469907939478e-01 -2.197764419102729294e-01 -9.892807130127989623e-02 1.079390242228970148e-01 -8.464831000859909804e-02 2.831202293949370771e-02 -1.885884457781595580e-01 1.183467675706620231e-01 -1.283327799419886339e-01 1.450678889539301075e-01 5.700022057495507388e-02 4.699480173966258945e-01 5.309528514405428140e-02 2.651831402947412153e-01 4.090095698969707927e-01 2.970724649557179298e-01 2.920068849724191673e-01 1.284840759765703000e-01 -4.035468560043532493e-01 -4.294833199064725937e-01 -5.673638029397837929e-02 2.962973190813182334e-01 4.237518364442104946e-01 4.475800718751875573e-01 4.087676382042332857e-01 -6.363965361535217635e-02 2.898762442266698547e-01 2.932517096052281169e-01 4.706572940953290263e-01 1.657436356240129249e-01 3.557368652311821977e-01 -3.940961070989930093e-01 1.401689624517171995e-01 2.843413495414556791e-01 4.847242365591625801e-01 3.227066273839138133e-01 9.335685973823221184e-02 2.217898431731356867e-01 -8.550331666984985896e-03 1.721722228921442055e-01 1.096525906618785184e-02 2.066182088012634699e-01 1.297353713703892630e-01 -3.031023361279831449e-02 7.142882711008806396e-02 2.684759021630281437e-03 2.753926460100775686e-01 -9.986927634156880784e-02 -1.684045312723507770e-01 -3.507578878134221534e-01 -3.721395758097148510e-02 -1.394928996292237044e-01 -1.626726754698460120e-01 -1.625717407025435435e-01 8.505502153777654006e-02 -9.818682029880794471e-02 3.401934914725519843e-02 -2.203986390813239202e-02 -5.446896401353745060e-02 2.703076855660213051e-01 1.587097614188941533e-02 1.749831720881787622e-01 3.074285968350087273e-01 1.678737732541449035e-01 2.120257807015986373e-01 1.424967314115967443e-01 -4.696498996046985508e-01 -2.066881049381801838e-01 5.037294169588804049e-01 1.312437306285970662e-01 1.500300498831386442e-01 1.917595319202361759e-01 4.216202415763968259e-01 4.475586614320188339e-01 2.641642554147351496e-01 3.325194338779598469e-01 2.389574221916622443e-01 2.538740519711206178e-01 1.158842328354146023e-01 -7.990871132452831774e-03 2.495418075136383307e-01 1.706223153592338893e-01 3.606215421614099026e-01 -4.123323590293017649e-01 2.480067065123732484e-01 5.470469549791934227e-02 4.917382149392803686e-02 -4.903871095438846334e-02
-9.640538578993737562e-02 1.937020296648323675e-02 1.951647785993131379e-01 2.020617981748741299e-01 1.622198192535191097e-01 2.756694694124905975e-01 1.000000000000000000e+00 -1.176135936804105359e-01 -1.488790260484820216e-01 1.153151913134020240e-01 2.613881876475876997e-01 3.604723721766503117e-04 1.528835905124954937e-02 1.991136260465352081e-01 2.189436020728773025e-01 -1.150540708022703418e-01 -1.454230211631726555e-01 -1.353030517372423580e-01 -1.404672216957498776e-01 -9.212969141778983018e-02 -2.151834179191227658e-01 -1.541583498842681865e-01 -1.194836373498558563e-01 -2.364262962465332185e-01 -1.232202182195885759e-01 -2.145659154851121964e-01 -2.048850245532182202e-01 -3.004515981382219758e-01 -2.003964794545693706e-01 -2.487536740355083265e-01 -1.840113654591104056e-02 -5.154090944407899166e-02 8.505380445233164458e-03 -7.348589690300040556e-02 -1.073121769279427734e-01 -1.040258799765678976e-01 3.292656968351306834e-02 -1.131173991916185027e-02 1.240295925380173886e-01 -1.829311706649115743e-01 -2.672245660851780766e-02 2.413752359859709998e-02 -6.700217853375516064e-02 -4.514795924369580798e-02 -1.905316041941396143e-02 -7.138456676158301539e-02 -1.620838474171752697e-01 1.049537143742321904e-01 2.221192257220722666e-01 1.771698825615111716e-01 1.152965562980804853e-01 1.354781078354521662e-01 1.201227056323354858e-02 9.272631188151357617e-02 -3.367551733643973227e-02 2.068563881864440845e-01 -1.026140259829716461e-01 1.302205069747787436e-01 -1.278789125334707233e-01 1.166572124426288465e-01 1.273112426167883338e-01 1.847037838000489540e-01 7.513189821446027150e-02 -1.192347690146035866e-01 4.633381913946744979e-02 -1.014044905560839427e-01 -9.391428386637278025e-02 -1.176604636726119590e-01 -7.796986495570011610e-02 -1.720228556257229202e-01 -2.413569631165011775e-01 -9.146640393349858567e-02 -1.646136516643421366e-01 -8.921151336298875634e-02 -2.723120203770360570e-01 -2.782928762142097279e-01 -3.163296906251548690e-01 -2.529998105461000457e-01 -1.915816617293029933e-01 -1.854474022900580443e-01 -2.904982491747847284e-01 -1.239112278631087083e-01 -1.117906873598834144e-01 7.482859584119419538e-02 -1.898184596633768761e-02 -1.023872472565714314e-01 5.310365471185610892e-02 -3.196855384929934984e-02 -3.036812971152214047e-02 -7.403870416454523540e-03 -1.369805952265666926e-01 -1.939026037735596120e-01 -8.629338316666199105e-02 -8.942291835369624298e-02 -7.551268678893816033e-02 2.349059102160417634e-01 1.306062851208564524e-01 1.351054676681719413e-01 9.630981007853041398e-02 2.717531840262945794e-02 1.272611013206457198e-01 1.131419628191230320e-01 4.461257353547379984e-02 3.103030940532867932e-02 1.383539491991205017e-01 1.121395910314169631e-01 -8.483191736501023705e-02 6.142983589465762090e-02 7.383094067588329146e-02 5.569372603251410841e-02 -1.598340508677612293e-01 1.293029859107637514e-01 1.142389504088760048e-02 -1.278294427190748705e-01 -3.146673087726859636e-02
3.394047504389832021e-02 -5.117078408348521568e-02 -2.500430734907943542e-01 -1.050575766798748228e-02 -2.828824507327811766e-01 -3.149314166131053638e-01 -1.176135936804105359e-01 1.000000000000000000e+00 2.554224621397280237e-01 -1.593942202514790907e-01 -3.130644947400209599e-01 -6.689876659874745279e-02 -1.053689196723458926e-01 -2.067931735582385633e-01 -2.026413590900129069e-01 4.720002803566328287e-02 7.339589416575856284e-02 6.045834298517917954e-02 -8.050263521406646194e-02 -7.680461533187775414e-02 8.566865836536323442e-02 1.516367624148545201e-01 1.328931219706379618e-01 2.150330034017889358e-01 8.197003383826932665e-02 2.031921216594198554e-01 2.280078356285839825e-01 2.035854627725033061e-01 3.728120872397585606e-01 2.271096181907707734e-01 9.666731509061857186e-02 2.322878618103846049e-01 1.325792898298394085e-01 3.171912358919478092e-01 9.473169551478319295e-02 2.670353753568556754e-01 -3.263924710400056134e-02 1.422035637775906913e-01 -2.712246707894272468e-01 2.201492991293096113e-01 -1.314724665252901305e-02 -1.174728988134444430e-01 2.426949961759869434e-02 -6.983113351983843975e-02 -7.059642391277606843e-02 9.685449410646389257e-02 2.472833012302820821e-01 -5.258962488889069864e-02 -1.902736175300073773e-01 -1.418683965137118030e-01 -5.934093893285274923e-02 -1.495937715631662779e-01 1.615500909500938720e-01 -9.740508206285596049e-02 -1.056925776731467009e-01 -2.706950091518126600e-01 2.788934021927885754e-02 -2.620267571082594005e-01 1.951270754075146441e-01 -1.575414494895544665e-02 -6.270003716026088803e-02 -3.040564026111114426e-01 -8.733523947842289012e-03 1.321567371523443835e-01 4.384283067975629222e-02 5.960102025099463241e-02 -9.543134478044178887e-03 1.346098560819297407e-01 -1.151807860928845267e-01 -2.293631474966365685e-02 1.608031529922581970e-01 9.566761023734428326e-02 1.536568966890302645e-01 -2.429425392308238660e-02 3.256737610365167401e-01 2.240451484764648671e-01 2.388605441779844685e-01 2.053154794510979597e-01 4.149541684169028577e-01 3.591315397194281833e-01 2.483517387116304653e-01 7.974177369033549900e-02 3.535266598507607605e-01 9.537049759289835393e-02 2.038826577888544489e-01 2.039372990923915552e-01 -6.648388146667277843e-02 2.733112768182163199e-01 -1.454806139202602377e-01 -3.318708081023408890e-02 1.244306667191748539e-01 -2.762593166803323577e-03 8.962370785377656024e-02 8.051084139203013024e-02 1.478774448933034003e-01 -3.886290594745719362e-01 -6.895638861236064177e-02 -6.140896716482885376e-02 -6.015669750882354783e-02 -1.089123662894750377e-01 -2.389791140510926226e-01 -3.633608755844370403e-02 -5.860298991740113539e-02 7.750468936831594879e-02 -1.508648513270436087e-01 -6.455306683747424890e-02 1.003479643285842410e-01 -1.089089422214778446e-01 -1.990935879782146922e-01 -2.806280098240044318e-01 2.448219670746043797e-01 -1.212833942384547864e-01 1.697232001067075779e-01 1.568733014576219331e-01 1.393774392974546361e-01
2.650175161645615396e-01 -2.763612039862426983e-01 -3.120580810811762751e-01 -6.216754646533968059e-02 -3.128046499748652898e-01 -3.145513086354275734e-01 -1.488790260484820216e-01 2.554224621397280237e-01 1.000000000000000000e+00 -2.417154852242135998e-01 -3.971992917839939352e-01 1.361890033948190970e-01 -1.159587340877703439e-02 -1.433270845646838487e-01 -1.661930551844622572e-01 -2.140989041409262217e-01 -3.580286375229688733e-01 -3.415232677969619046e-01 -3.688912372780487336e-01 -4.257497972877414827e-01 -2.676603243310676783e-01 -1.024882824446832763e-01 -2.988769930049466894e-01 -1.483183048861002606e-01 -1.903735157828215230e-01 -1.091366131859959759e-01 1.145770265357606149e-01 5.896508471935656831e-02 2.281840810140675357e-01 1.790663698542147020e-01 -2.014121084973024833e-01 1.643837408410196710e-01 -1.280837866188116181e-01 1.617806351554665900e-01 -1.868445364248613183e-01 1.530216912389792128e-01 5.099175837497458424e-02 5.261492625148859320e-02 -1.890796268619215070e-01 4.662054629333862998e-02 -5.225732911941915505e-03 -1.983167818757867740e-01 -1.400906593326327609e-01 -1.988152275184095763e-01 5.536326427941538203e-02 2.563629401018970300e-01 4.246154332110638752e-01 1.590624547703915976e-03 -2.014233238315738805e-01 -2.563282584271854292e-01 -4.103731063123541856e-01 -3.886543221415385552e-01 -1.918918996783846448e-02 -2.535514004369676111e-01 -2.289143477087404177e-01 -4.253284618902031800e-01 -4.488307407965583251e-02 -3.197616512711305425e-01 2.541800232359255896e-01 -1.753947481044758894e-01 -2.044928087193220445e-01 -4.453997037267286574e-01 -2.529245242029402041e-01 -1.431763848540134332e-01 -2.472717893675669132e-01 -2.108820252962911035e-01 -4.062935044276780872e-01 -1.968512436522424913e-01 -4.320063188230977014e-01 -3.443541221087840776e-01 -1.898996227527531278e-01 -3.330227930888169374e-01 -2.360891718903120606e-01 -2.664543098329820170e-01 9.601135005027157387e-02 1.052952740267007609e-01 1.174281532511676496e-01 7.787836667916986366e-02 1.290460003891820695e-01 1.475521866642444946e-01 1.774832374075469288e-01 -1.921321346604873415e-01 1.023145927754929574e-01 -3.538302462936077086e-02 -1.232019363885189234e-01 3.507895874838102418e-02 -1.080761569172736664e-01 4.967877630805802441e-02 -2.235004702000184529e-01 -1.054611152795520562e-01 9.258675030476931633e-02 -1.890056793079830932e-01 5.271083649276157163e-02 2.822611710106104344e-01 1.200688948154600422e-01 -3.537724523904921536e-01 -1.321527895413487641e-01 -4.467176265044053851e-02 -1.459192121015883692e-01 -2.170633865448221844e-01 -3.613575136004827382e-01 -2.742189554932339957e-01 -1.760017109112879397e-01 -2.224173353072208537e-01 -2.292849914070853312e-01 -8.073256075510015783e-02 -8.946198943390265557e-02 -2.212884602209010676e-01 -3.858547589381525894e-02 -2.472961622399008907e-01 3.358424028432466235e-01 -9.749924426856204640e-02 -9.846209172490506117e-03 -2.175019549163363652e-01 3.438606584720208664e-02
-5.701312091655499209e-02 2.423523363324035784e-01 4.543499524605056905e-01 -6.358382704682909170e-02 1.407218464003594793e-01 2.561744083072970413e-01 1.153151913134020240e-01 -1.593942202514790907e-01 -2.417154852242135998e-01 1.000000000000000000e+00 5.022144409643248819e-01 9.436439486901041646e-03 -8.169560218872033708e-02 2.152628528949697417e-01 1.305988880305579969e-01 1.246036051069496636e-01 1.451299838890607874e-01 1.434013861123901723e-01 1.051253579582709929e-01 1.378047815280251942e-01 -7.241373586980940366e-04 2.761634579688453800e-02 1.865022456234886883e-01 -3.900779590484585585e-02 -2.723994761670113507e-02 -5.888977335941438657e-02 -3.225436498135600960e-01 -2.062152391694745124e-01 -3.484955116863829860e-01 -3.197977283066076315e-01 1.522452948137344164e-01 -3.144446567063104436e-01 6.284569877241268608e-03 -2.312616753081566945e-01 4.178878236582520694e-02 -2.525223891905679641e-01 -2.429422254012374438e-01 -2.328450523334612554e-01 2.475218343952927808e-02 -1.626063010346349702e-01 -1.548136802694640712e-01 -1.041704503821798151e-03 -1.854872479366971028e-01 8.764841631982438208e-02 -3.367500583630713140e-01 -1.892528952485506011e-01 -1.032379488505336534e-01 1.321703064167580391e-02 2.737516887204152066e-02 8.430810869617050632e-03 1.454916562094250576e-01 1.345667485195855828e-01 2.388646972906506225e-02 3.631521678524392976e-02 9.594336558996416353e-02 1.704219515541397223e-01 -1.865195267749887864e-01 -4.239985397584180443e-02 -3.109179174399601120e-01 -9.715132797386837049e-02 -1.724596912665486426e-01 1.415141808862212247e-01 -7.605856047359291217e-02 3.573085495756028740e-02 -2.388059215909890676e-02 1.704283892959994329e-01 2.501801868072870416e-01 1.833181373301614736e-01 1.813628374462530612e-01 7.058507576792173721e-02 -2.759866099577218575e-03 2.504320350631801806e-01 9.330486136468398028e-02 7.720787692965622173e-02 -2.287047588011956456e-01 -3.137943226468905555e-01 -2.297542297687380219e-01 -3.327124427486142233e-01 -2.113054516887956369e-01 -2.386833130478747123e-01 -2.911055717343882243e-01 3.242790321128459496e-02 -2.071017638281960893e-01 -1.265088326564976773e-01 -1.683103608510559028e-03 -1.574809339865879676e-01 -1.434162169119594377e-01 -1.342063486171485576e-01 1.310984186819171005e-01 1.132378169229040880e-02 -2.082532242318536897e-01 -3.352431594025243045e-02 -3.077414119282844696e-01 -3.885499017459393412e-01 -1.637709032199465009e-02 1.464125990580256720e-01 -1.329868014297931333e-01 -1.243476230245129377e-01 -3.512562633227148123e-02 3.005055399657101736e-02 7.669732992803490745e-02 6.937933111808918321e-03 -6.820951192451550626e-02 -8.879592238537194204e-02 -5.053193962144218732e-02 -3.887426920979759892e-02 1.071909056567298471e-02 4.107936997918441857e-03 -1.183961636089085057e-01 -2.576505929359725056e-02 -3.969916766866968261e-01 -1.508621301678173821e-01 -2.529142702863277914e-01 -5.140298649112065923e-03 -2.399647441183757335e-01
-1.813364274070091431e-01 1.220274857561233495e-01 7.092434054982716951e-01 8.193579336836884219e-03 1.835132281551438149e-01 4.775007207061491288e-01 2.613881876475876997e-01 -3.130644947400209599e-01 -3.971992917839939352e-01 5.022144409643248819e-01 1.000000000000000000e+00 4.518808346932344511e-02 1.344999159702099656e-01 4.400061744617886350e-01 2.352688291129737819e-01 1.293730557592159547e-01 1.668494589711384812e-01 2.163973114055193492e-01 2.109448684289298437e-01 3.321479656860026886e-01 7.200904024946286341e-02 -7.565047521777433503e-02 1.552228750135545843e-01 -7.148444794832412019e-02 6.601820953546433390e-02 -8.978362683637777786e-02 -4.595699044850227177e-01 -3.454729285035280650e-01 -5.469012571531087774e-01 -4.688602225655993383e-01 8.474718086146175444e-02 -4.594012365990614577e-01 -9.935306923588725636e-02 -4.425064468295364373e-01 6.976984475908391825e-02 -4.220663371471869985e-01 -1.903819972310140662e-01 -2.516447392831074326e-01 1.873222518244884449e-01 -1.815885542645625794e-01 -5.811964648947020445e-02 2.557347921320751727e-01 4.331729157702884914e-02 1.649280925620644489e-01 -2.994078389829283871e-01 -3.579334719614578053e-01 -3.799642437317982124e-01 -1.321459637747918366e-02 2.658872202641914262e-01 3.328232803779058169e-01 4.739923502917309794e-01 4.145975228882180508e-01 -4.333738839784460894e-02 8.352764198460818634e-02 1.603951099798743285e-01 4.589438512277709825e-01 5.858689457444687942e-02 1.575922931484612377e-01 -3.719288751420265493e-01 2.106696912069589978e-01 6.731246436311341674e-02 4.761855867036408063e-01 2.563107799201423953e-01 1.848654156361157208e-01 1.651969021417980243e-01 1.566713790704468146e-01 3.159238339283972907e-01 4.773748557422216598e-02 3.420998892144472281e-01 1.978824261738392765e-01 -3.038273522763208084e-02 2.147822206851518756e-01 9.064214461704106496e-02 1.527079211027316807e-01 -3.698268143001957609e-01 -4.766696749563767432e-01 -4.249112547917126559e-01 -3.645285384732253053e-01 -3.915453147088458485e-01 -4.338906128324331868e-01 -4.620627562999779503e-01 1.834345908285381355e-02 -4.221111685901932087e-01 -1.749890245117719234e-01 -1.476816440284065279e-01 -2.944196043427409482e-01 -3.319777276694253765e-02 -2.566432676150424141e-01 1.345266787497551020e-01 -4.810956198253865494e-03 -1.883215894927350031e-01 4.764450706321637918e-02 -2.616149213372072069e-01 -5.404742392805845785e-01 -2.899569658796182225e-01 4.812660773525668234e-01 9.136178353276343256e-02 1.211894195242047279e-01 1.439944768763243288e-01 2.964247594876585068e-01 4.310339308913826994e-01 3.081498733587013095e-01 2.503804523854498143e-01 1.697806159736453824e-01 1.428037977353851518e-01 6.460118278732343566e-02 -1.153643783304725556e-01 5.174442812862310725e-02 1.186571659378772708e-01 1.028967457523956852e-01 -4.846201155738451560e-01 1.653094857724989042e-02 -5.006779434991878025e-02 1.359574162545077458e-01 -1.593935365933852322e-01
2.015516090769027546e-02 -1.635064960274055720e-02 1.107239557021229004e-01 1.301082342489864319e-01 -2.057581039312486038e-01 -8.597460474810769693e-02 3.604723721766503117e-04 -6.689876659874745279e-02 1.361890033948190970e-01 9.436439486901041646e-03 4.518808346932344511e-02 1.000000000000000000e+00 2.765558426003176737e-02 1.043629114776073313e-01 2.458153326074965783e-01 -4.853770195442665830e-02 -1.025236092501158325e-01 -7.395429905080379285e-02 -2.127033578151043269e-01 -1.127084387192536508e-01 -7.969847240428525048e-02 -1.102780037706272143e-01 -2.509282510312293643e-02 -2.922013192259119430e-02 -7.269945050938837749e-02 -1.508419903330017464e-01 -1.612520702652437965e-01 -8.441661474002706833e-02 -1.140144569259004120e-01 -1.638459593047345286e-01 -1.091630322044034734e-01 -1.227743915119960949e-01 -4.293612127446362614e-02 -7.879350157111948694e-02 -5.474427465870636798e-03 -1.191933569686998151e-01 -1.418048698752404080e-01 -1.139143105478773593e-01 -1.591032052145091302e-01 -1.466748708830907522e-01 -1.229946288634203994e-01 1.741939006996169950e-02 -1.261732344841697551e-01 -8.505571912426967973e-02 -1.497467077729594531e-01 1.521429123865419564e-01 1.767907585391219338e-01 -6.378026992211539847e-02 -7.329062554113363603e-02 -1.190409397379244283e-01 -6.945696511741954182e-02 -1.025752943852350219e-01 -8.448453429456055652e-02 -1.878452383515470669e-01 -1.550799582216950412e-01 -1.687456395501508999e-01 4.163926707482448059e-02 -2.048303423140927781e-01 2.647915415767972402e-01 1.380444891983064748e-01 -1.883156870574198838e-01 -1.416694259105112097e-01 -1.725762801910712685e-01 3.989556347664119373e-02 -1.371825402444487030e-01 -1.246586329754983610e-02 -1.046745014955136333e-01 -8.320088145450033057e-02 -1.632899237388460711e-01 -8.976978547921368734e-02 -6.741700605540763835e-02 -3.522883190134111497e-02 -1.086140455806803955e-02 -7.297781151207194394e-02 -1.560647166105098571e-01 -1.402995453767037215e-01 -6.206150669941284947e-02 -1.709044523163402995e-01 -1.095281126504276670e-01 -1.200138937816562223e-01 -1.372530786738471176e-01 -1.181461761566080515e-01 -1.394622804069959865e-01 -7.626991484060199888e-02 -3.518025469951049922e-02 -6.150661994125133231e-02 -1.930291159783513733e-01 -8.983072678915154929e-02 -1.057278392732865085e-01 -1.736171204207589414e-01 -1.302905180361331183e-01 -7.414532250434237304e-02 -1.027777363463358296e-01 1.485576525260950409e-01 -6.053896623315998399e-02 -1.040049519331398969e-01 -1.034628529171533473e-01 -6.025298277639076772e-02 -8.540699195417690570e-02 1.015789705866192985e-03 -1.380672653490188362e-01 1.804834321159457661e-02 -1.712146598948203688e-02 -5.507090974935733435e-02 -1.455021746131121563e-01 -1.088033545240434108e-01 -4.576943843390891137e-02 -1.212670491575089382e-01 2.954206907948667485e-02 -1.838587638313686490e-01 1.626260335978946536e-01 -1.668324590817140685e-01 -6.058504737774332571e-02 -1.227391478253775890e-02 -8.980253361053060213e-02
-9.301436467787324580e-02 -1.376445972877897994e-01 5.560607221632225816e-02 1.257314457860976217e-02 -2.583134690765858527e-02 7.883663816449419659e-02 1.528835905124954937e-02 -1.053689196723458926e-01 -1.159587340877703439e-02 -8.169560218872033708e-02 1.344999159702099656e-01 2.765558426003176737e-02 1.000000000000000000e+00 1.813302251489575523e-01 5.634926005387212722e-02 -1.762109432916535989e-01 -1.867554256543681457e-01 -5.834827589329786429e-02 -1.323518366854696815e-01 -3.067872284601542293e-02 1.404055587174817682e-02 -1.832909308214792088e-01 -1.801585117657610868e-01 -4.343759732313902389e-02 1.230386047153136791e-01 -3.469599544208981558e-03 1.386823083921961963e-02 3.220556994721214105e-03 -6.527428615660234301e-02 5.551686623228380135e-02 -3.037013340885650337e-01 -1.272431829839184847e-01 -2.298412480970400407e-01 -1.798909564752404766e-01 -5.716439873254511306e-02 -7.099655101197226148e-02 1.946038163619746506e-02 -7.375607346889616334e-02 8.246042979326302647e-02 -8.733361552425103090e-04 1.345887463210713175e-01 1.224220526294926281e-01 1.289482759876269258e-01 3.263075143089064906e-02 1.293969227521407084e-01 -5.774048647928286399e-02 -1.338947735833864450e-01 -3.400128201045633097e-02 1.873824576766705552e-02 3.239212175462003601e-02 3.802994647117876464e-02 8.338610963990675251e-02 -1.165991528774707325e-01 2.080435619584713319e-02 -6.428166760890345610e-02 6.540897335055589901e-02 2.112141022280994151e-01 1.002949221239983896e-01 1.072479920134551956e-01 1.386635900471723248e-01 1.227407288307710981e-01 1.096661379821138871e-01 9.185007581523942088e-02 4.441973363017573395e-02 3.061306305181444448e-02 -1.195380932358218740e-01 -1.302507965687771940e-01 -2.771505634676811325e-01 -1.018880192347126346e-01 1.381622201180862537e-05 -2.385313627627032307e-02 -2.012198386296265296e-01 -7.260348975474296973e-02 6.426260429188696000e-02 -2.879700656237055290e-02 1.348010462556621658e-02 -4.913251891003814209e-02 1.078530575353667947e-01 -6.756321982867163900e-02 -6.029938430102083080e-02 4.398189157613618255e-02 -1.640506215824278080e-01 -1.696295497035888444e-01 -1.364734941585417638e-01 -2.283844130427785668e-01 -8.904377581602379577e-02 6.673798502613691869e-03 -1.161036550627978364e-01 -1.195108000788319275e-01 -9.454261452844427149e-03 9.432291704457622383e-02 1.131975445995224427e-01 4.571809401729089173e-02 -3.498215073547215198e-02 -3.192002379038139659e-01 9.402423797402445493e-02 3.182954286381643738e-02 3.913394386363450855e-02 -3.501503757357423557e-02 1.245846455631589023e-01 9.101645647117385940e-02 5.388816838229070622e-02 1.751453859375160793e-01 3.615911322558360008e-02 3.700643562496925415e-02 -4.753138818216429834e-02 -1.433841710191140484e-01 3.041181576835385106e-02 1.286157562030599000e-01 8.986522660202359014e-02 6.301459330822363480e-02 7.603039251297952217e-02 2.791100938704768261e-02 -1.894707600844047768e-02 1.297417504706060987e-02
