1.000000000000000000e+00 0.000000000000000000e+00 0.000000000000000000e+00 7.720990197056720739e-02 6.732896266263421747e-02 -7.148670682798241756e-03 5.200390194362599500e-02 7.720099381660500137e-02 0.000000000000000000e+00 0.000000000000000000e+00 9.250250660541396719e-02 2.987222182363050843e-02 5.587120307524977292e-02 -1.649791129236541712e-02 3.800460609430133391e-02 9.932917399363938582e-02 0.000000000000000000e+00 1.447653873922753187e-01 1.065362980435491380e-01 -2.185895901352589293e-02 6.863328402189210198e-02 1.230828645830629176e-01 0.000000000000000000e+00 6.965886064145665468e-02 4.803260194721503673e-02 0.000000000000000000e+00 0.000000000000000000e+00 1.236621964915301936e-01 0.000000000000000000e+00 0.000000000000000000e+00 0.000000000000000000e+00 1.397122450787288417e-01 1.247571229914820612e-01 0.000000000000000000e+00 0.000000000000000000e+00 1.104898330315331467e-01 0.000000000000000000e+00 0.000000000000000000e+00 0.000000000000000000e+00 -4.577091162332330709e-02 9.974811051967164000e-02 -1.057566501028937671e-02 -2.386493008979204480e-02 1.309199835901110609e-01 1.316135604369060297e-01 1.395961767254963459e-01 4.380212024993278969e-02 0.000000000000000000e+00 0.000000000000000000e+00 0.000000000000000000e+00 0.000000000000000000e+00 3.767855291003206070e-02 0.000000000000000000e+00 0.000000000000000000e+00 0.000000000000000000e+00 0.000000000000000000e+00 0.000000000000000000e+00 8.331346993226765307e-02 1.036729964447106744e-01 0.000000000000000000e+00 2.931836104446027338e-02 0.000000000000000000e+00 0.000000000000000000e+00 0.000000000000000000e+00 0.000000000000000000e+00 0.000000000000000000e+00 0.000000000000000000e+00 0.000000000000000000e+00 0.000000000000000000e+00 2.260538186558184309e-02 1.206506155427840982e-01 1.382710867125127585e-01 1.110056863282455342e-01 4.834614295407965029e-02 0.000000000000000000e+00 0.000000000000000000e+00 1.121504974579786984e-01 0.000000000000000000e+00 1.339698334477703590e-01 0.000000000000000000e+00 0.000000000000000000e+00 0.000000000000000000e+00 0.000000000000000000e+00 0.000000000000000000e+00 1.248182967629097168e-01 0.000000000000000000e+00 8.419636342465464107e-02 1.393214295355428289e-01 0.000000000000000000e+00 0.000000000000000000e+00 3.282055685278160301e-02 3.942430223544564349e-02 0.000000000000000000e+00 1.055056655093919576e-01 7.110905115687438105e-02 0.000000000000000000e+00 1.375113113928395914e-01 0.000000000000000000e+00 8.066081575638070489e-02 1.061929647073842770e-01 5.253396917627982735e-03 0.000000000000000000e+00 0.000000000000000000e+00 1.371163518434415085e-01 1.462530531104055675e-01 0.000000000000000000e+00 0.000000000000000000e+00 0.000000000000000000e+00 0.000000000000000000e+00 0.000000000000000000e+00 0.000000000000000000e+00 0.000000000000000000e+00 0.000000000000000000e+00 0.000000000000000000e+00 0.000000000000000000e+00 0.000000000000000000e+00
0.000000000000000000e+00 1.000000000000000000e+00 7.413468913200374488e-02 -2.900158111609763348e-02 7.269232048886417955e-03 -1.860091190966114971e-02 -1.102749399149985897e-02 -3.691772347475453381e-02 1.304794650511998388e-01 0.000000000000000000e+00 2.993480575365463706e-02 -3.234832052755678283e-02 1.743200627532289979e-02 -4.598218897434605545e-02 2.699680747996895634e-03 -2.105437667965863111e-02 9.853409564355743167e-02 1.719435814216447450e-02 8.783890013209706693e-02 -9.609690758449790371e-02 -2.102191497420282870e-02 -2.504319732852936398e-03 7.316220384389041098e-02 1.176956335848475081e-02 5.662754581054506471e-03 0.000000000000000000e+00 1.016506272263764388e-01 0.000000000000000000e+00 0.000000000000000000e+00 0.000000000000000000e+00 0.000000000000000000e+00 9.802765240658682655e-02 0.000000000000000000e+00 1.306358846808678420e-01 0.000000000000000000e+00 5.248139394315372297e-02 0.000000000000000000e+00 1.206937829980916088e-01 1.377948460563066246e-01 1.739317123428615539e-02 8.754240415808532683e-02 1.621754366729001931e-02 -6.637350889646326246e-02 2.494104849768020299e-02 3.548922040246864362e-02 1.101688226990467229e-01 2.562195030205507984e-02 6.830752901160659640e-02 2.518500516443434104e-02 6.705271385075460555e-02 4.855643253480355220e-02 -7.017830889863053978e-02 -5.306970193070471159e-02 4.255131004390994703e-02 -1.959360663388016663e-03 9.772645598090018426e-02 -2.244989826384421669e-02 -1.208856578451010799e-01 -9.164464958076853907e-02 -1.506851036511856756e-02 -1.147582638513127418e-01 -5.906794406846281598e-02 -6.280295227807269898e-02 1.036727646855612611e-02 1.234615067522614427e-02 5.155599502116287427e-04 9.564593741618297729e-02 4.070702573097585708e-02 5.708577930540021522e-02 -9.414664510565960709e-02 2.077213589866211060e-02 6.670964741491794414e-02 -8.572410797383616526e-03 -1.000658485259006344e-02 0.000000000000000000e+00 0.000000000000000000e+00 0.000000000000000000e+00 1.398627449456849858e-01 1.345469007282891483e-01 0.000000000000000000e+00 0.000000000000000000e+00 0.000000000000000000e+00 1.206509837389919959e-01 0.000000000000000000e+00 9.307343239526023881e-02 1.063815213796000109e-01 9.368107435072303701e-02 1.352795232805913128e-01 0.000000000000000000e+00 9.510783170803359388e-02 9.431349060799765205e-02 6.367824810886908715e-02 7.059763107964857343e-02 1.009704570696129816e-01 4.436463107954391472e-02 1.018320523038475645e-01 -4.774664647842316589e-02 3.422055121055332660e-02 -3.671061392895050984e-02 6.288132277613490972e-02 -3.153164079439722822e-02 -1.813069406387859267e-02 1.368668195693029457e-02 -3.787811878305235441e-02 -2.540634978064078894e-03 -9.908542552787643135e-03 5.266775721569354196e-02 9.699091286196590000e-02 6.866346669253597934e-02 -4.548880176022399718e-02 -6.276920538485453172e-02 -9.215611091629133389e-03 -3.315209031786421623e-02 6.210749213544645292e-02 5.147955199797920461e-02 1.105838822848618196e-02
0.000000000000000000e+00 7.413468913200374488e-02 1.000000000000000000e+00 0.000000000000000000e+00 3.774749185402508783e-02 3.761678248521466150e-02 1.155404156216463113e-01 1.320497832825723306e-01 1.155820807855598292e-01 6.425292038186973531e-02 6.381522383376504737e-02 1.449955680504720623e-01 5.329647943471230859e-02 -2.576453947485508184e-02 7.540830725307814952e-02 1.185327723376260051e-01 4.926364009015642142e-02 1.269660600655503901e-01 1.209046105625592310e-01 8.559373634992209490e-02 1.148619779815132219e-01 0.000000000000000000e+00 0.000000000000000000e+00 1.157249410069063206e-01 1.300877249574799721e-01 0.000000000000000000e+00 0.000000000000000000e+00 0.000000000000000000e+00 0.000000000000000000e+00 0.000000000000000000e+00 0.000000000000000000e+00 0.000000000000000000e+00 1.276766172076855554e-01 1.407295704585725393e-01 9.433080797077493529e-02 1.227741549078052025e-01 1.226647125399372013e-01 1.287552397445958785e-01 0.000000000000000000e+00 8.603624377099539089e-02 1.244822842804007845e-01 8.087387175451320187e-02 8.388650559401698847e-02 0.000000000000000000e+00 0.000000000000000000e+00 1.397950031966574413e-01 6.531819702247933235e-02 7.780242535393611103e-02 6.971250920182443800e-02 1.413520453845969749e-01 0.000000000000000000e+00 8.317184443002316463e-02 1.095342505215167322e-01 6.524962497245316573e-02 8.300390355145770283e-02 1.192505787966731678e-01 1.427459906264175460e-01 9.839206058920930975e-02 8.859449330090671260e-02 9.285929822246800913e-02 7.442910992321519204e-02 1.199050358189278770e-01 1.300235170404042129e-01 0.000000000000000000e+00 1.216471094344009352e-01 1.267381320897975616e-01 5.203972503608125799e-02 0.000000000000000000e+00 1.374440373849899755e-01 1.108650362943720685e-01 0.000000000000000000e+00 0.000000000000000000e+00 0.000000000000000000e+00 1.320290332284980439e-01 0.000000000000000000e+00 1.382300216225330336e-01 1.246095498714589050e-01 0.000000000000000000e+00 0.000000000000000000e+00 1.425373453881792207e-01 0.000000000000000000e+00 0.000000000000000000e+00 0.000000000000000000e+00 1.193148695732122178e-01 1.400881005149202940e-01 1.361332136473504262e-01 1.344048207092908009e-01 1.458454793617990075e-01 0.000000000000000000e+00 1.417569108481867568e-01 1.230849347369403074e-01 1.213646393521293915e-01 0.000000000000000000e+00 1.286595562811299331e-01 8.322801507920740693e-02 6.633213967550187495e-02 9.816527356218797407e-02 1.257241157894283534e-01 1.006294817795360119e-01 0.000000000000000000e+00 9.904946932735693432e-02 1.328256506429289219e-01 9.826834702054967896e-02 0.000000000000000000e+00 0.000000000000000000e+00 1.020966782250599808e-01 8.381490464035426524e-02 4.151639500308189346e-02 9.309564426601185660e-02 1.189299916024818965e-01 0.000000000000000000e+00 1.098176270052990400e-01 1.400801197363443218e-01 1.401559144204776730e-01 1.416177045131592205e-01 1.330325586862107501e-01
7.720990197056720739e-02 -2.900158111609763348e-02 0.000000000000000000e+00 1.000000000000000000e+00 0.000000000000000000e+00 1.063908954468300860e-01 0.000000000000000000e+00 0.000000000000000000e+00 3.420810143399133363e-02 -3.413665976354427617e-02 0.000000000000000000e+00 0.000000000000000000e+00 0.000000000000000000e+00 1.784975337942955667e-02 0.000000000000000000e+00 0.000000000000000000e+00 3.410418990486508567e-02 0.000000000000000000e+00 7.545079384433114877e-02 0.000000000000000000e+00 0.000000000000000000e+00 0.000000000000000000e+00 1.438562383447479776e-01 0.000000000000000000e+00 0.000000000000000000e+00 1.317671328428519917e-01 0.000000000000000000e+00 1.200921392729619314e-01 0.000000000000000000e+00 -1.735792954696623730e-02 8.624664570724918655e-02 1.126350282472545067e-01 4.282314677440778039e-02 0.000000000000000000e+00 -3.143014153176068581e-02 0.000000000000000000e+00 9.270450487095624470e-02 1.129806970948678269e-01 0.000000000000000000e+00 1.213554052348372325e-01 8.962362179670027573e-02 1.328907148132019989e-01 0.000000000000000000e+00 0.000000000000000000e+00 0.000000000000000000e+00 1.084229943707331889e-01 8.096781677557667034e-02 -6.777196095154533473e-02 9.152498763902014445e-02 0.000000000000000000e+00 0.000000000000000000e+00 0.000000000000000000e+00 0.000000000000000000e+00 -1.218307072380956230e-01 -2.085466541329550338e-02 -2.574552856238367798e-02 1.370881569754565654e-01 7.756606605985626179e-02 9.935532312132015764e-02 9.648078461861828159e-02 0.000000000000000000e+00 1.179462385513162515e-01 0.000000000000000000e+00 0.000000000000000000e+00 0.000000000000000000e+00 0.000000000000000000e+00 -6.327707512032368885e-03 0.000000000000000000e+00 1.419830240277887567e-01 0.000000000000000000e+00 0.000000000000000000e+00 0.000000000000000000e+00 0.000000000000000000e+00 0.000000000000000000e+00 1.173050195327643708e-01 1.283871578122959267e-01 1.330742060731323062e-01 0.000000000000000000e+00 0.000000000000000000e+00 5.559601776642641643e-03 9.249210432065720078e-02 6.059864886630646208e-02 0.000000000000000000e+00 -1.642133943497217988e-02 0.000000000000000000e+00 1.199501251553063003e-01 0.000000000000000000e+00 1.224376444214469450e-01 1.234997183437600010e-01 7.869923718548456348e-02 0.000000000000000000e+00 0.000000000000000000e+00 0.000000000000000000e+00 1.459157535690337459e-01 1.092274665759761232e-01 -6.885371150288289999e-02 0.000000000000000000e+00 0.000000000000000000e+00 0.000000000000000000e+00 0.000000000000000000e+00 0.000000000000000000e+00 0.000000000000000000e+00 0.000000000000000000e+00 0.000000000000000000e+00 0.000000000000000000e+00 6.733517126646403061e-02 5.544740417441904046e-02 -1.308848983252572928e-01 -5.008174333958718971e-02 1.423385356687730807e-01 0.000000000000000000e+00 9.254322077759644105e-02 1.060522575595700956e-01 0.000000000000000000e+00 0.000000000000000000e+00 0.000000000000000000e+00
6.732896266263421747e-02 7.269232048886417955e-03 3.774749185402508783e-02 0.000000000000000000e+00 1.000000000000000000e+00 2.786117866382269593e-03 0.000000000000000000e+00 0.000000000000000000e+00 6.032595200270911284e-02 3.222288982854196876e-02 4.678304885163893367e-02 0.000000000000000000e+00 0.000000000000000000e+00 -7.043476034127530566e-03 0.000000000000000000e+00 0.000000000000000000e+00 4.436682052481590727e-02 -3.655009893849422292e-02 -7.268509730590722029e-02 9.803189605917891902e-02 9.774639820414042501e-02 1.080134761945507338e-01 -6.251557525011043615e-02 -6.191236239215750642e-02 -7.348529106291672858e-03 3.329684227878384334e-02 3.225804631371261694e-02 -2.710337690998290694e-02 1.009439834731995847e-02 -3.108152453886875791e-02 4.550839829493657021e-03 -6.556283466234519297e-02 -1.085850650124191852e-01 -6.820325876197286252e-02 -8.594121041758892576e-02 1.276905038814231180e-03 -4.676826453075109968e-02 -6.781030604271442996e-02 -9.857022115560378980e-03 -9.081766084634949887e-02 -4.371159351471740062e-02 -7.871524560029178816e-03 9.036771511844324256e-02 1.043483055334186727e-01 2.740936348826144425e-02 -2.119795319005104636e-02 2.049690614599338628e-02 -6.033249640032714578e-02 7.906096508301183046e-02 6.088982993162514457e-02 5.579794798000482781e-02 0.000000000000000000e+00 1.289778165202041527e-01 -7.260905195907287057e-02 -9.495693450708939110e-02 -9.345505711092107204e-02 2.680193454855828161e-02 5.348456765447207051e-02 -1.223123924759688362e-02 0.000000000000000000e+00 0.000000000000000000e+00 4.525585084831572347e-02 6.396775319940237181e-02 1.162048530311457217e-01 1.002716638715291514e-01 1.324471779339526922e-01 -1.613428728874370666e-02 -5.324919989090905886e-02 -1.681370956896845528e-02 1.202836824779343339e-01 7.825453951313948719e-02 4.489646458371030630e-02 -4.256714163027206649e-02 -4.250585576912994934e-02 3.356143586116181604e-02 1.127631718782087095e-02 -2.454361627558077075e-02 1.747006988197389796e-02 2.646507362994135124e-02 -2.443282948882943492e-02 -3.302816551843704151e-02 4.485866389626260581e-02 -4.287659025734148754e-02 -8.802137471993178031e-02 -4.140060517704391430e-02 -7.055758919032274756e-02 -4.791136435741889105e-02 -5.419823112666904280e-02 -3.920560815421004347e-02 -4.606601504682313747e-02 -6.898175362712376246e-02 -1.313587211297373609e-02 5.352513451827268370e-02 1.344842577115083065e-02 6.726705569801870455e-02 -5.618114523206178823e-02 5.846625776155504189e-02 1.016092709710694347e-01 0.000000000000000000e+00 3.443438493097283198e-02 1.095265321226042976e-01 5.975970335391506127e-02 0.000000000000000000e+00 0.000000000000000000e+00 0.000000000000000000e+00 4.478882143024614376e-02 6.384579433014628269e-02 -5.181225282200484922e-02 -5.001392262267998629e-02 8.957253587592402255e-02 7.947369927896774308e-03 0.000000000000000000e+00 4.345774440141728784e-02 0.000000000000000000e+00 8.340465224065611582e-02 1.368154559022670136e-01
-7.148670682798241756e-03 -1.860091190966114971e-02 3.761678248521466150e-02 1.063908954468300860e-01 2.786117866382269593e-03 1.000000000000000000e+00 1.211073207056519579e-01 4.202317431033194411e-02 -2.714675672388545263e-02 -3.243797118836775489e-02 -7.822333169923000040e-03 1.170058231194667786e-01 -4.439560314148690082e-03 -4.844804758191702428e-03 5.269118199156039295e-02 5.838169797760293933e-02 1.878492287965318613e-02 7.299255793557694882e-02 8.345551964018659008e-02 1.177530292681738811e-01 1.310344594744526636e-01 1.337624687688944436e-01 4.999061687882094124e-02 9.112196582290035818e-02 1.210670347182111334e-01 2.564059381430202483e-02 4.692284114611185164e-02 4.619018388709238837e-02 5.968468037810035348e-02 -5.210828643786781511e-02 -1.764916480340421312e-02 4.840729711468008678e-02 1.491848412320652753e-02 4.786301505724807615e-02 -6.950558913960742935e-03 9.263226921480603726e-02 1.972852584649809060e-02 2.040732558610985903e-02 6.747353399997817192e-02 1.023308075446029142e-01 5.916996681859962998e-02 6.337930680936738892e-02 1.228762744521901262e-01 9.870804240875936941e-02 9.713279011507783278e-02 4.869758769291804290e-02 -1.595382959443837536e-03 -5.407525071737392247e-02 -1.836550009900961289e-02 4.747911370240992524e-02 8.381484909048375620e-02 6.764497790937663846e-02 6.779805840955750729e-02 -4.571146666260816893e-02 1.669826986347479683e-02 2.849715626794873877e-02 2.568041766528364120e-02 7.165981036132078319e-03 4.991745330005689651e-02 -5.926083881909501722e-02 6.076718553535503942e-02 8.507924112787057513e-03 8.382390481447410391e-02 3.392585611625856951e-02 5.804806627065181059e-03 -8.381313053064979104e-03 -4.824609243968867867e-02 8.614241504950635731e-02 4.389079766927243137e-02 1.365112131251546568e-01 1.217711383261380897e-01 1.017936581393961148e-01 9.864862432729019914e-02 9.510481809177567802e-02 1.403799972453570813e-02 6.749056957707710858e-02 7.486805214276717746e-02 6.260319112924167539e-02 6.510529722908071915e-02 -3.189270887707856827e-02 2.329085850467207258e-02 -1.431728559083274809e-02 3.419626670784210037e-02 -1.579217986021444822e-02 8.693773747899895266e-02 2.291299958110657939e-02 6.540661447187498534e-02 5.030617771465258764e-02 2.784249748138669517e-02 3.257841449994491878e-02 9.336575926278034565e-02 7.967881435040964633e-02 7.528427679297036712e-02 6.141496719783538089e-02 5.876388908463540950e-02 -3.571267308659202555e-02 9.362809113919895454e-02 2.760504859573321979e-02 1.087588733215344994e-01 1.088736653756181838e-01 0.000000000000000000e+00 6.167957656984300596e-02 3.095340440752439304e-02 9.227536798529141493e-02 7.595652147972881130e-02 -1.169805929997337103e-02 -3.392804551208099262e-02 -5.541933517420626065e-02 -1.769344765860306895e-02 4.021749953742268999e-03 5.213561808246957446e-02 -1.840124433351039701e-02 -2.966188739202560085e-03 3.584049171332957806e-02 2.479529628922837528e-02 -1.050176370534687716e-02
5.200390194362599500e-02 -1.102749399149985897e-02 1.155404156216463113e-01 0.000000000000000000e+00 0.000000000000000000e+00 1.211073207056519579e-01 1.000000000000000000e+00 0.000000000000000000e+00 -1.304617543685152557e-02 2.583395631231292372e-02 1.148857577944428776e-01 0.000000000000000000e+00 1.187546256888978441e-01 6.571353399803214757e-02 0.000000000000000000e+00 0.000000000000000000e+00 -2.572404508233202408e-02 1.231430220135705106e-01 3.275456307209647505e-02 0.000000000000000000e+00 0.000000000000000000e+00 0.000000000000000000e+00 8.289427041559264964e-02 6.475872830333197216e-02 1.407381525756305485e-01 1.350509847644985606e-01 1.344060279197763219e-01 0.000000000000000000e+00 9.925471841446315002e-02 -1.114116165441226131e-01 5.592469399621670390e-02 7.394942512975467841e-02 4.768336267820109942e-02 6.627707471895000202e-02 -7.874558441534977582e-02 0.000000000000000000e+00 3.056275968029353862e-02 1.194747949683373500e-01 0.000000000000000000e+00 1.403146020828817120e-01 1.318778795711801344e-01 0.000000000000000000e+00 0.000000000000000000e+00 0.000000000000000000e+00 0.000000000000000000e+00 1.383679937445653207e-01 6.461300714961261404e-02 -6.450162194948776129e-02 5.776581588186534277e-02 0.000000000000000000e+00 0.000000000000000000e+00 0.000000000000000000e+00 0.000000000000000000e+00 -7.636134074900627344e-02 -1.144850325405669111e-02 -8.272277953533642425e-03 8.200093715686841700e-02 7.932290141333100952e-02 7.968810287065827835e-02 5.581883138292015323e-02 0.000000000000000000e+00 4.606198424684925657e-02 1.360289883969346414e-01 1.289446610000330451e-01 7.900349290568453586e-02 1.081950660574225731e-01 -1.455951494207266203e-02 9.852417554161227442e-02 7.349605920640001067e-02 0.000000000000000000e+00 0.000000000000000000e+00 0.000000000000000000e+00 1.186513450479875914e-01 7.990966411904693034e-02 0.000000000000000000e+00 0.000000000000000000e+00 0.000000000000000000e+00 1.126762570286320292e-01 0.000000000000000000e+00 -8.498741037052021108e-02 -1.091870417831608065e-03 6.026897600345458572e-02 7.770470121751471559e-02 -2.592183769761412584e-02 1.449836934495762342e-01 2.880074968323361947e-02 4.811951309229615253e-02 1.295910326048317351e-01 1.423570557554871552e-01 6.891599395866969402e-02 0.000000000000000000e+00 0.000000000000000000e+00 0.000000000000000000e+00 0.000000000000000000e+00 4.996332880171628493e-02 -5.519425317458294400e-02 0.000000000000000000e+00 1.378571124212017440e-01 0.000000000000000000e+00 0.000000000000000000e+00 0.000000000000000000e+00 1.200852209691902900e-01 0.000000000000000000e+00 0.000000000000000000e+00 0.000000000000000000e+00 6.252921922109198893e-02 -6.553346003257571120e-03 -3.453484080217291557e-02 5.653841817264560615e-02 0.000000000000000000e+00 0.000000000000000000e+00 4.869444118074267580e-02 5.000311296772849690e-02 0.000000000000000000e+00 1.265605124316490915e-01 1.034714222772819547e-01
7.720099381660500137e-02 -3.691772347475453381e-02 1.320497832825723306e-01 0.000000000000000000e+00 0.000000000000000000e+00 4.202317431033194411e-02 0.000000000000000000e+00 1.000000000000000000e+00 2.279953785502366465e-02 -2.263753672560359434e-02 1.271576184581600932e-01 0.000000000000000000e+00 0.000000000000000000e+00 5.049354482643293035e-02 0.000000000000000000e+00 0.000000000000000000e+00 -4.143060745304068260e-02 8.413025727961849498e-02 -1.121576523829975400e-02 0.000000000000000000e+00 0.000000000000000000e+00 0.000000000000000000e+00 3.042874575291687825e-02 4.177759115257445588e-02 8.875233094097134678e-02 7.503393686659418083e-02 1.110396982274034910e-01 4.081909059062610590e-02 1.123222846867815566e-01 -7.043391026624229445e-02 1.643350463776536638e-02 3.763659936742650564e-02 -2.957868017300328140e-02 5.329634301885143033e-02 -8.789727092438096023e-02 0.000000000000000000e+00 2.543531780436988389e-03 1.012474109301561842e-01 1.167024454031582031e-01 7.751420537632276730e-02 1.659023551203412869e-02 9.483382022733316541e-02 0.000000000000000000e+00 0.000000000000000000e+00 0.000000000000000000e+00 9.761131801468134195e-02 1.129541985804843607e-01 -6.240907470902543053e-02 1.436210611221451772e-01 0.000000000000000000e+00 0.000000000000000000e+00 0.000000000000000000e+00 0.000000000000000000e+00 -8.575566291605365987e-02 1.683213095084770683e-02 -4.414697902949778902e-02 0.000000000000000000e+00 0.000000000000000000e+00 0.000000000000000000e+00 0.000000000000000000e+00 0.000000000000000000e+00 0.000000000000000000e+00 0.000000000000000000e+00 0.000000000000000000e+00 0.000000000000000000e+00 0.000000000000000000e+00 -3.404529681298653493e-02 5.303195010040944596e-02 6.741684507038064877e-02 0.000000000000000000e+00 0.000000000000000000e+00 0.000000000000000000e+00 1.081766334817108599e-01 4.573133788002891470e-02 7.961397783524903904e-02 5.456617270320839042e-02 6.023485702552560522e-02 1.205892102704845537e-01 0.000000000000000000e+00 -6.837284080136619979e-02 -1.992397068133002630e-02 2.548507636015536273e-02 5.810491992788200527e-02 -7.848151992841824465e-02 7.368798911962289033e-02 3.402025790888876106e-02 2.561293036337157492e-02 7.355420328309505984e-02 6.299508026838895880e-02 1.277625655227152511e-02 7.659189659680047668e-02 1.162194525706361364e-01 0.000000000000000000e+00 1.175888566438228616e-01 9.712944580220829460e-02 -5.786876554135198664e-02 0.000000000000000000e+00 0.000000000000000000e+00 0.000000000000000000e+00 0.000000000000000000e+00 0.000000000000000000e+00 0.000000000000000000e+00 0.000000000000000000e+00 0.000000000000000000e+00 0.000000000000000000e+00 1.144863280900118296e-01 9.937760535114731342e-02 -1.190833673414845723e-01 -2.787043914896857391e-02 0.000000000000000000e+00 0.000000000000000000e+00 1.259302073507518327e-01 0.000000000000000000e+00 0.000000000000000000e+00 1.292698896710721690e-01 0.000000000000000000e+00
0.000000000000000000e+00 1.304794650511998388e-01 1.155820807855598292e-01 3.420810143399133363e-02 6.032595200270911284e-02 -2.714675672388545263e-02 -1.304617543685152557e-02 2.279953785502366465e-02 1.000000000000000000e+00 0.000000000000000000e+00 6.306496419704261946e-02 4.353415540939218134e-03 7.315920071500350841e-02 1.229131292109844620e-02 -8.842169730289202792e-03 6.892599431223732365e-02 0.000000000000000000e+00 6.162604415350154963e-02 9.335494103727140502e-02 -7.390086138250506753e-02 1.870697078295501664e-02 5.531137054147652887e-02 8.192347761204936407e-02 -7.173465871181221309e-03 -3.725788381489235357e-02 0.000000000000000000e+00 1.066091177647104787e-01 4.177634712601977635e-02 1.299173801204337453e-01 0.000000000000000000e+00 0.000000000000000000e+00 6.994352363211626955e-02 7.543267953092368250e-02 8.933162982866048318e-02 0.000000000000000000e+00 4.799285476314237714e-02 1.022543623675558483e-01 8.823918835625346735e-02 8.409365714530191160e-02 -1.073773262351698649e-01 2.620567940638656237e-02 -8.151405071422167248e-02 -1.113915692628853066e-01 9.578217088847468252e-02 3.974248994061955337e-02 3.689628479239562275e-02 8.521855189308925882e-02 0.000000000000000000e+00 0.000000000000000000e+00 1.391957335013968289e-01 1.175625908714399148e-01 4.471987679854504474e-03 1.305026637956330227e-01 0.000000000000000000e+00 0.000000000000000000e+00 1.319688847255883757e-01 0.000000000000000000e+00 1.042526518830378945e-01 9.143320773021244852e-02 0.000000000000000000e+00 4.152091628838593118e-02 0.000000000000000000e+00 1.437223005685889510e-01 0.000000000000000000e+00 0.000000000000000000e+00 0.000000000000000000e+00 0.000000000000000000e+00 7.141990480492430016e-02 7.046860086812731239e-02 -4.729281443940951124e-02 5.328308833700454161e-02 5.348666799174903175e-02 9.266033496929922467e-03 -1.997715864474387468e-02 0.000000000000000000e+00 1.023374486905200692e-01 3.143595766165389188e-02 9.683975931238220092e-02 6.891966986311393040e-02 0.000000000000000000e+00 0.000000000000000000e+00 0.000000000000000000e+00 0.000000000000000000e+00 0.000000000000000000e+00 2.713778247332867752e-02 9.036742520979841597e-02 2.868723779154912917e-02 4.725791278173940846e-02 7.611863968937410130e-02 1.337720660327514355e-01 -4.424020176308887664e-02 -5.287208045156800706e-02 4.468414051484501798e-02 3.220561348372815574e-02 1.010757599786736155e-01 0.000000000000000000e+00 3.260449062015889632e-02 0.000000000000000000e+00 1.278599812321715851e-02 1.315631066284678359e-02 -9.587491062061551106e-02 0.000000000000000000e+00 1.442466910897245158e-01 5.913006073820787495e-02 1.172639928072516519e-01 0.000000000000000000e+00 0.000000000000000000e+00 0.000000000000000000e+00 1.322079441165889824e-01 0.000000000000000000e+00 5.944869875671273535e-02 0.000000000000000000e+00 0.000000000000000000e+00 0.000000000000000000e+00 0.000000000000000000e+00 0.000000000000000000e+00
0.000000000000000000e+00 0.000000000000000000e+00 6.425292038186973531e-02 -3.413665976354427617e-02 3.222288982854196876e-02 -3.243797118836775489e-02 2.583395631231292372e-02 -2.263753672560359434e-02 0.000000000000000000e+00 1.000000000000000000e+00 5.675751118267938211e-02 -3.804359221442448619e-02 1.048191685713586790e-03 1.043981376801987430e-02 4.471416188909320411e-02 -6.183114520715420406e-03 7.190099407645150764e-02 6.515416582298634574e-02 1.042573003602868947e-01 -1.017226187619090783e-01 -5.288181925462924482e-02 1.857479601066977862e-02 1.350464199666859266e-01 6.053698029873628983e-02 3.586166215655850475e-02 0.000000000000000000e+00 1.384570372949993078e-01 0.000000000000000000e+00 0.000000000000000000e+00 0.000000000000000000e+00 0.000000000000000000e+00 0.000000000000000000e+00 0.000000000000000000e+00 0.000000000000000000e+00 0.000000000000000000e+00 7.338078849041097806e-02 0.000000000000000000e+00 0.000000000000000000e+00 0.000000000000000000e+00 8.961141774204488264e-02 0.000000000000000000e+00 9.223176626653407928e-02 3.644304924703471033e-03 6.761704821480683802e-02 8.870538163085740779e-02 0.000000000000000000e+00 6.444904995558957406e-02 0.000000000000000000e+00 5.869817940730610167e-02 8.235046785504054889e-02 1.260968659410914017e-01 -7.706366610721812616e-02 -4.150334072527560314e-02 0.000000000000000000e+00 1.350888328475341738e-01 0.000000000000000000e+00 6.661970951263238017e-02 9.843354851540895428e-03 3.203582311565181251e-02 3.128289345197286103e-02 -5.238642301514862681e-02 3.475187770007619192e-02 1.841895682572608148e-02 5.249517336478648488e-02 2.217354690038828013e-02 4.576572398978687867e-02 8.937237651617901957e-02 1.024135201512884341e-01 1.066099218278152572e-01 -9.454196608153547787e-02 1.919522782608153177e-02 7.149274893354379268e-02 5.651983431435139010e-02 2.169554205883674619e-02 0.000000000000000000e+00 1.443104986927712108e-01 0.000000000000000000e+00 1.453795760035626050e-01 0.000000000000000000e+00 0.000000000000000000e+00 0.000000000000000000e+00 0.000000000000000000e+00 0.000000000000000000e+00 0.000000000000000000e+00 1.289076130202535531e-01 1.387226214628291265e-01 1.010919221606501328e-01 0.000000000000000000e+00 0.000000000000000000e+00 0.000000000000000000e+00 0.000000000000000000e+00 9.638829661977914298e-02 1.261124546039498195e-01 0.000000000000000000e+00 6.216347982417264051e-02 1.309860313261335119e-01 2.484542539707114894e-04 1.598261761025346686e-02 -3.401685955932771260e-02 8.275885620825766675e-02 1.635662642702684355e-02 3.396266200952739733e-02 7.679287324942134750e-04 -2.510171941209001292e-02 -1.084525709727398105e-02 3.749842919963373294e-02 5.086057736846710114e-02 0.000000000000000000e+00 0.000000000000000000e+00 3.171202596561856473e-03 4.474173607675899743e-03 3.122765822301422703e-02 6.391203000761977449e-02 3.081304655164315495e-02 4.830443143761812413e-02 4.389370408391720518e-02
9.250250660541396719e-02 2.993480575365463706e-02 6.381522383376504737e-02 0.000000000000000000e+00 4.678304885163893367e-02 -7.822333169923000040e-03 1.148857577944428776e-01 1.271576184581600932e-01 6.306496419704261946e-02 5.675751118267938211e-02 1.000000000000000000e+00 0.000000000000000000e+00 3.617360271483225503e-02 6.675967062878805647e-02 1.263996479384076332e-01 1.106649635817141125e-01 6.852845530098242155e-02 0.000000000000000000e+00 0.000000000000000000e+00 3.916197406257463515e-02 0.000000000000000000e+00 0.000000000000000000e+00 0.000000000000000000e+00 0.000000000000000000e+00 0.000000000000000000e+00 0.000000000000000000e+00 0.000000000000000000e+00 0.000000000000000000e+00 0.000000000000000000e+00 0.000000000000000000e+00 0.000000000000000000e+00 0.000000000000000000e+00 0.000000000000000000e+00 0.000000000000000000e+00 0.000000000000000000e+00 0.000000000000000000e+00 0.000000000000000000e+00 0.000000000000000000e+00 0.000000000000000000e+00 0.000000000000000000e+00 0.000000000000000000e+00 0.000000000000000000e+00 0.000000000000000000e+00 0.000000000000000000e+00 0.000000000000000000e+00 0.000000000000000000e+00 3.929499989734955984e-02 4.839541842379767311e-02 6.251919630625364654e-02 0.000000000000000000e+00 0.000000000000000000e+00 1.041675111113962576e-01 8.995728844995436180e-02 5.113208801643059215e-02 1.101808830413409518e-01 0.000000000000000000e+00 1.312459761125893132e-01 6.721809759684171937e-02 8.673165630336135412e-02 5.154594044698487115e-02 8.133105075972832387e-02 6.916352815753760985e-02 0.000000000000000000e+00 1.074183384674174541e-01 1.228449537189581775e-01 1.119373450642310724e-01 5.212007799140677688e-02 0.000000000000000000e+00 0.000000000000000000e+00 8.533448727772391385e-02 0.000000000000000000e+00 0.000000000000000000e+00 0.000000000000000000e+00 0.000000000000000000e+00 0.000000000000000000e+00 0.000000000000000000e+00 0.000000000000000000e+00 0.000000000000000000e+00 0.000000000000000000e+00 0.000000000000000000e+00 0.000000000000000000e+00 0.000000000000000000e+00 0.000000000000000000e+00 0.000000000000000000e+00 0.000000000000000000e+00 0.000000000000000000e+00 0.000000000000000000e+00 0.000000000000000000e+00 0.000000000000000000e+00 0.000000000000000000e+00 0.000000000000000000e+00 0.000000000000000000e+00 0.000000000000000000e+00 0.000000000000000000e+00 7.728681670351188193e-02 4.706609168854195696e-02 0.000000000000000000e+00 1.042770111614490375e-01 1.176187348074729383e-01 0.000000000000000000e+00 0.000000000000000000e+00 1.423335842137763707e-01 1.061221390271342435e-01 0.000000000000000000e+00 0.000000000000000000e+00 6.167215787354454054e-02 2.209266727107628281e-02 8.915526183111112390e-02 1.293492399678256577e-01 1.011306871378697819e-01 0.000000000000000000e+00 4.431115440497771646e-02 8.673688560330891639e-02 1.287240906865059487e-01 1.212588704411069751e-01 8.602863967786961163e-02
2.987222182363050843e-02 -3.234832052755678283e-02 1.449955680504720623e-01 0.000000000000000000e+00 0.000000000000000000e+00 1.170058231194667786e-01 0.000000000000000000e+00 0.000000000000000000e+00 4.353415540939218134e-03 -3.804359221442448619e-02 0.000000000000000000e+00 1.000000000000000000e+00 0.000000000000000000e+00 3.759142348665583944e-02 0.000000000000000000e+00 0.000000000000000000e+00 1.980587036825409708e-02 1.213994680997063647e-01 4.545571902916145657e-02 0.000000000000000000e+00 0.000000000000000000e+00 0.000000000000000000e+00 9.294880286742318587e-02 0.000000000000000000e+00 0.000000000000000000e+00 3.314147319973028555e-02 1.010842417945550242e-01 3.806825668635145654e-02 1.037512193409637767e-01 -1.532511814035179311e-02 6.411094158515276420e-03 5.984712565891292524e-02 -2.649092926119017005e-02 1.046210261129519453e-01 -5.107100469957506772e-02 0.000000000000000000e+00 6.471136568083314666e-02 2.984082300102603585e-02 8.950867515031543653e-02 5.216860004683752938e-02 5.679197717242970289e-02 1.004033404492886000e-01 0.000000000000000000e+00 0.000000000000000000e+00 0.000000000000000000e+00 4.394681029444232057e-02 8.293091585961119561e-02 -9.517460456643148103e-02 1.293611621552784030e-01 0.000000000000000000e+00 0.000000000000000000e+00 0.000000000000000000e+00 0.000000000000000000e+00 -1.085149394659992161e-01 -8.190729000762907164e-02 -6.501663850726543958e-02 1.056379987437012363e-01 4.404778829155660963e-02 9.126941250942084694e-02 1.075867763301644187e-01 0.000000000000000000e+00 1.372569846192114862e-01 0.000000000000000000e+00 0.000000000000000000e+00 0.000000000000000000e+00 0.000000000000000000e+00 -1.416947264790879325e-02 1.101539590276985198e-01 1.359942237606698301e-01 0.000000000000000000e+00 0.000000000000000000e+00 0.000000000000000000e+00 0.000000000000000000e+00 0.000000000000000000e+00 5.098669696976977639e-02 4.856906652425268395e-02 4.449402182494788249e-02 9.371314456470603016e-02 0.000000000000000000e+00 -8.791308216670149986e-03 9.046562218915975284e-02 4.962514460497215174e-02 8.813049007004965241e-02 -6.284504389923729895e-02 1.012155464743107330e-01 8.157357582250819583e-02 1.166181715059579488e-01 4.677676630153870113e-02 6.211860149407231330e-02 6.805883529127467087e-03 7.811647556038758822e-02 8.340309032002925227e-02 0.000000000000000000e+00 1.107828069973300356e-01 1.174040558017269698e-01 -7.748440927272857992e-02 1.439516772388453603e-01 0.000000000000000000e+00 0.000000000000000000e+00 0.000000000000000000e+00 0.000000000000000000e+00 1.428118874255840942e-01 0.000000000000000000e+00 0.000000000000000000e+00 0.000000000000000000e+00 4.083461894218343852e-02 7.187534079122014086e-02 -1.376840056128815770e-01 -1.027838059281380167e-01 9.862103834719007645e-02 1.218100753976529560e-01 9.727710074850486055e-02 9.003830637480068899e-02 0.000000000000000000e+00 0.000000000000000000e+00 0.000000000000000000e+00
5.587120307524977292e-02 1.743200627532289979e-02 5.329647943471230859e-02 0.000000000000000000e+00 0.000000000000000000e+00 -4.439560314148690082e-03 1.187546256888978441e-01 0.000000000000000000e+00 7.315920071500350841e-02 1.048191685713586790e-03 3.617360271483225503e-02 0.000000000000000000e+00 1.000000000000000000e+00 -4.107533589266953306e-02 1.447286470294638916e-01 0.000000000000000000e+00 3.605346992234150904e-03 1.348883790729239751e-02 -3.412502314948311771e-02 1.095626468528026337e-01 1.223566947580913833e-01 1.205965528890487054e-01 -2.972154237971834714e-02 -1.533724355073026735e-02 1.405474257786978876e-02 -6.149018849505258691e-03 9.854158414464225108e-03 -5.321924096048563646e-02 1.065434509360670048e-03 -9.750317854568446921e-03 -2.711990969338413590e-02 -3.881454543399103646e-02 -9.050892206772574722e-02 -2.451387393853885974e-02 -4.548165336461174740e-02 2.382238252856468813e-02 -3.674572971037645686e-02 -4.627715914880287107e-02 -3.253994435047331824e-02 -7.875167469398668130e-02 -4.651058041389010550e-02 -2.814869529241898274e-02 6.354397588341642589e-02 7.243989011540380440e-02 1.376070411400512165e-02 -3.442082338975058220e-02 3.462699404272340242e-02 -4.093720723384191434e-02 6.716951043466833082e-02 3.959612712397472811e-02 2.318740619646895637e-02 1.403898629982957835e-01 1.020562714412269617e-01 -8.398274494310381533e-02 -8.772292984466875665e-02 -1.074606469502414063e-01 1.130165306123765215e-02 1.816620112210528062e-02 -1.403739464537656807e-02 1.264056713034465429e-01 0.000000000000000000e+00 3.572073772368624528e-02 4.734374595601730656e-02 6.775535278626843017e-02 1.237806593344307898e-01 9.874257338517045124e-02 9.466724614416159589e-03 -1.472289709055963659e-02 4.064853702029299493e-02 1.358187665922711562e-01 9.084946348990151355e-02 6.616364096893087576e-02 4.051895792262790764e-03 -3.579321227152307706e-03 -1.460338162769275749e-02 -2.387527635068796561e-02 -5.806567913421151889e-02 -1.283619290364930617e-02 2.580491312572578272e-02 -1.933971785285929640e-02 -2.404444641295601023e-02 1.448402326246273769e-02 -1.115019588789710990e-02 -6.943513739628379144e-02 -9.879476053489946730e-03 -1.620127426780636291e-03 -1.350541689649329725e-02 -5.795967191743103125e-02 -2.878949236517814453e-02 -7.325763975647031634e-02 -6.210421645787168182e-02 -3.852614800903639281e-02 4.278662536761553697e-02 -2.427327932260040649e-02 3.748943677745947278e-02 -6.145995248151239071e-02 5.840988510783578364e-02 1.154161221623592470e-01 0.000000000000000000e+00 4.656007951367144293e-02 9.548039235404860714e-02 5.024041335406522618e-02 1.312747569775615797e-01 0.000000000000000000e+00 1.358878330396892098e-01 1.097660175644416328e-02 6.422070870097960904e-02 -7.243528275824004381e-02 -9.112029238438437706e-02 5.791158134405229724e-02 -2.701007872059412807e-04 1.346106719863441603e-01 -1.103067032404977076e-02 1.409260264921376182e-01 1.061098153508411579e-01 1.069213004701581315e-01
